Sample,Learner,Weight
Sample 0,Time-MoE,0.5
Sample 0,Moirai,0.5
Sample 1,Time-MoE,0.5
Sample 1,Moirai,0.5
Sample 2,Time-MoE,0.5
Sample 2,Moirai,0.5
Sample 3,Time-MoE,0.5
Sample 3,Moirai,0.5
Sample 4,Time-MoE,0.5
Sample 4,Moirai,0.5
Sample 5,Time-MoE,0.5
Sample 5,Moirai,0.5
Sample 6,Time-MoE,0.5
Sample 6,Moirai,0.5
Sample 7,Time-MoE,0.5
Sample 7,Moirai,0.5
Sample 8,Time-MoE,0.5
Sample 8,Moirai,0.5
Sample 9,Time-MoE,0.5
Sample 9,Moirai,0.5
Sample 10,Time-MoE,0.5
Sample 10,Moirai,0.5
Sample 11,Time-MoE,0.5
Sample 11,Moirai,0.5
Sample 12,Time-MoE,0.5
Sample 12,Moirai,0.5
Sample 13,Time-MoE,0.5
Sample 13,Moirai,0.5
Sample 14,Time-MoE,0.5
Sample 14,Moirai,0.5
Sample 15,Time-MoE,0.5
Sample 15,Moirai,0.5
Sample 16,Time-MoE,0.5
Sample 16,Moirai,0.5
Sample 17,Time-MoE,0.5
Sample 17,Moirai,0.5
Sample 18,Time-MoE,0.5
Sample 18,Moirai,0.5
Sample 19,Time-MoE,0.5
Sample 19,Moirai,0.5
Sample 20,Time-MoE,0.5
Sample 20,Moirai,0.5
Sample 21,Time-MoE,0.5
Sample 21,Moirai,0.5
Sample 22,Time-MoE,0.5
Sample 22,Moirai,0.5
Sample 23,Time-MoE,0.5
Sample 23,Moirai,0.5
Sample 24,Time-MoE,0.5
Sample 24,Moirai,0.5
Sample 25,Time-MoE,0.5
Sample 25,Moirai,0.5
Sample 26,Time-MoE,0.5
Sample 26,Moirai,0.5
Sample 27,Time-MoE,0.5
Sample 27,Moirai,0.5
Sample 28,Time-MoE,0.5
Sample 28,Moirai,0.5
Sample 29,Time-MoE,0.5
Sample 29,Moirai,0.5
Sample 30,Time-MoE,0.5
Sample 30,Moirai,0.5
Sample 31,Time-MoE,0.5
Sample 31,Moirai,0.5
Sample 0,Timer,0.5
Sample 0,TimesFM,0.5
Sample 1,Moirai,0.500104546546936
Sample 1,TimesFM,0.49989545345306396
Sample 2,Time-MoE,0.5002143383026123
Sample 2,TimesFM,0.4997856616973877
Sample 3,Moirai,0.50010746717453
Sample 3,TimesFM,0.4998925030231476
Sample 4,Time-MoE,0.5003374814987183
Sample 4,TimesFM,0.4996625483036041
Sample 5,Moirai,0.5000940561294556
Sample 5,TimesFM,0.49990594387054443
Sample 6,Timer,0.5
Sample 6,TimesFM,0.5
Sample 7,Time-MoE,0.5009407997131348
Sample 7,TimesFM,0.4990592300891876
Sample 8,Timer,0.5
Sample 8,TimesFM,0.5
Sample 9,Moirai,0.5001173615455627
Sample 9,TimesFM,0.4998825788497925
Sample 10,Moirai,0.5000523924827576
Sample 10,TimesFM,0.49994760751724243
Sample 11,Timer,0.5
Sample 11,TimesFM,0.5
Sample 12,Timer,0.5
Sample 12,TimesFM,0.5
Sample 13,Moirai,0.5001195669174194
Sample 13,TimesFM,0.4998803734779358
Sample 14,Moirai,0.5000183582305908
Sample 14,TimesFM,0.4999816119670868
Sample 15,Time-MoE,0.5004376769065857
Sample 15,TimesFM,0.4995622932910919
Sample 16,Timer,0.5
Sample 16,TimesFM,0.5
Sample 17,Moirai,0.5001124143600464
Sample 17,TimesFM,0.4998875856399536
Sample 18,Time-MoE,0.500214695930481
Sample 18,TimesFM,0.49978530406951904
Sample 19,Moirai,0.500114917755127
Sample 19,TimesFM,0.49988508224487305
Sample 20,Moirai,0.5000733733177185
Sample 20,TimesFM,0.4999266564846039
Sample 21,Moirai,0.500100314617157
Sample 21,TimesFM,0.499899685382843
Sample 22,Timer,0.5
Sample 22,TimesFM,0.5
Sample 23,Time-MoE,0.5014467835426331
Sample 23,TimesFM,0.49855324625968933
Sample 24,Moirai,0.5000287294387817
Sample 24,TimesFM,0.49997127056121826
Sample 25,Moirai,0.5000991821289062
Sample 25,TimesFM,0.49990081787109375
Sample 26,Moirai,0.5000396370887756
Sample 26,TimesFM,0.499960333108902
Sample 27,Moirai,0.5001178979873657
Sample 27,TimesFM,0.4998820424079895
Sample 28,Time-MoE,0.501136839389801
Sample 28,TimesFM,0.498863160610199
Sample 29,Moirai,0.5001307129859924
Sample 29,TimesFM,0.49986934661865234
Sample 30,Moirai,0.5000046491622925
Sample 30,TimesFM,0.49999532103538513
Sample 31,Time-MoE,0.5011280179023743
Sample 31,TimesFM,0.49887198209762573
Sample 0,Time-MoE,0.500630259513855
Sample 0,Timer,0.499369740486145
Sample 1,Chronos,0.5000749230384827
Sample 1,Timer,0.49992507696151733
Sample 2,Chronos,0.500028133392334
Sample 2,Timer,0.49997183680534363
Sample 3,Chronos,0.5000543594360352
Sample 3,Timer,0.49994561076164246
Sample 4,Time-MoE,0.5003485679626465
Sample 4,Moirai,0.4996514618396759
Sample 5,Timer,0.5000484585762024
Sample 5,Chronos,0.4999515116214752
Sample 6,Chronos,0.5000221133232117
Sample 6,Timer,0.4999779164791107
Sample 7,Time-MoE,0.5005999207496643
Sample 7,Chronos,0.4994000494480133
Sample 8,Time-MoE,0.5014004707336426
Sample 8,Moirai,0.4985995590686798
Sample 9,Chronos,0.5000668168067932
Sample 9,Timer,0.4999331533908844
Sample 10,Chronos,0.5000545978546143
Sample 10,Timer,0.49994540214538574
Sample 11,Chronos,0.5000369548797607
Sample 11,TimesFM,0.49996307492256165
Sample 12,Time-MoE,0.5024079084396362
Sample 12,TimesFM,0.49759209156036377
Sample 13,Chronos,0.5000577569007874
Sample 13,Timer,0.49994227290153503
Sample 14,Timer,0.5000394582748413
Sample 14,Chronos,0.4999605715274811
Sample 15,Time-MoE,0.5019726753234863
Sample 15,TimesFM,0.49802735447883606
Sample 16,Chronos,0.5000869631767273
Sample 16,Timer,0.4999130070209503
Sample 17,Chronos,0.500063419342041
Sample 17,Timer,0.499936580657959
Sample 18,Time-MoE,0.5010974407196045
Sample 18,TimesFM,0.4989025592803955
Sample 19,Chronos,0.5000837445259094
Sample 19,Timer,0.4999162554740906
Sample 20,Time-MoE,0.5018235445022583
Sample 20,TimesFM,0.4981764256954193
Sample 21,Chronos,0.5000863671302795
Sample 21,Timer,0.49991363286972046
Sample 22,Chronos,0.5000211596488953
Sample 22,Timer,0.49997884035110474
Sample 23,Time-MoE,0.5005207061767578
Sample 23,TimesFM,0.4994793236255646
Sample 24,Time-MoE,0.5016937255859375
Sample 24,Moirai,0.4983063042163849
Sample 25,Chronos,0.5000597834587097
Sample 25,Timer,0.4999402165412903
Sample 26,Timer,0.5000351071357727
Sample 26,Chronos,0.4999648630619049
Sample 27,Chronos,0.5000313520431519
Sample 27,Timer,0.49996861815452576
Sample 28,Time-MoE,0.5022925138473511
Sample 28,TimesFM,0.4977074861526489
Sample 29,Chronos,0.5000765323638916
Sample 29,Timer,0.4999234676361084
Sample 30,Timer,0.5000450015068054
Sample 30,Chronos,0.49995502829551697
Sample 31,Time-MoE,0.502082347869873
Sample 31,TimesFM,0.49791762232780457
Sample 0,Time-MoE,0.5007068514823914
Sample 0,Timer,0.49929314851760864
Sample 1,Chronos,0.500529408454895
Sample 1,TimesFM,0.4994705319404602
Sample 2,Chronos,0.500213086605072
Sample 2,TimesFM,0.49978694319725037
Sample 3,Chronos,0.5004240870475769
Sample 3,TimesFM,0.4995759427547455
Sample 4,Chronos,0.5001949667930603
Sample 4,TimesFM,0.4998049736022949
Sample 5,Chronos,0.5002006888389587
Sample 5,TimesFM,0.49979931116104126
Sample 6,Chronos,0.5003460049629211
Sample 6,Timer,0.49965402483940125
Sample 7,Time-MoE,0.5003793239593506
Sample 7,Timer,0.4996207058429718
Sample 8,Chronos,0.5000582933425903
Sample 8,Moirai,0.49994173645973206
Sample 9,Chronos,0.5006049275398254
Sample 9,TimesFM,0.4993950426578522
Sample 10,Time-MoE,0.5009579062461853
Sample 10,TimesFM,0.4990421235561371
Sample 11,Chronos,0.5002837777137756
Sample 11,TimesFM,0.49971628189086914
Sample 12,Time-MoE,0.5021306276321411
Sample 12,Timer,0.4978693723678589
Sample 13,Chronos,0.5005233287811279
Sample 13,TimesFM,0.49947670102119446
Sample 14,Chronos,0.5004581809043884
Sample 14,Timer,0.4995417892932892
Sample 15,Time-MoE,0.502092182636261
Sample 15,Timer,0.49790775775909424
Sample 16,Chronos,0.5001422762870789
Sample 16,Timer,0.49985772371292114
Sample 17,Chronos,0.5005104541778564
Sample 17,TimesFM,0.49948960542678833
Sample 18,Time-MoE,0.5006431341171265
Sample 18,Timer,0.49935686588287354
Sample 19,Chronos,0.5001097321510315
Sample 19,TimesFM,0.4998902678489685
Sample 20,Time-MoE,0.5025091767311096
Sample 20,TimesFM,0.497490793466568
Sample 21,Chronos,0.500597357749939
Sample 21,TimesFM,0.49940264225006104
Sample 22,Chronos,0.500349760055542
Sample 22,Timer,0.4996502101421356
Sample 23,Time-MoE,0.50201815366745
Sample 23,Timer,0.49798187613487244
Sample 24,Time-MoE,0.5013351440429688
Sample 24,Timer,0.49866485595703125
Sample 25,Chronos,0.5004744529724121
Sample 25,TimesFM,0.49952560663223267
Sample 26,Time-MoE,0.501500129699707
Sample 26,Timer,0.49849987030029297
Sample 27,Chronos,0.5002884268760681
Sample 27,TimesFM,0.4997115731239319
Sample 28,Time-MoE,0.5021586418151855
Sample 28,Timer,0.49784135818481445
Sample 29,Chronos,0.500224232673645
Sample 29,TimesFM,0.49977582693099976
Sample 30,Chronos,0.5005591511726379
Sample 30,Timer,0.49944084882736206
Sample 31,Time-MoE,0.5022649168968201
Sample 31,Timer,0.49773508310317993
Sample 0,Chronos,0.5005519986152649
Sample 0,Moirai,0.4994479715824127
Sample 1,Chronos,0.5008387565612793
Sample 1,TimesFM,0.4991612732410431
Sample 2,Chronos,0.5006601810455322
Sample 2,TimesFM,0.49933987855911255
Sample 3,Chronos,0.500601053237915
Sample 3,TimesFM,0.4993989169597626
Sample 4,Chronos,0.5005932450294495
Sample 4,Moirai,0.49940675497055054
Sample 5,Chronos,0.5006980895996094
Sample 5,TimesFM,0.49930185079574585
Sample 6,Chronos,0.5008597373962402
Sample 6,TimesFM,0.4991402328014374
Sample 7,Time-MoE,0.5010545253753662
Sample 7,Chronos,0.4989455044269562
Sample 8,Chronos,0.5006882548332214
Sample 8,Moirai,0.4993117153644562
Sample 9,Chronos,0.5007643699645996
Sample 9,TimesFM,0.4992356300354004
Sample 10,Time-MoE,0.5000130534172058
Sample 10,Timer,0.4999869763851166
Sample 11,Chronos,0.5006755590438843
Sample 11,TimesFM,0.49932441115379333
Sample 12,Chronos,0.5000659823417664
Sample 12,Time-MoE,0.49993398785591125
Sample 13,Chronos,0.5006795525550842
Sample 13,TimesFM,0.499320387840271
Sample 14,Chronos,0.5005318522453308
Sample 14,Timer,0.4994681179523468
Sample 15,Time-MoE,0.5012192130088806
Sample 15,Timer,0.498780757188797
Sample 16,Chronos,0.500593364238739
Sample 16,Moirai,0.4994066059589386
Sample 17,Chronos,0.5007134675979614
Sample 17,TimesFM,0.49928656220436096
Sample 18,Chronos,0.500987708568573
Sample 18,Moirai,0.4990123212337494
Sample 19,TimesFM,0.5003097653388977
Sample 19,Chronos,0.4996902644634247
Sample 20,Time-MoE,0.5033603310585022
Sample 20,Timer,0.496639609336853
Sample 21,Chronos,0.5007673501968384
Sample 21,TimesFM,0.4992327094078064
Sample 22,Chronos,0.5009642243385315
Sample 22,TimesFM,0.4990358054637909
Sample 23,Time-MoE,0.5028232336044312
Sample 23,Timer,0.49717679619789124
Sample 24,Chronos,0.5002231001853943
Sample 24,Moirai,0.4997768998146057
Sample 25,Chronos,0.500731348991394
Sample 25,TimesFM,0.49926868081092834
Sample 26,Chronos,0.5002295970916748
Sample 26,Moirai,0.4997704029083252
Sample 27,Chronos,0.5005141496658325
Sample 27,TimesFM,0.4994858205318451
Sample 28,Time-MoE,0.5021937489509583
Sample 28,Timer,0.49780628085136414
Sample 29,Chronos,0.5006152391433716
Sample 29,TimesFM,0.4993848204612732
Sample 30,Chronos,0.5008875131607056
Sample 30,TimesFM,0.49911245703697205
Sample 31,Time-MoE,0.5011323094367981
Sample 31,Timer,0.4988676905632019
Sample 0,Time-MoE,0.5000031590461731
Sample 0,Moirai,0.4999968707561493
Sample 1,Chronos,0.5007081627845764
Sample 1,Moirai,0.4992918372154236
Sample 2,Chronos,0.5001442432403564
Sample 2,Timer,0.49985578656196594
Sample 3,Chronos,0.5006647706031799
Sample 3,Moirai,0.49933525919914246
Sample 4,Time-MoE,0.5025348663330078
Sample 4,Timer,0.4974651336669922
Sample 5,Chronos,0.5007579922676086
Sample 5,Moirai,0.49924203753471375
Sample 6,Chronos,0.500800609588623
Sample 6,Moirai,0.49919936060905457
Sample 7,Time-MoE,0.5014873147010803
Sample 7,Timer,0.4985126554965973
Sample 8,Moirai,0.500213623046875
Sample 8,Chronos,0.499786376953125
Sample 9,Chronos,0.5006705522537231
Sample 9,Moirai,0.49932947754859924
Sample 10,Chronos,0.5004338026046753
Sample 10,Moirai,0.49956613779067993
Sample 11,Chronos,0.5005800724029541
Sample 11,Moirai,0.4994198977947235
Sample 12,Moirai,0.5000584125518799
Sample 12,Time-MoE,0.4999416172504425
Sample 13,TimesFM,0.500505805015564
Sample 13,Chronos,0.49949419498443604
Sample 14,Time-MoE,0.5005594491958618
Sample 14,Chronos,0.4994404911994934
Sample 15,Time-MoE,0.5002554655075073
Sample 15,Chronos,0.49974456429481506
Sample 16,Time-MoE,0.5007216334342957
Sample 16,Moirai,0.49927833676338196
Sample 17,Chronos,0.5006015300750732
Sample 17,Moirai,0.49939849972724915
Sample 18,Time-MoE,0.5015517473220825
Sample 18,Timer,0.4984482526779175
Sample 19,Chronos,0.500573992729187
Sample 19,Moirai,0.499426007270813
Sample 20,Chronos,0.5005092024803162
Sample 20,Moirai,0.49949079751968384
Sample 21,Chronos,0.5005847215652466
Sample 21,Moirai,0.4994152784347534
Sample 22,Chronos,0.5009633898735046
Sample 22,TimesFM,0.49903661012649536
Sample 23,Time-MoE,0.5028468370437622
Sample 23,Timer,0.4971531331539154
Sample 24,Moirai,0.5000202655792236
Sample 24,Chronos,0.499979704618454
Sample 25,Chronos,0.5006572008132935
Sample 25,Moirai,0.49934276938438416
Sample 26,Time-MoE,0.5004712343215942
Sample 26,Chronos,0.499528706073761
Sample 27,Chronos,0.50062495470047
Sample 27,Moirai,0.49937504529953003
Sample 28,Time-MoE,0.5003805160522461
Sample 28,Timer,0.4996195137500763
Sample 29,Chronos,0.5009080171585083
Sample 29,Moirai,0.4990919828414917
Sample 30,Time-MoE,0.5000692009925842
Sample 30,Chronos,0.49993079900741577
Sample 31,Time-MoE,0.5031309127807617
Sample 31,TimesFM,0.4968690574169159
Sample 0,Moirai,0.500321090221405
Sample 0,Chronos,0.4996788799762726
Sample 1,Chronos,0.5006116032600403
Sample 1,Moirai,0.4993884563446045
Sample 2,Chronos,0.5003407001495361
Sample 2,Moirai,0.49965932965278625
Sample 3,Chronos,0.5003288984298706
Sample 3,TimesFM,0.49967116117477417
Sample 4,Time-MoE,0.501896858215332
Sample 4,TimesFM,0.4981030821800232
Sample 5,Chronos,0.5002124905586243
Sample 5,Moirai,0.49978750944137573
Sample 6,Chronos,0.5007740259170532
Sample 6,TimesFM,0.4992259442806244
Sample 7,Time-MoE,0.502525269985199
Sample 7,Timer,0.49747470021247864
Sample 8,Moirai,0.5009148716926575
Sample 8,Chronos,0.49908509850502014
Sample 9,Chronos,0.5002917647361755
Sample 9,Moirai,0.49970826506614685
Sample 10,Chronos,0.5002932548522949
Sample 10,Timer,0.4997067451477051
Sample 11,Chronos,0.5002611875534058
Sample 11,Moirai,0.49973881244659424
Sample 12,Chronos,0.5003781914710999
Sample 12,Moirai,0.49962183833122253
Sample 13,Chronos,0.5003621578216553
Sample 13,Moirai,0.49963781237602234
Sample 14,Chronos,0.5006265640258789
Sample 14,Moirai,0.4993734359741211
Sample 15,Time-MoE,0.5029792189598083
Sample 15,Timer,0.49702081084251404
Sample 0,Moirai,0.5017118453979492
Sample 0,Timer,0.4982881247997284
Sample 1,Chronos,0.5003710389137268
Sample 1,Moirai,0.4996289610862732
Sample 2,Time-MoE,0.5018959045410156
Sample 2,TimesFM,0.498104065656662
Sample 3,Chronos,0.500334620475769
Sample 3,Moirai,0.49966534972190857
Sample 4,Chronos,0.5002139210700989
Sample 4,Moirai,0.4997860789299011
Sample 5,Chronos,0.5003225803375244
Sample 5,Moirai,0.4996773600578308
Sample 6,Chronos,0.5007423162460327
Sample 6,TimesFM,0.4992576837539673
Sample 7,Time-MoE,0.5031684041023254
Sample 7,Timer,0.49683159589767456
Sample 8,Moirai,0.5017552375793457
Sample 8,Chronos,0.4982447922229767
Sample 9,Chronos,0.5002795457839966
Sample 9,Moirai,0.4997204840183258
Sample 10,Chronos,0.5001345872879028
Sample 10,Moirai,0.49986541271209717
Sample 11,Chronos,0.500100314617157
Sample 11,Moirai,0.49989962577819824
Sample 12,Time-MoE,0.5022192001342773
Sample 12,Moirai,0.49778079986572266
Sample 13,Chronos,0.5002651810646057
Sample 13,Moirai,0.4997348189353943
Sample 14,Chronos,0.5008276700973511
Sample 14,Timer,0.4991723597049713
Sample 15,Time-MoE,0.5031251311302185
Sample 15,Timer,0.4968748688697815
Sample 16,Moirai,0.5004855990409851
Sample 16,Time-MoE,0.4995143711566925
Sample 17,Moirai,0.5000026822090149
Sample 17,Chronos,0.4999973475933075
Sample 18,Time-MoE,0.500439465045929
Sample 18,Chronos,0.49956053495407104
Sample 19,Chronos,0.500140368938446
Sample 19,Moirai,0.49985963106155396
Sample 20,Moirai,0.5004146099090576
Sample 20,Chronos,0.49958536028862
Sample 21,Chronos,0.5001497864723206
Sample 21,Moirai,0.49985024333000183
Sample 22,Chronos,0.5006622076034546
Sample 22,TimesFM,0.4993378221988678
Sample 23,Time-MoE,0.5002188682556152
Sample 23,TimesFM,0.49978119134902954
Sample 24,Time-MoE,0.5010356903076172
Sample 24,Moirai,0.4989643394947052
Sample 25,Chronos,0.5002045035362244
Sample 25,Moirai,0.49979543685913086
Sample 26,Moirai,0.5006663799285889
Sample 26,Chronos,0.4993336498737335
Sample 27,Moirai,0.5003904700279236
Sample 27,Chronos,0.4996095597743988
Sample 28,Time-MoE,0.5034447312355042
Sample 28,TimesFM,0.49655526876449585
Sample 29,Chronos,0.5001040697097778
Sample 29,Moirai,0.49989593029022217
Sample 30,Chronos,0.5005725026130676
Sample 30,Moirai,0.49942746758461
Sample 31,Time-MoE,0.5021920204162598
Sample 31,Timer,0.497808039188385
Sample 0,Moirai,0.5017239451408386
Sample 0,Timer,0.498276025056839
Sample 1,Moirai,0.5003120303153992
Sample 1,Chronos,0.49968791007995605
Sample 2,Time-MoE,0.5003226399421692
Sample 2,Chronos,0.49967730045318604
Sample 3,Moirai,0.5001752972602844
Sample 3,Chronos,0.4998246729373932
Sample 4,Time-MoE,0.5005675554275513
Sample 4,TimesFM,0.49943241477012634
Sample 5,Moirai,0.5001312494277954
Sample 5,Chronos,0.499868780374527
Sample 6,Chronos,0.5009102821350098
Sample 6,Timer,0.49908971786499023
Sample 7,Time-MoE,0.5027230381965637
Sample 7,Moirai,0.4972769021987915
Sample 8,Moirai,0.5019136667251587
Sample 8,Timer,0.4980863034725189
Sample 9,Moirai,0.500228226184845
Sample 9,Chronos,0.4997718334197998
Sample 10,Moirai,0.5002661347389221
Sample 10,Chronos,0.4997338652610779
Sample 11,Moirai,0.5003112554550171
Sample 11,Chronos,0.4996887445449829
Sample 12,Chronos,0.500478208065033
Sample 12,TimesFM,0.4995218515396118
Sample 13,Moirai,0.5004920363426208
Sample 13,Chronos,0.49950796365737915
Sample 14,Chronos,0.5001442432403564
Sample 14,TimesFM,0.49985575675964355
Sample 15,Time-MoE,0.5009201169013977
Sample 15,Moirai,0.4990798830986023
Sample 16,Moirai,0.5020041465759277
Sample 16,Timer,0.49799588322639465
Sample 17,Moirai,0.5003260374069214
Sample 17,Chronos,0.4996739625930786
Sample 18,Time-MoE,0.500320553779602
Sample 18,Chronos,0.49967944622039795
Sample 19,Moirai,0.5002413988113403
Sample 19,Chronos,0.49975860118865967
Sample 20,Moirai,0.5002246499061584
Sample 20,Chronos,0.49977535009384155
Sample 21,Moirai,0.5004090070724487
Sample 21,Chronos,0.49959105253219604
Sample 22,Chronos,0.5010772943496704
Sample 22,Timer,0.4989226758480072
Sample 23,Time-MoE,0.5040063858032227
Sample 23,TimesFM,0.49599355459213257
Sample 24,Moirai,0.5017021298408508
Sample 24,Chronos,0.49829787015914917
Sample 25,Chronos,0.5004897117614746
Sample 25,Moirai,0.4995102882385254
Sample 26,Chronos,0.5004971027374268
Sample 26,Moirai,0.49950289726257324
Sample 27,Chronos,0.5001471042633057
Sample 27,TimesFM,0.4998529553413391
Sample 28,Time-MoE,0.5030276775360107
Sample 28,TimesFM,0.49697238206863403
Sample 29,Moirai,0.5002288222312927
Sample 29,Chronos,0.49977120757102966
Sample 30,Chronos,0.5010027289390564
Sample 30,TimesFM,0.4989972710609436
Sample 31,Time-MoE,0.5034375786781311
Sample 31,Moirai,0.4965623915195465
Sample 0,Moirai,0.5001310706138611
Sample 0,Time-MoE,0.4998689591884613
Sample 1,Moirai,0.5006383061408997
Sample 1,Chronos,0.49936169385910034
Sample 2,Moirai,0.5000325441360474
Sample 2,Chronos,0.49996745586395264
Sample 3,Moirai,0.5000011920928955
Sample 3,Chronos,0.4999988377094269
Sample 4,Time-MoE,0.5000889301300049
Sample 4,Moirai,0.49991104006767273
Sample 5,Chronos,0.501063346862793
Sample 5,Timer,0.49893665313720703
Sample 6,Chronos,0.5002015233039856
Sample 6,Timer,0.499798446893692
Sample 7,Time-MoE,0.5005403757095337
Sample 7,Moirai,0.4994596242904663
Sample 8,Time-MoE,0.5015849471092224
Sample 8,Moirai,0.4984150826931
Sample 9,Moirai,0.5002802014350891
Sample 9,Chronos,0.4997197985649109
Sample 10,Moirai,0.5003231763839722
Sample 10,Chronos,0.49967682361602783
Sample 11,TimesFM,0.5004649758338928
Sample 11,Chronos,0.4995349943637848
Sample 12,Time-MoE,0.5043336153030396
Sample 12,TimesFM,0.49566638469696045
Sample 13,Moirai,0.5000978708267212
Sample 13,Chronos,0.49990206956863403
Sample 14,Chronos,0.5002118349075317
Sample 14,Timer,0.49978822469711304
Sample 15,Time-MoE,0.5039293766021729
Sample 15,Timer,0.49607065320014954
Sample 16,Moirai,0.5017979145050049
Sample 16,Timer,0.4982020854949951
Sample 17,Chronos,0.5003967881202698
Sample 17,TimesFM,0.49960315227508545
Sample 18,Time-MoE,0.5017077922821045
Sample 18,Chronos,0.4982922077178955
Sample 19,Moirai,0.5012775659561157
Sample 19,Timer,0.49872249364852905
Sample 20,Time-MoE,0.5029572248458862
Sample 20,TimesFM,0.49704283475875854
Sample 21,Moirai,0.5004541277885437
Sample 21,Chronos,0.4995458424091339
Sample 22,Chronos,0.5005682706832886
Sample 22,Moirai,0.4994317293167114
Sample 23,Time-MoE,0.5008745193481445
Sample 23,TimesFM,0.49912551045417786
Sample 24,Time-MoE,0.5022507309913635
Sample 24,Moirai,0.49774929881095886
Sample 25,Moirai,0.5000796914100647
Sample 25,Chronos,0.4999203383922577
Sample 26,Chronos,0.5001087784767151
Sample 26,Moirai,0.4998912215232849
Sample 27,TimesFM,0.5001469850540161
Sample 27,Chronos,0.49985307455062866
Sample 28,Time-MoE,0.5041807889938354
Sample 28,TimesFM,0.4958192706108093
Sample 29,Moirai,0.5000278353691101
Sample 29,Chronos,0.4999721944332123
Sample 30,Chronos,0.5005898475646973
Sample 30,Timer,0.49941015243530273
Sample 31,Time-MoE,0.5039727687835693
Sample 31,TimesFM,0.49602723121643066
Sample 0,Moirai,0.500781774520874
Sample 0,Time-MoE,0.499218225479126
Sample 1,Moirai,0.5006435513496399
Sample 1,TimesFM,0.4993564784526825
Sample 2,Moirai,0.501063346862793
Sample 2,TimesFM,0.49893665313720703
Sample 3,Moirai,0.5003699064254761
Sample 3,TimesFM,0.4996301531791687
Sample 4,Chronos,0.5000702142715454
Sample 4,TimesFM,0.4999297857284546
Sample 5,Moirai,0.5010901093482971
Sample 5,TimesFM,0.49890992045402527
Sample 6,Moirai,0.5004843473434448
Sample 6,Chronos,0.4995156526565552
Sample 7,Time-MoE,0.5000128149986267
Sample 7,Moirai,0.4999872148036957
Sample 8,Moirai,0.5035302042961121
Sample 8,Time-MoE,0.4964698255062103
Sample 9,Moirai,0.5003066062927246
Sample 9,Chronos,0.499693363904953
Sample 10,Time-MoE,0.5010088086128235
Sample 10,TimesFM,0.4989911913871765
Sample 11,TimesFM,0.5001572966575623
Sample 11,Timer,0.49984267354011536
Sample 12,Time-MoE,0.5029865503311157
Sample 12,TimesFM,0.4970134496688843
Sample 13,Chronos,0.5001247525215149
Sample 13,Timer,0.4998752474784851
Sample 14,Chronos,0.5006132125854492
Sample 14,Timer,0.4993867874145508
Sample 15,Time-MoE,0.5026285648345947
Sample 15,Moirai,0.4973714351654053
Sample 16,Moirai,0.5034497976303101
Sample 16,Time-MoE,0.49655023217201233
Sample 17,Chronos,0.5004510879516602
Sample 17,TimesFM,0.49954888224601746
Sample 18,Time-MoE,0.5006248950958252
Sample 18,Moirai,0.4993751049041748
Sample 19,TimesFM,0.5000948309898376
Sample 19,Timer,0.4999051094055176
Sample 20,Time-MoE,0.5033202767372131
Sample 20,TimesFM,0.4966796934604645
Sample 21,Chronos,0.5005046129226685
Sample 21,Timer,0.49949538707733154
Sample 22,Moirai,0.5003200173377991
Sample 22,Chronos,0.49967992305755615
Sample 23,Time-MoE,0.50298011302948
Sample 23,Moirai,0.4970199167728424
Sample 24,Time-MoE,0.5004698634147644
Sample 24,Moirai,0.4995301067829132
Sample 25,Chronos,0.5000813603401184
Sample 25,Timer,0.4999186396598816
Sample 26,Time-MoE,0.5021284818649292
Sample 26,Chronos,0.4978715181350708
Sample 27,TimesFM,0.5000689625740051
Sample 27,Chronos,0.49993106722831726
Sample 28,Time-MoE,0.5031030774116516
Sample 28,Moirai,0.4968969523906708
Sample 29,Chronos,0.5001300573348999
Sample 29,Timer,0.4998699724674225
Sample 30,Chronos,0.5002758502960205
Sample 30,Timer,0.4997241795063019
Sample 31,Time-MoE,0.5030878186225891
Sample 31,Moirai,0.4969122111797333
Sample 0,Moirai,0.503706157207489
Sample 0,Timer,0.496293842792511
Sample 1,Moirai,0.5001229643821716
Sample 1,Timer,0.49987709522247314
Sample 2,Chronos,0.5002254247665405
Sample 2,Timer,0.49977460503578186
Sample 3,TimesFM,0.5000841617584229
Sample 3,Timer,0.49991586804389954
Sample 4,Moirai,0.5003548264503479
Sample 4,Timer,0.4996452033519745
Sample 5,Timer,0.5002691745758057
Sample 5,Chronos,0.49973076581954956
Sample 6,Moirai,0.5001761317253113
Sample 6,Timer,0.4998238980770111
Sample 7,Time-MoE,0.5003445744514465
Sample 7,Moirai,0.49965542554855347
Sample 8,Moirai,0.5037074089050293
Sample 8,Timer,0.4962925612926483
Sample 9,Moirai,0.5000873804092407
Sample 9,TimesFM,0.4999125599861145
Sample 10,Moirai,0.5004088878631592
Sample 10,Time-MoE,0.4995911121368408
Sample 11,Moirai,0.5011088848114014
Sample 11,TimesFM,0.498891144990921
Sample 12,Chronos,0.5004283785820007
Sample 12,TimesFM,0.49957162141799927
Sample 13,Moirai,0.5001980662345886
Sample 13,TimesFM,0.4998019337654114
Sample 14,Chronos,0.5009951591491699
Sample 14,TimesFM,0.49900487065315247
Sample 15,Time-MoE,0.5015076994895935
Sample 15,Chronos,0.4984922707080841
Sample 16,Moirai,0.502557635307312
Sample 16,Timer,0.497442364692688
Sample 17,Chronos,0.5000275373458862
Sample 17,Timer,0.49997249245643616
Sample 18,Moirai,0.5004851222038269
Sample 18,Timer,0.4995148777961731
Sample 19,Timer,0.5001502633094788
Sample 19,TimesFM,0.49984973669052124
Sample 20,Time-MoE,0.504470705986023
Sample 20,Chronos,0.49552929401397705
Sample 21,Timer,0.5000057816505432
Sample 21,TimesFM,0.4999942183494568
Sample 22,Chronos,0.5001514554023743
Sample 22,Timer,0.4998485743999481
Sample 23,Time-MoE,0.5042530298233032
Sample 23,Moirai,0.4957469403743744
Sample 24,Moirai,0.5039580464363098
Sample 24,Time-MoE,0.4960419833660126
Sample 25,TimesFM,0.5000177025794983
Sample 25,Moirai,0.4999823272228241
Sample 26,Moirai,0.5006464719772339
Sample 26,Timer,0.4993535578250885
Sample 27,TimesFM,0.5002021193504333
Sample 27,Timer,0.49979785084724426
Sample 28,Time-MoE,0.5026240944862366
Sample 28,Moirai,0.49737587571144104
Sample 29,Timer,0.5000149011611938
Sample 29,Chronos,0.49998509883880615
Sample 30,Moirai,0.5000468492507935
Sample 30,Timer,0.49995318055152893
Sample 31,Time-MoE,0.5001868009567261
Sample 31,Moirai,0.4998131990432739
Sample 0,Moirai,0.5030748844146729
Sample 0,Time-MoE,0.4969250559806824
Sample 1,TimesFM,0.50030118227005
Sample 1,Timer,0.49969884753227234
Sample 2,Timer,0.500164270401001
Sample 2,TimesFM,0.499835729598999
Sample 3,TimesFM,0.500374436378479
Sample 3,Timer,0.49962562322616577
Sample 4,Time-MoE,0.5027433037757874
Sample 4,Chronos,0.49725666642189026
Sample 5,TimesFM,0.500248372554779
Sample 5,Moirai,0.49975165724754333
Sample 6,Moirai,0.5001356601715088
Sample 6,TimesFM,0.4998643398284912
Sample 7,Time-MoE,0.5012893676757812
Sample 7,Moirai,0.4987106919288635
Sample 8,Moirai,0.50357985496521
Sample 8,Time-MoE,0.49642011523246765
Sample 9,Moirai,0.5000355243682861
Sample 9,TimesFM,0.49996450543403625
Sample 10,Moirai,0.5009074211120605
Sample 10,TimesFM,0.49909260869026184
Sample 11,TimesFM,0.5001224875450134
Sample 11,Moirai,0.49987757205963135
Sample 12,Time-MoE,0.5000613927841187
Sample 12,Chronos,0.49993863701820374
Sample 13,TimesFM,0.5001376271247864
Sample 13,Chronos,0.4998623728752136
Sample 14,Chronos,0.5000807642936707
Sample 14,Time-MoE,0.49991923570632935
Sample 15,Moirai,0.5005362629890442
Sample 15,Time-MoE,0.4994637668132782
Sample 16,Moirai,0.5019627809524536
Sample 16,Time-MoE,0.4980372488498688
Sample 17,Moirai,0.5001011490821838
Sample 17,TimesFM,0.49989885091781616
Sample 18,Time-MoE,0.5007750391960144
Sample 18,Moirai,0.4992249310016632
Sample 19,TimesFM,0.5002544522285461
Sample 19,Moirai,0.49974557757377625
Sample 20,Timer,0.5003125071525574
Sample 20,TimesFM,0.4996874928474426
Sample 21,TimesFM,0.5000947117805481
Sample 21,Moirai,0.4999052882194519
Sample 22,Chronos,0.5004522204399109
Sample 22,TimesFM,0.4995477497577667
Sample 23,Time-MoE,0.5028414726257324
Sample 23,Moirai,0.4971584677696228
Sample 24,Moirai,0.5035476088523865
Sample 24,TimesFM,0.4964523911476135
Sample 25,TimesFM,0.5002496242523193
Sample 25,Timer,0.49975040555000305
Sample 26,Time-MoE,0.5001811981201172
Sample 26,Moirai,0.4998188316822052
Sample 27,TimesFM,0.5001440048217773
Sample 27,Timer,0.49985605478286743
Sample 28,Time-MoE,0.5005254745483398
Sample 28,Chronos,0.49947449564933777
Sample 29,TimesFM,0.5001657605171204
Sample 29,Chronos,0.49983420968055725
Sample 30,Chronos,0.5002779364585876
Sample 30,Moirai,0.49972209334373474
Sample 31,Time-MoE,0.5038174390792847
Sample 31,Chronos,0.49618256092071533
Sample 0,Moirai,0.5021843314170837
Sample 0,TimesFM,0.49781566858291626
Sample 1,TimesFM,0.5003560185432434
Sample 1,Timer,0.4996439218521118
Sample 2,Moirai,0.5002562999725342
Sample 2,Chronos,0.4997437000274658
Sample 3,TimesFM,0.5005172491073608
Sample 3,Timer,0.49948278069496155
Sample 4,Time-MoE,0.5012767910957336
Sample 4,Chronos,0.49872326850891113
Sample 5,TimesFM,0.5002166032791138
Sample 5,Moirai,0.4997834265232086
Sample 6,TimesFM,0.500594973564148
Sample 6,Timer,0.49940499663352966
Sample 7,Time-MoE,0.5026357769966125
Sample 7,Moirai,0.49736422300338745
Sample 8,Moirai,0.5058016777038574
Sample 8,TimesFM,0.4941982626914978
Sample 9,TimesFM,0.500373363494873
Sample 9,Moirai,0.49962663650512695
Sample 10,Chronos,0.5000888705253601
Sample 10,Timer,0.4999110996723175
Sample 11,TimesFM,0.5005994439125061
Sample 11,Timer,0.4994005560874939
Sample 12,Chronos,0.5000250339508057
Sample 12,Moirai,0.4999749958515167
Sample 13,TimesFM,0.5002995729446411
Sample 13,Moirai,0.4997004568576813
Sample 14,TimesFM,0.5000471472740173
Sample 14,Timer,0.4999528229236603
Sample 15,Time-MoE,0.5027231574058533
Sample 15,Moirai,0.49727681279182434
Sample 0,Moirai,0.5067868232727051
Sample 0,TimesFM,0.4932131767272949
Sample 1,TimesFM,0.5006805062294006
Sample 1,Timer,0.49931949377059937
Sample 2,Time-MoE,0.5019776821136475
Sample 2,TimesFM,0.4980223774909973
Sample 3,TimesFM,0.5006893873214722
Sample 3,Timer,0.49931058287620544
Sample 4,TimesFM,0.5001665949821472
Sample 4,Timer,0.4998334050178528
Sample 5,TimesFM,0.5005812048912048
Sample 5,Timer,0.4994187653064728
Sample 6,TimesFM,0.500633180141449
Sample 6,Timer,0.49936676025390625
Sample 7,Time-MoE,0.5020974278450012
Sample 7,Moirai,0.49790260195732117
Sample 8,Moirai,0.5064000487327576
Sample 8,TimesFM,0.49359995126724243
Sample 9,TimesFM,0.5006186366081238
Sample 9,Timer,0.49938133358955383
Sample 10,Moirai,0.5003010034561157
Sample 10,Chronos,0.4996989965438843
Sample 11,TimesFM,0.500464677810669
Sample 11,Timer,0.49953535199165344
Sample 12,Time-MoE,0.5011153221130371
Sample 12,Moirai,0.4988846778869629
Sample 13,TimesFM,0.5005750060081482
Sample 13,Timer,0.4994249939918518
Sample 14,Chronos,0.5002362728118896
Sample 14,Timer,0.49976372718811035
Sample 15,Time-MoE,0.5020245313644409
Sample 15,Moirai,0.49797549843788147
Sample 16,Moirai,0.5035517811775208
Sample 16,Time-MoE,0.4964481592178345
Sample 17,TimesFM,0.5002501606941223
Sample 17,Moirai,0.4997498691082001
Sample 18,Moirai,0.5001357793807983
Sample 18,Chronos,0.49986425042152405
Sample 19,TimesFM,0.5007383227348328
Sample 19,Timer,0.49926167726516724
Sample 20,Moirai,0.5019086599349976
Sample 20,Chronos,0.49809131026268005
Sample 21,TimesFM,0.5008196830749512
Sample 21,Timer,0.4991803467273712
Sample 22,Chronos,0.5000971555709839
Sample 22,TimesFM,0.49990278482437134
Sample 23,Time-MoE,0.5002827644348145
Sample 23,TimesFM,0.49971723556518555
Sample 24,Moirai,0.5020630359649658
Sample 24,Time-MoE,0.4979369342327118
Sample 25,TimesFM,0.500649094581604
Sample 25,Timer,0.4993509352207184
Sample 26,Moirai,0.5019720196723938
Sample 26,TimesFM,0.4980279803276062
Sample 27,Moirai,0.5007824897766113
Sample 27,TimesFM,0.49921751022338867
Sample 28,Time-MoE,0.5034761428833008
Sample 28,Chronos,0.496523916721344
Sample 29,TimesFM,0.500400185585022
Sample 29,Moirai,0.49959975481033325
Sample 30,Timer,0.5001087188720703
Sample 30,Chronos,0.4998912215232849
Sample 31,Time-MoE,0.5020119547843933
Sample 31,Moirai,0.4979880154132843
Sample 0,Moirai,0.5048677325248718
Sample 0,TimesFM,0.4951322376728058
Sample 1,TimesFM,0.5000214576721191
Sample 1,Moirai,0.49997854232788086
Sample 2,Chronos,0.5000125169754028
Sample 2,Time-MoE,0.49998751282691956
Sample 3,TimesFM,0.5008534789085388
Sample 3,Moirai,0.4991465210914612
Sample 4,Time-MoE,0.5005228519439697
Sample 4,TimesFM,0.49947717785835266
Sample 5,TimesFM,0.5005371570587158
Sample 5,Moirai,0.4994628429412842
Sample 6,TimesFM,0.5003703236579895
Sample 6,Timer,0.4996296763420105
Sample 7,Time-MoE,0.5011608004570007
Sample 7,Moirai,0.4988391697406769
Sample 8,Moirai,0.5056943893432617
Sample 8,Timer,0.4943055808544159
Sample 9,TimesFM,0.50033038854599
Sample 9,Moirai,0.4996696412563324
Sample 10,Moirai,0.5007423162460327
Sample 10,Timer,0.4992576837539673
Sample 11,Moirai,0.50015789270401
Sample 11,TimesFM,0.4998420774936676
Sample 12,Chronos,0.5000677704811096
Sample 12,TimesFM,0.49993225932121277
Sample 13,Moirai,0.5001341104507446
Sample 13,TimesFM,0.49986588954925537
Sample 14,TimesFM,0.5013629198074341
Sample 14,Timer,0.49863705039024353
Sample 15,Moirai,0.5004486441612244
Sample 15,Time-MoE,0.499551385641098
Sample 16,Moirai,0.5070586800575256
Sample 16,Time-MoE,0.49294137954711914
Sample 17,TimesFM,0.5001082420349121
Sample 17,Moirai,0.4998916983604431
Sample 18,Time-MoE,0.5000979900360107
Sample 18,Chronos,0.49990200996398926
Sample 19,TimesFM,0.5005915760993958
Sample 19,Moirai,0.49940845370292664
Sample 20,Moirai,0.5000017881393433
Sample 20,TimesFM,0.49999818205833435
Sample 21,Moirai,0.5000212788581848
Sample 21,TimesFM,0.4999786913394928
Sample 22,Chronos,0.5002819895744324
Sample 22,TimesFM,0.4997180104255676
Sample 23,Time-MoE,0.5042707920074463
Sample 23,Chronos,0.4957291781902313
Sample 24,Moirai,0.5043395757675171
Sample 24,TimesFM,0.49566036462783813
Sample 25,TimesFM,0.5008349418640137
Sample 25,Timer,0.49916502833366394
Sample 26,Timer,0.5001576542854309
Sample 26,Chronos,0.4998423755168915
Sample 27,TimesFM,0.500700831413269
Sample 27,Timer,0.49929916858673096
Sample 28,Time-MoE,0.5029645562171936
Sample 28,Chronos,0.4970354735851288
Sample 29,TimesFM,0.5006087422370911
Sample 29,Moirai,0.49939122796058655
Sample 30,TimesFM,0.5003523826599121
Sample 30,Timer,0.4996476173400879
Sample 31,Time-MoE,0.5021460652351379
Sample 31,Moirai,0.4978539049625397
Sample 0,Moirai,0.5032893419265747
Sample 0,Time-MoE,0.49671071767807007
Sample 1,TimesFM,0.5000938177108765
Sample 1,Moirai,0.49990612268447876
Sample 2,Moirai,0.5004703402519226
Sample 2,Chronos,0.499529629945755
Sample 3,TimesFM,0.5010024309158325
Sample 3,Timer,0.49899762868881226
Sample 4,Moirai,0.5011811256408691
Sample 4,Time-MoE,0.49881893396377563
Sample 5,Chronos,0.5001503825187683
Sample 5,TimesFM,0.4998495876789093
Sample 6,TimesFM,0.500336766242981
Sample 6,Timer,0.49966320395469666
Sample 7,Moirai,0.5009039044380188
Sample 7,Time-MoE,0.4990960955619812
Sample 8,Moirai,0.5013203620910645
Sample 8,Time-MoE,0.49867963790893555
Sample 9,TimesFM,0.5008949637413025
Sample 9,Moirai,0.4991050660610199
Sample 10,TimesFM,0.5002695322036743
Sample 10,Moirai,0.4997304081916809
Sample 11,TimesFM,0.5012701749801636
Sample 11,Timer,0.49872979521751404
Sample 12,Time-MoE,0.5040895938873291
Sample 12,Chronos,0.4959104657173157
Sample 13,TimesFM,0.500930905342102
Sample 13,Timer,0.49906912446022034
Sample 14,TimesFM,0.5004377365112305
Sample 14,Timer,0.49956226348876953
Sample 15,Time-MoE,0.5032355189323425
Sample 15,Moirai,0.49676451086997986
Sample 16,Moirai,0.5029526948928833
Sample 16,TimesFM,0.4970472753047943
Sample 17,TimesFM,0.5009469389915466
Sample 17,Timer,0.499053031206131
Sample 18,Time-MoE,0.501235842704773
Sample 18,Chronos,0.49876412749290466
Sample 19,Moirai,0.5024213194847107
Sample 19,TimesFM,0.4975786507129669
Sample 20,Time-MoE,0.5026329755783081
Sample 20,Chronos,0.4973669648170471
Sample 21,TimesFM,0.5006780624389648
Sample 21,Moirai,0.49932193756103516
Sample 22,TimesFM,0.5004438161849976
Sample 22,Chronos,0.49955618381500244
Sample 23,Time-MoE,0.5009348392486572
Sample 23,TimesFM,0.4990651607513428
Sample 24,Moirai,0.5004577040672302
Sample 24,Time-MoE,0.4995422661304474
Sample 25,TimesFM,0.5009759664535522
Sample 25,Timer,0.49902400374412537
Sample 26,Moirai,0.5002595782279968
Sample 26,Chronos,0.4997403919696808
Sample 27,TimesFM,0.5006516575813293
Sample 27,Timer,0.49934834241867065
Sample 28,Time-MoE,0.5039273500442505
Sample 28,Chronos,0.4960727095603943
Sample 29,TimesFM,0.5011264085769653
Sample 29,Timer,0.4988735616207123
Sample 30,TimesFM,0.5004557967185974
Sample 30,Timer,0.4995441734790802
Sample 31,Time-MoE,0.5039066076278687
Sample 31,Moirai,0.49609342217445374
Sample 0,Moirai,0.5044389367103577
Sample 0,Time-MoE,0.49556106328964233
Sample 1,Moirai,0.5002481341362
Sample 1,TimesFM,0.49975189566612244
Sample 2,Moirai,0.5024275183677673
Sample 2,TimesFM,0.49757251143455505
Sample 3,TimesFM,0.5001956224441528
Sample 3,Moirai,0.4998043179512024
Sample 4,TimesFM,0.5005106925964355
Sample 4,Timer,0.49948933720588684
Sample 5,Moirai,0.5028700232505798
Sample 5,TimesFM,0.49712997674942017
Sample 6,Moirai,0.5013513565063477
Sample 6,Chronos,0.49864867329597473
Sample 7,Moirai,0.5010483264923096
Sample 7,Time-MoE,0.49895164370536804
Sample 8,Moirai,0.5083924531936646
Sample 8,Time-MoE,0.49160754680633545
Sample 9,TimesFM,0.5008451342582703
Sample 9,Moirai,0.49915486574172974
Sample 10,Time-MoE,0.5005832314491272
Sample 10,TimesFM,0.4994167685508728
Sample 11,TimesFM,0.5010653734207153
Sample 11,Timer,0.49893465638160706
Sample 12,Time-MoE,0.502068817615509
Sample 12,Moirai,0.49793121218681335
Sample 13,TimesFM,0.50075763463974
Sample 13,Timer,0.4992423951625824
Sample 14,TimesFM,0.5002908110618591
Sample 14,Chronos,0.49970918893814087
Sample 15,Time-MoE,0.5008981823921204
Sample 15,Moirai,0.49910178780555725
Sample 16,Moirai,0.5082188844680786
Sample 16,Time-MoE,0.491781085729599
Sample 17,TimesFM,0.500751793384552
Sample 17,Chronos,0.4992482364177704
Sample 18,Moirai,0.5004364252090454
Sample 18,Time-MoE,0.4995635747909546
Sample 19,TimesFM,0.5006893873214722
Sample 19,Timer,0.49931058287620544
Sample 20,Time-MoE,0.5032476186752319
Sample 20,Chronos,0.49675241112709045
Sample 21,TimesFM,0.5007340312004089
Sample 21,Timer,0.4992659389972687
Sample 22,Moirai,0.5012209415435791
Sample 22,Chronos,0.4987790882587433
Sample 23,Time-MoE,0.5017773509025574
Sample 23,Moirai,0.4982226490974426
Sample 24,Moirai,0.5032216906547546
Sample 24,Time-MoE,0.49677830934524536
Sample 25,TimesFM,0.500859797000885
Sample 25,Timer,0.4991402328014374
Sample 26,Time-MoE,0.5013427138328552
Sample 26,Moirai,0.4986572265625
Sample 27,TimesFM,0.5009955167770386
Sample 27,Timer,0.4990045130252838
Sample 28,Time-MoE,0.5017083287239075
Sample 28,Moirai,0.4982917308807373
Sample 29,TimesFM,0.5008068084716797
Sample 29,Timer,0.4991932213306427
Sample 30,TimesFM,0.5002841353416443
Sample 30,Timer,0.4997158944606781
Sample 31,Time-MoE,0.5013613104820251
Sample 31,Moirai,0.49863871932029724
Sample 0,Moirai,0.5086451172828674
Sample 0,Timer,0.4913548529148102
Sample 1,TimesFM,0.500593364238739
Sample 1,Moirai,0.4994066059589386
Sample 2,TimesFM,0.5002782940864563
Sample 2,Chronos,0.4997217059135437
Sample 3,TimesFM,0.5010592341423035
Sample 3,Timer,0.4989407956600189
Sample 4,Moirai,0.5007331967353821
Sample 4,TimesFM,0.4992668330669403
Sample 5,TimesFM,0.5006917715072632
Sample 5,Timer,0.4993082284927368
Sample 6,TimesFM,0.5002060532569885
Sample 6,Moirai,0.4997939467430115
Sample 7,Moirai,0.5015826225280762
Sample 7,Time-MoE,0.49841734766960144
Sample 8,Moirai,0.5084430575370789
Sample 8,Timer,0.49155691266059875
Sample 9,TimesFM,0.5006963610649109
Sample 9,Moirai,0.4993036687374115
Sample 10,Moirai,0.5010867118835449
Sample 10,Time-MoE,0.49891334772109985
Sample 11,Moirai,0.5027677416801453
Sample 11,TimesFM,0.49723225831985474
Sample 12,Chronos,0.5006740093231201
Sample 12,TimesFM,0.4993259608745575
Sample 13,TimesFM,0.5000445246696472
Sample 13,Moirai,0.4999554455280304
Sample 14,Chronos,0.5002721548080444
Sample 14,TimesFM,0.4997277855873108
Sample 15,Time-MoE,0.501490592956543
Sample 15,Timer,0.49850940704345703
Sample 16,Moirai,0.5061262249946594
Sample 16,TimesFM,0.49387380480766296
Sample 17,TimesFM,0.500943124294281
Sample 17,Timer,0.4990568459033966
Sample 18,Moirai,0.5008808374404907
Sample 18,TimesFM,0.4991191327571869
Sample 19,TimesFM,0.5007950067520142
Sample 19,Timer,0.4992050230503082
Sample 20,Time-MoE,0.5037972331047058
Sample 20,Chronos,0.4962027966976166
Sample 21,TimesFM,0.5009665489196777
Sample 21,Timer,0.4990334212779999
Sample 22,TimesFM,0.5006638169288635
Sample 22,Chronos,0.4993361532688141
Sample 23,Time-MoE,0.50362628698349
Sample 23,Moirai,0.4963737428188324
Sample 24,Moirai,0.5089421272277832
Sample 24,Time-MoE,0.4910578727722168
Sample 25,TimesFM,0.5008796453475952
Sample 25,Moirai,0.4991203546524048
Sample 26,Moirai,0.5012198090553284
Sample 26,Timer,0.49878016114234924
Sample 27,TimesFM,0.5011783838272095
Sample 27,Timer,0.49882158637046814
Sample 28,Time-MoE,0.5012743473052979
Sample 28,Moirai,0.49872562289237976
Sample 29,TimesFM,0.5005888938903809
Sample 29,Timer,0.4994111657142639
Sample 30,TimesFM,0.5004085898399353
Sample 30,Moirai,0.4995914697647095
Sample 31,Moirai,0.5021719336509705
Sample 31,Time-MoE,0.4978281259536743
Sample 0,Moirai,0.5076173543930054
Sample 0,Time-MoE,0.4923827052116394
Sample 1,TimesFM,0.500730037689209
Sample 1,Moirai,0.499269962310791
Sample 2,Timer,0.5003781318664551
Sample 2,TimesFM,0.4996218681335449
Sample 3,TimesFM,0.500928521156311
Sample 3,Timer,0.49907150864601135
Sample 4,Time-MoE,0.5021017789840698
Sample 4,Chronos,0.49789825081825256
Sample 5,TimesFM,0.5007269382476807
Sample 5,Timer,0.49927306175231934
Sample 6,Moirai,0.5003088712692261
Sample 6,TimesFM,0.4996911287307739
Sample 7,Time-MoE,0.500060498714447
Sample 7,Moirai,0.49993953108787537
Sample 8,Moirai,0.5078973174095154
Sample 8,Time-MoE,0.492102712392807
Sample 9,Moirai,0.5000333189964294
Sample 9,TimesFM,0.49996665120124817
Sample 10,Moirai,0.5017034411430359
Sample 10,Timer,0.4982965886592865
Sample 11,Moirai,0.500110387802124
Sample 11,TimesFM,0.4998895823955536
Sample 12,Time-MoE,0.5000594258308411
Sample 12,Timer,0.4999406039714813
Sample 13,TimesFM,0.5011790990829468
Sample 13,Timer,0.498820960521698
Sample 14,Chronos,0.5005118250846863
Sample 14,Time-MoE,0.49948814511299133
Sample 15,Moirai,0.5018611550331116
Sample 15,Time-MoE,0.49813881516456604
Sample 16,Moirai,0.5061651468276978
Sample 16,Time-MoE,0.49383485317230225
Sample 17,Moirai,0.5002943277359009
Sample 17,TimesFM,0.4997056722640991
Sample 18,Moirai,0.5012516975402832
Sample 18,Time-MoE,0.4987483024597168
Sample 19,TimesFM,0.5005046725273132
Sample 19,Moirai,0.49949538707733154
Sample 20,TimesFM,0.50035160779953
Sample 20,Timer,0.49964842200279236
Sample 21,TimesFM,0.5002049207687378
Sample 21,Moirai,0.4997950792312622
Sample 22,TimesFM,0.5001940131187439
Sample 22,Chronos,0.4998059570789337
Sample 23,Time-MoE,0.5009884834289551
Sample 23,Moirai,0.4990115761756897
Sample 24,Moirai,0.508536696434021
Sample 24,TimesFM,0.4914633333683014
Sample 25,TimesFM,0.500706672668457
Sample 25,Moirai,0.49929332733154297
Sample 26,Moirai,0.5006305575370789
Sample 26,Time-MoE,0.49936941266059875
Sample 27,TimesFM,0.5006594061851501
Sample 27,Timer,0.49934059381484985
Sample 28,Time-MoE,0.5005161762237549
Sample 28,Chronos,0.4994838535785675
Sample 29,TimesFM,0.5006453394889832
Sample 29,Chronos,0.49935463070869446
Sample 30,Moirai,0.500074565410614
Sample 30,Chronos,0.4999254047870636
Sample 31,Time-MoE,0.5035497546195984
Sample 31,TimesFM,0.496450275182724
Sample 0,Moirai,0.5052502751350403
Sample 0,TimesFM,0.49474966526031494
Sample 1,TimesFM,0.5007959008216858
Sample 1,Timer,0.4992041289806366
Sample 2,Moirai,0.5004557967185974
Sample 2,Chronos,0.4995441734790802
Sample 3,TimesFM,0.500968873500824
Sample 3,Timer,0.499031126499176
Sample 4,Time-MoE,0.500600278377533
Sample 4,TimesFM,0.49939969182014465
Sample 5,Moirai,0.5000476241111755
Sample 5,TimesFM,0.49995237588882446
Sample 6,TimesFM,0.500892698764801
Sample 6,Chronos,0.49910736083984375
Sample 7,Time-MoE,0.5014798641204834
Sample 7,Moirai,0.4985201358795166
Sample 8,Moirai,0.5114060640335083
Sample 8,Chronos,0.4885939061641693
Sample 9,TimesFM,0.5001394748687744
Sample 9,Moirai,0.4998605251312256
Sample 10,Timer,0.500304639339447
Sample 10,Chronos,0.4996953308582306
Sample 11,TimesFM,0.500910222530365
Sample 11,Timer,0.4990898370742798
Sample 12,Chronos,0.5002135634422302
Sample 12,Moirai,0.4997864365577698
Sample 13,TimesFM,0.5000675320625305
Sample 13,Moirai,0.4999324381351471
Sample 14,TimesFM,0.5003173351287842
Sample 14,Timer,0.4996826648712158
Sample 15,Time-MoE,0.5008608102798462
Sample 15,Moirai,0.4991391897201538
Sample 0,Moirai,0.512377142906189
Sample 0,Chronos,0.48762285709381104
Sample 1,TimesFM,0.5004765391349792
Sample 1,Chronos,0.4995235204696655
Sample 2,Time-MoE,0.5006465315818787
Sample 2,TimesFM,0.49935343861579895
Sample 3,TimesFM,0.500765323638916
Sample 3,Timer,0.499234676361084
Sample 4,Moirai,0.5001001358032227
Sample 4,Chronos,0.49989983439445496
Sample 5,TimesFM,0.5003237128257751
Sample 5,Chronos,0.49967628717422485
Sample 6,TimesFM,0.5004026889801025
Sample 6,Chronos,0.49959731101989746
Sample 7,Moirai,0.5001164674758911
Sample 7,Time-MoE,0.4998835027217865
Sample 8,Moirai,0.5120163559913635
Sample 8,Chronos,0.4879836440086365
Sample 9,TimesFM,0.5005742311477661
Sample 9,Chronos,0.4994257986545563
Sample 10,Moirai,0.5004932284355164
Sample 10,Timer,0.49950680136680603
Sample 11,TimesFM,0.500568151473999
Sample 11,Timer,0.49943187832832336
Sample 12,Moirai,0.5007330775260925
Sample 12,Time-MoE,0.49926692247390747
Sample 13,TimesFM,0.5005813837051392
Sample 13,Timer,0.49941861629486084
Sample 14,Chronos,0.5001369714736938
Sample 14,TimesFM,0.4998630881309509
Sample 15,Moirai,0.500159740447998
Sample 15,Time-MoE,0.49984022974967957
Sample 16,Moirai,0.5075247883796692
Sample 16,Time-MoE,0.4924751818180084
Sample 17,Moirai,0.5005217790603638
Sample 17,TimesFM,0.49947819113731384
Sample 18,Moirai,0.5005565285682678
Sample 18,Chronos,0.4994434118270874
Sample 19,TimesFM,0.5006815791130066
Sample 19,Timer,0.4993184208869934
Sample 20,Moirai,0.5031463503837585
Sample 20,Chronos,0.49685367941856384
Sample 21,TimesFM,0.5008813142776489
Sample 21,Timer,0.49911871552467346
Sample 22,TimesFM,0.5000593066215515
Sample 22,Chronos,0.4999406933784485
Sample 23,Time-MoE,0.500126838684082
Sample 23,Timer,0.49987316131591797
Sample 24,Moirai,0.5064213871955872
Sample 24,Time-MoE,0.49357858300209045
Sample 25,TimesFM,0.500587522983551
Sample 25,Chronos,0.499412477016449
Sample 26,Moirai,0.5041273236274719
Sample 26,Timer,0.4958726763725281
Sample 27,Moirai,0.5021336078643799
Sample 27,Timer,0.49786636233329773
Sample 28,Time-MoE,0.5030658841133118
Sample 28,Timer,0.49693405628204346
Sample 29,Moirai,0.5000451803207397
Sample 29,TimesFM,0.49995484948158264
Sample 30,Chronos,0.5001377463340759
Sample 30,Timer,0.4998622536659241
Sample 31,Time-MoE,0.5007519125938416
Sample 31,Moirai,0.49924805760383606
Sample 0,Moirai,0.5096210241317749
Sample 0,Timer,0.4903789460659027
Sample 1,Moirai,0.5011307001113892
Sample 1,TimesFM,0.49886927008628845
Sample 2,TimesFM,0.5001915693283081
Sample 2,Timer,0.4998084604740143
Sample 3,TimesFM,0.5001689195632935
Sample 3,Moirai,0.49983105063438416
Sample 4,TimesFM,0.5000119805335999
Sample 4,Time-MoE,0.49998798966407776
Sample 5,Moirai,0.5000981688499451
Sample 5,TimesFM,0.49990183115005493
Sample 6,Chronos,0.500308096408844
Sample 6,TimesFM,0.4996919333934784
Sample 7,Moirai,0.501214861869812
Sample 7,Time-MoE,0.4987850785255432
Sample 8,Moirai,0.5095453858375549
Sample 8,Chronos,0.49045464396476746
Sample 9,Moirai,0.5005677342414856
Sample 9,TimesFM,0.4994322657585144
Sample 10,Moirai,0.5013824701309204
Sample 10,Chronos,0.4986175298690796
Sample 11,Moirai,0.5009911060333252
Sample 11,Timer,0.4990088939666748
Sample 12,Chronos,0.5001633763313293
Sample 12,TimesFM,0.49983662366867065
Sample 13,Moirai,0.5014144778251648
Sample 13,TimesFM,0.4985854923725128
Sample 14,TimesFM,0.5014111399650574
Sample 14,Chronos,0.4985888600349426
Sample 15,Moirai,0.502372682094574
Sample 15,Time-MoE,0.4976273477077484
Sample 16,Moirai,0.5117695331573486
Sample 16,Timer,0.48823046684265137
Sample 17,Moirai,0.5010411739349365
Sample 17,TimesFM,0.4989587962627411
Sample 18,Time-MoE,0.5000609159469604
Sample 18,Timer,0.49993908405303955
Sample 19,Moirai,0.5002850890159607
Sample 19,TimesFM,0.4997149705886841
Sample 20,Moirai,0.5008847713470459
Sample 20,Chronos,0.4991152286529541
Sample 21,Moirai,0.5012625455856323
Sample 21,TimesFM,0.4987374246120453
Sample 22,Chronos,0.5005232691764832
Sample 22,Timer,0.49947676062583923
Sample 23,Time-MoE,0.5036736130714417
Sample 23,TimesFM,0.49632641673088074
Sample 24,Moirai,0.5076889991760254
Sample 24,Timer,0.4923110008239746
Sample 25,TimesFM,0.5006082057952881
Sample 25,Chronos,0.4993917942047119
Sample 26,Chronos,0.5001609921455383
Sample 26,Timer,0.49983903765678406
Sample 27,TimesFM,0.5008746385574341
Sample 27,Timer,0.4991254210472107
Sample 28,Time-MoE,0.5022042393684387
Sample 28,TimesFM,0.4977957308292389
Sample 29,TimesFM,0.5000460743904114
Sample 29,Moirai,0.499953955411911
Sample 30,TimesFM,0.5002081394195557
Sample 30,Chronos,0.49979180097579956
Sample 31,Time-MoE,0.5000304579734802
Sample 31,Moirai,0.49996957182884216
Sample 0,Moirai,0.5071967244148254
Sample 0,Time-MoE,0.49280327558517456
Sample 1,Moirai,0.501255214214325
Sample 1,TimesFM,0.4987448453903198
Sample 2,Moirai,0.5004367232322693
Sample 2,Chronos,0.4995632469654083
Sample 3,TimesFM,0.5005046725273132
Sample 3,Chronos,0.49949532747268677
Sample 4,Moirai,0.5028215050697327
Sample 4,Time-MoE,0.49717849493026733
Sample 5,Chronos,0.5005156397819519
Sample 5,TimesFM,0.4994843304157257
Sample 6,TimesFM,0.5001946091651917
Sample 6,Timer,0.4998053312301636
Sample 7,Moirai,0.50274258852005
Sample 7,Time-MoE,0.49725741147994995
Sample 8,Moirai,0.5050646066665649
Sample 8,Time-MoE,0.49493536353111267
Sample 9,TimesFM,0.5001043677330017
Sample 9,Moirai,0.4998956322669983
Sample 10,Moirai,0.500837504863739
Sample 10,Chronos,0.4991624355316162
Sample 11,TimesFM,0.50138258934021
Sample 11,Chronos,0.4986174404621124
Sample 12,Time-MoE,0.5033621191978455
Sample 12,TimesFM,0.49663785099983215
Sample 13,TimesFM,0.5003770589828491
Sample 13,Chronos,0.4996229410171509
Sample 14,TimesFM,0.5002055764198303
Sample 14,Timer,0.4997944235801697
Sample 15,Time-MoE,0.5017991065979004
Sample 15,Moirai,0.4982008934020996
Sample 16,Moirai,0.5060968995094299
Sample 16,Chronos,0.49390310049057007
Sample 17,TimesFM,0.5003620386123657
Sample 17,Chronos,0.4996379017829895
Sample 18,Time-MoE,0.5007389187812805
Sample 18,TimesFM,0.4992610216140747
Sample 19,Moirai,0.5046501159667969
Sample 19,Timer,0.4953499138355255
Sample 20,Time-MoE,0.5016845464706421
Sample 20,TimesFM,0.4983154237270355
Sample 21,Moirai,0.5000820755958557
Sample 21,TimesFM,0.4999178946018219
Sample 22,Chronos,0.500938892364502
Sample 22,TimesFM,0.49906110763549805
Sample 23,Time-MoE,0.5003939867019653
Sample 23,TimesFM,0.4996059834957123
Sample 24,Moirai,0.5040340423583984
Sample 24,Time-MoE,0.49596601724624634
Sample 25,TimesFM,0.5001745820045471
Sample 25,Chronos,0.4998254179954529
Sample 26,Moirai,0.5005662441253662
Sample 26,Chronos,0.4994337856769562
Sample 27,TimesFM,0.500980019569397
Sample 27,Timer,0.49901995062828064
Sample 28,Time-MoE,0.5032260417938232
Sample 28,TimesFM,0.49677392840385437
Sample 29,TimesFM,0.5003933310508728
Sample 29,Chronos,0.4996066987514496
Sample 30,TimesFM,0.5000898838043213
Sample 30,Chronos,0.49991005659103394
Sample 31,Time-MoE,0.5027229189872742
Sample 31,Moirai,0.49727705121040344
Sample 0,Moirai,0.5087814927101135
Sample 0,Time-MoE,0.49121853709220886
Sample 1,Moirai,0.5017098188400269
Sample 1,Chronos,0.49829021096229553
Sample 2,Moirai,0.5039218068122864
Sample 2,Chronos,0.49607816338539124
Sample 3,Moirai,0.5010103583335876
Sample 3,TimesFM,0.49898961186408997
Sample 4,Chronos,0.5002793073654175
Sample 4,Timer,0.4997206926345825
Sample 5,Moirai,0.50529545545578
Sample 5,Chronos,0.49470457434654236
Sample 6,Moirai,0.5020484328269958
Sample 6,Chronos,0.49795159697532654
Sample 7,Moirai,0.5022823214530945
Sample 7,Time-MoE,0.4977177083492279
Sample 8,Moirai,0.5139798521995544
Sample 8,Time-MoE,0.48602014780044556
Sample 9,Chronos,0.5001805424690247
Sample 9,TimesFM,0.49981948733329773
Sample 10,TimesFM,0.5004289746284485
Sample 10,Time-MoE,0.4995710551738739
Sample 11,TimesFM,0.5008489489555359
Sample 11,Timer,0.4991510510444641
Sample 12,Time-MoE,0.5003731846809387
Sample 12,Moirai,0.49962684512138367
Sample 13,Chronos,0.5000469088554382
Sample 13,TimesFM,0.49995312094688416
Sample 14,Chronos,0.5002793073654175
Sample 14,TimesFM,0.4997206926345825
Sample 15,Moirai,0.5013856887817383
Sample 15,Time-MoE,0.49861425161361694
Sample 16,Moirai,0.5136814117431641
Sample 16,Time-MoE,0.48631858825683594
Sample 17,Chronos,0.5001628398895264
Sample 17,TimesFM,0.49983716011047363
Sample 18,Moirai,0.5017414093017578
Sample 18,Time-MoE,0.4982585608959198
Sample 19,TimesFM,0.5007021427154541
Sample 19,Timer,0.4992978572845459
Sample 20,Time-MoE,0.5019274353981018
Sample 20,TimesFM,0.4980725646018982
Sample 21,Chronos,0.5000655055046082
Sample 21,TimesFM,0.49993449449539185
Sample 22,Moirai,0.5018759965896606
Sample 22,Chronos,0.49812403321266174
Sample 23,Time-MoE,0.5000857710838318
Sample 23,Moirai,0.4999142587184906
Sample 24,Moirai,0.5076919198036194
Sample 24,Time-MoE,0.492308109998703
Sample 25,TimesFM,0.5001881718635559
Sample 25,Chronos,0.4998118281364441
Sample 26,Moirai,0.500025749206543
Sample 26,Time-MoE,0.4999742805957794
Sample 27,TimesFM,0.5006425380706787
Sample 27,Chronos,0.4993574917316437
Sample 28,Moirai,0.5002442002296448
Sample 28,Time-MoE,0.4997557997703552
Sample 29,TimesFM,0.5007685422897339
Sample 29,Chronos,0.4992314577102661
Sample 30,Chronos,0.5001516342163086
Sample 30,Timer,0.499848335981369
Sample 31,Moirai,0.5010132789611816
Sample 31,Time-MoE,0.49898672103881836
Sample 0,Moirai,0.5133867859840393
Sample 0,Chronos,0.4866131544113159
Sample 1,Chronos,0.5000218749046326
Sample 1,Moirai,0.4999781548976898
Sample 2,Chronos,0.5003982782363892
Sample 2,Timer,0.49960172176361084
Sample 3,TimesFM,0.5002999901771545
Sample 3,Chronos,0.49970003962516785
Sample 4,Moirai,0.5009011626243591
Sample 4,Chronos,0.49909886717796326
Sample 5,Chronos,0.5001082420349121
Sample 5,TimesFM,0.4998916983604431
Sample 6,Moirai,0.5001250505447388
Sample 6,Chronos,0.49987494945526123
Sample 7,Moirai,0.503852903842926
Sample 7,Time-MoE,0.4961470663547516
Sample 8,Moirai,0.513127863407135
Sample 8,Timer,0.4868721067905426
Sample 9,Chronos,0.5000920295715332
Sample 9,Moirai,0.499907910823822
Sample 10,Moirai,0.5018579363822937
Sample 10,Time-MoE,0.4981420040130615
Sample 11,Moirai,0.5049911141395569
Sample 11,Timer,0.4950088858604431
Sample 12,Chronos,0.5009028911590576
Sample 12,Moirai,0.49909707903862
Sample 13,Moirai,0.5010044574737549
Sample 13,TimesFM,0.49899551272392273
Sample 14,Chronos,0.5005849003791809
Sample 14,TimesFM,0.4994150996208191
Sample 15,Time-MoE,0.5013615489006042
Sample 15,TimesFM,0.49863848090171814
Sample 16,Moirai,0.5098885297775269
Sample 16,Timer,0.49011141061782837
Sample 17,Chronos,0.5001815557479858
Sample 17,TimesFM,0.49981847405433655
Sample 18,Moirai,0.5014463663101196
Sample 18,Timer,0.49855363368988037
Sample 19,TimesFM,0.5010616183280945
Sample 19,Timer,0.4989383816719055
Sample 20,Time-MoE,0.5027266144752502
Sample 20,TimesFM,0.49727338552474976
Sample 21,TimesFM,0.5000696182250977
Sample 21,Chronos,0.49993035197257996
Sample 22,Chronos,0.5004776120185852
Sample 22,Timer,0.4995223879814148
Sample 23,Time-MoE,0.5025528073310852
Sample 23,Moirai,0.4974471926689148
Sample 24,Moirai,0.5145877003669739
Sample 24,Time-MoE,0.4854122996330261
Sample 25,Chronos,0.5002645254135132
Sample 25,TimesFM,0.49973544478416443
Sample 26,Moirai,0.5016453266143799
Sample 26,Timer,0.4983547329902649
Sample 27,TimesFM,0.5005165934562683
Sample 27,Chronos,0.4994833767414093
Sample 28,Moirai,0.5005910396575928
Sample 28,Time-MoE,0.4994089603424072
Sample 29,Chronos,0.5003180503845215
Sample 29,TimesFM,0.49968189001083374
Sample 30,Chronos,0.5004339814186096
Sample 30,Moirai,0.4995660185813904
Sample 31,Moirai,0.5049686431884766
Sample 31,Time-MoE,0.49503135681152344
Sample 0,Moirai,0.5128401517868042
Sample 0,Time-MoE,0.4871598780155182
Sample 1,Chronos,0.5003415942192078
Sample 1,TimesFM,0.49965837597846985
Sample 2,Timer,0.5008580684661865
Sample 2,TimesFM,0.49914199113845825
Sample 3,TimesFM,0.5000792145729065
Sample 3,Chronos,0.4999208152294159
Sample 4,Time-MoE,0.5013186931610107
Sample 4,Moirai,0.49868133664131165
Sample 5,Chronos,0.5004360675811768
Sample 5,TimesFM,0.49956393241882324
Sample 6,Moirai,0.5003451108932495
Sample 6,Chronos,0.4996549189090729
Sample 7,Moirai,0.5015296339988708
Sample 7,Time-MoE,0.49847033619880676
Sample 8,Moirai,0.5128971934318542
Sample 8,Time-MoE,0.48710283637046814
Sample 9,Moirai,0.5006290078163147
Sample 9,Chronos,0.4993709623813629
Sample 10,Moirai,0.5024305582046509
Sample 10,Chronos,0.4975694417953491
Sample 11,Moirai,0.5010057687759399
Sample 11,Chronos,0.49899420142173767
Sample 12,Time-MoE,0.5000590085983276
Sample 12,Timer,0.49994102120399475
Sample 13,TimesFM,0.5013724565505981
Sample 13,Chronos,0.49862757325172424
Sample 14,Chronos,0.5003499984741211
Sample 14,Timer,0.4996500313282013
Sample 15,Moirai,0.5033567547798157
Sample 15,Time-MoE,0.4966433048248291
Sample 16,Moirai,0.5110635757446289
Sample 16,Time-MoE,0.4889363944530487
Sample 17,Moirai,0.5011802315711975
Sample 17,Chronos,0.4988197684288025
Sample 18,Moirai,0.5037139058113098
Sample 18,Time-MoE,0.4962860345840454
Sample 19,Moirai,0.5000960230827332
Sample 19,Chronos,0.49990394711494446
Sample 20,TimesFM,0.5001831650733948
Sample 20,Timer,0.4998168647289276
Sample 21,Moirai,0.5005637407302856
Sample 21,TimesFM,0.49943631887435913
Sample 22,Chronos,0.5005200505256653
Sample 22,Timer,0.4994799494743347
Sample 23,Moirai,0.5014565587043762
Sample 23,Time-MoE,0.4985434114933014
Sample 24,Moirai,0.5128902196884155
Sample 24,Chronos,0.4871097505092621
Sample 25,Chronos,0.5001509189605713
Sample 25,TimesFM,0.4998490512371063
Sample 26,Moirai,0.5009648203849792
Sample 26,Timer,0.49903520941734314
Sample 27,Chronos,0.5002509355545044
Sample 27,TimesFM,0.4997490644454956
Sample 28,Time-MoE,0.500263512134552
Sample 28,Timer,0.4997364580631256
Sample 29,Chronos,0.5002977252006531
Sample 29,TimesFM,0.4997023046016693
Sample 30,Moirai,0.5007752180099487
Sample 30,Chronos,0.49922478199005127
Sample 31,Time-MoE,0.501939058303833
Sample 31,TimesFM,0.498060941696167
Sample 0,Moirai,0.5077368021011353
Sample 0,Chronos,0.49226319789886475
Sample 1,Chronos,0.5000175833702087
Sample 1,TimesFM,0.49998244643211365
Sample 2,Moirai,0.5006471872329712
Sample 2,Chronos,0.4993527829647064
Sample 3,TimesFM,0.5005847811698914
Sample 3,Chronos,0.49941521883010864
Sample 4,TimesFM,0.5006923675537109
Sample 4,Time-MoE,0.49930763244628906
Sample 5,Moirai,0.5005531311035156
Sample 5,Chronos,0.4994468688964844
Sample 6,TimesFM,0.5000941157341003
Sample 6,Chronos,0.49990588426589966
Sample 7,Moirai,0.5000893473625183
Sample 7,Time-MoE,0.4999105930328369
Sample 8,Moirai,0.5171447396278381
Sample 8,Timer,0.4828552305698395
Sample 9,Moirai,0.5001893639564514
Sample 9,Chronos,0.49981066584587097
Sample 10,Timer,0.5005074739456177
Sample 10,Chronos,0.4994925260543823
Sample 11,TimesFM,0.5004633665084839
Sample 11,Chronos,0.4995366632938385
Sample 12,Chronos,0.5002942085266113
Sample 12,Moirai,0.4997057616710663
Sample 13,Moirai,0.5002667903900146
Sample 13,Chronos,0.4997331500053406
Sample 14,Chronos,0.5003081560134888
Sample 14,Timer,0.49969181418418884
Sample 15,Moirai,0.5016027688980103
Sample 15,Time-MoE,0.49839720129966736
Sample 0,Moirai,0.5184654593467712
Sample 0,Timer,0.48153457045555115
Sample 1,Chronos,0.5001397132873535
Sample 1,TimesFM,0.49986031651496887
Sample 2,TimesFM,0.5002878904342651
Sample 2,Time-MoE,0.4997120797634125
Sample 3,TimesFM,0.5005011558532715
Sample 3,Chronos,0.4994988441467285
Sample 4,Chronos,0.5001300573348999
Sample 4,Moirai,0.4998699426651001
Sample 5,Chronos,0.5003085732460022
Sample 5,TimesFM,0.4996914267539978
Sample 6,Chronos,0.5000230073928833
Sample 6,TimesFM,0.4999769628047943
Sample 7,Moirai,0.502953052520752
Sample 7,Time-MoE,0.49704697728157043
Sample 8,Moirai,0.5176408886909485
Sample 8,Timer,0.4823590815067291
Sample 9,TimesFM,0.5000132918357849
Sample 9,Chronos,0.4999867379665375
Sample 10,Moirai,0.5006307363510132
Sample 10,Timer,0.4993692636489868
Sample 11,TimesFM,0.5005305409431458
Sample 11,Timer,0.49946945905685425
Sample 12,Moirai,0.5030494332313538
Sample 12,Time-MoE,0.49695056676864624
Sample 13,TimesFM,0.5001660585403442
Sample 13,Chronos,0.49983397126197815
Sample 14,Chronos,0.500353217124939
Sample 14,Timer,0.4996468126773834
Sample 15,Moirai,0.5029585957527161
Sample 15,Time-MoE,0.49704137444496155
Sample 16,Moirai,0.5120067000389099
Sample 16,Timer,0.4879932701587677
Sample 17,Moirai,0.500880777835846
Sample 17,Chronos,0.49911922216415405
Sample 18,Moirai,0.5011057257652283
Sample 18,Chronos,0.4988943040370941
Sample 19,TimesFM,0.5003647804260254
Sample 19,Chronos,0.4996352195739746
Sample 20,Moirai,0.5047979354858398
Sample 20,Chronos,0.49520209431648254
Sample 21,TimesFM,0.5006704330444336
Sample 21,Chronos,0.4993295967578888
Sample 22,Chronos,0.500237762928009
Sample 22,TimesFM,0.49976223707199097
Sample 23,Timer,0.5001083016395569
Sample 23,Time-MoE,0.4998916685581207
Sample 24,Moirai,0.5115411281585693
Sample 24,Time-MoE,0.48845887184143066
Sample 25,TimesFM,0.5000535845756531
Sample 25,Chronos,0.4999464452266693
Sample 26,Moirai,0.505946695804596
Sample 26,Timer,0.49405330419540405
Sample 27,Moirai,0.5030543804168701
Sample 27,Timer,0.49694564938545227
Sample 28,Time-MoE,0.5021395087242126
Sample 28,Timer,0.49786052107810974
Sample 29,Moirai,0.5001945495605469
Sample 29,TimesFM,0.4998054504394531
Sample 30,Chronos,0.5000907182693481
Sample 30,Timer,0.49990925192832947
Sample 31,Moirai,0.5009397864341736
Sample 31,Time-MoE,0.4990602433681488
Sample 0,Moirai,0.5135167241096497
Sample 0,Time-MoE,0.48648330569267273
Sample 1,Moirai,0.5012383460998535
Sample 1,Chronos,0.4987615942955017
Sample 2,Timer,0.5000839829444885
Sample 2,Chronos,0.49991604685783386
Sample 3,TimesFM,0.5003266930580139
Sample 3,Moirai,0.4996733069419861
Sample 4,TimesFM,0.5002726912498474
Sample 4,Time-MoE,0.4997272491455078
Sample 5,TimesFM,0.5001000165939331
Sample 5,Moirai,0.4998999536037445
Sample 6,Chronos,0.5004452466964722
Sample 6,Timer,0.4995547831058502
Sample 7,Moirai,0.504174530506134
Sample 7,Time-MoE,0.4958254396915436
Sample 8,Moirai,0.5137573480606079
Sample 8,Timer,0.4862426817417145
Sample 9,Moirai,0.5005771517753601
Sample 9,TimesFM,0.4994228780269623
Sample 10,Moirai,0.5017222762107849
Sample 10,Timer,0.4982777535915375
Sample 11,Moirai,0.5013139247894287
Sample 11,Timer,0.4986860454082489
Sample 12,Chronos,0.5006474256515503
Sample 12,TimesFM,0.4993526041507721
Sample 13,Moirai,0.5017552375793457
Sample 13,TimesFM,0.4982447922229767
Sample 14,TimesFM,0.5012902021408081
Sample 14,Chronos,0.4987098276615143
Sample 15,Moirai,0.5046566128730774
Sample 15,Time-MoE,0.4953433871269226
Sample 16,Moirai,0.5171445608139038
Sample 16,Timer,0.4828554093837738
Sample 17,Moirai,0.5012617111206055
Sample 17,TimesFM,0.49873825907707214
Sample 18,Timer,0.5000691413879395
Sample 18,Chronos,0.49993088841438293
Sample 19,Moirai,0.5002856254577637
Sample 19,TimesFM,0.49971437454223633
Sample 20,Moirai,0.500882089138031
Sample 20,Chronos,0.4991179406642914
Sample 21,Moirai,0.5015774965286255
Sample 21,TimesFM,0.4984225034713745
Sample 22,Chronos,0.5004063844680786
Sample 22,Timer,0.4995936453342438
Sample 23,Time-MoE,0.5026280879974365
Sample 23,TimesFM,0.4973719120025635
Sample 24,Moirai,0.5108109712600708
Sample 24,Timer,0.4891889989376068
Sample 25,TimesFM,0.5004228353500366
Sample 25,Chronos,0.49957719445228577
Sample 26,Chronos,0.5000190138816833
Sample 26,Timer,0.49998098611831665
Sample 27,TimesFM,0.5010237097740173
Sample 27,Timer,0.49897629022598267
Sample 28,Time-MoE,0.5011536478996277
Sample 28,TimesFM,0.4988463521003723
Sample 29,TimesFM,0.5003750324249268
Sample 29,Moirai,0.49962496757507324
Sample 30,Chronos,0.5001605749130249
Sample 30,TimesFM,0.4998393952846527
Sample 31,Moirai,0.5026928782463074
Sample 31,Time-MoE,0.4973071217536926
Sample 0,Moirai,0.5116807222366333
Sample 0,Time-MoE,0.4883192777633667
Sample 1,Moirai,0.5011906623840332
Sample 1,TimesFM,0.4988093078136444
Sample 2,Moirai,0.5006051659584045
Sample 2,Chronos,0.49939483404159546
Sample 3,TimesFM,0.5008194446563721
Sample 3,Chronos,0.49918049573898315
Sample 4,Moirai,0.5047334432601929
Sample 4,Time-MoE,0.49526652693748474
Sample 5,Chronos,0.5004291534423828
Sample 5,Timer,0.4995708763599396
Sample 6,Timer,0.5002729296684265
Sample 6,TimesFM,0.4997270703315735
Sample 7,Moirai,0.5048874020576477
Sample 7,Time-MoE,0.4951125681400299
Sample 8,Moirai,0.5095694661140442
Sample 8,Time-MoE,0.4904305338859558
Sample 9,TimesFM,0.5004060864448547
Sample 9,Chronos,0.49959394335746765
Sample 10,Moirai,0.5009781122207642
Sample 10,Chronos,0.4990219175815582
Sample 11,TimesFM,0.5014468431472778
Sample 11,Chronos,0.49855318665504456
Sample 12,Time-MoE,0.5023317933082581
Sample 12,TimesFM,0.49766820669174194
Sample 13,TimesFM,0.500740110874176
Sample 13,Chronos,0.4992598593235016
Sample 14,TimesFM,0.5000746846199036
Sample 14,Timer,0.4999253451824188
Sample 15,Moirai,0.500262439250946
Sample 15,Time-MoE,0.49973753094673157
Sample 16,Moirai,0.5083613395690918
Sample 16,Chronos,0.4916386604309082
Sample 17,TimesFM,0.5004715323448181
Sample 17,Chronos,0.4995284378528595
Sample 18,Time-MoE,0.5002279281616211
Sample 18,Timer,0.4997720718383789
Sample 19,Moirai,0.5063729286193848
Sample 19,Timer,0.49362713098526
Sample 20,Time-MoE,0.5007479190826416
Sample 20,TimesFM,0.4992521405220032
Sample 21,TimesFM,0.5004552006721497
Sample 21,Moirai,0.49954479932785034
Sample 22,Chronos,0.5012136697769165
Sample 22,Timer,0.4987863302230835
Sample 23,Time-MoE,0.5002442002296448
Sample 23,TimesFM,0.4997558295726776
Sample 24,Moirai,0.5083844661712646
Sample 24,Time-MoE,0.49161550402641296
Sample 25,TimesFM,0.5003540515899658
Sample 25,Chronos,0.4996459186077118
Sample 26,Moirai,0.5009265542030334
Sample 26,Chronos,0.49907347559928894
Sample 27,TimesFM,0.5011152625083923
Sample 27,Timer,0.49888476729393005
Sample 28,Time-MoE,0.5021173357963562
Sample 28,Timer,0.4978826940059662
Sample 29,TimesFM,0.5006231069564819
Sample 29,Chronos,0.4993768632411957
Sample 30,Timer,0.5000624656677246
Sample 30,TimesFM,0.4999375343322754
Sample 31,Time-MoE,0.5009341835975647
Sample 31,Moirai,0.4990658462047577
Sample 0,Moirai,0.5136662125587463
Sample 0,Time-MoE,0.48633378744125366
Sample 1,Moirai,0.501531183719635
Sample 1,TimesFM,0.498468816280365
Sample 2,Moirai,0.5053449273109436
Sample 2,Chronos,0.4946550130844116
Sample 3,Moirai,0.5005984306335449
Sample 3,TimesFM,0.4994015693664551
Sample 4,Chronos,0.5001792907714844
Sample 4,Timer,0.4998207092285156
Sample 5,Moirai,0.507334291934967
Sample 5,Chronos,0.49266567826271057
Sample 6,Moirai,0.5029777884483337
Sample 6,Chronos,0.49702224135398865
Sample 7,Moirai,0.5036656260490417
Sample 7,Time-MoE,0.49633437395095825
Sample 8,Moirai,0.5201035141944885
Sample 8,Time-MoE,0.4798964858055115
Sample 9,TimesFM,0.5003869533538818
Sample 9,Chronos,0.49961307644844055
Sample 10,TimesFM,0.500303328037262
Sample 10,Timer,0.49969664216041565
Sample 11,TimesFM,0.5012465715408325
Sample 11,Timer,0.49875345826148987
Sample 12,Moirai,0.5019052028656006
Sample 12,Time-MoE,0.498094767332077
Sample 13,TimesFM,0.500300407409668
Sample 13,Timer,0.4996996223926544
Sample 14,Chronos,0.5000860691070557
Sample 14,TimesFM,0.4999139606952667
Sample 15,Moirai,0.5042567849159241
Sample 15,Time-MoE,0.4957432448863983
Sample 16,Moirai,0.519425630569458
Sample 16,Chronos,0.480574369430542
Sample 17,Chronos,0.5001310110092163
Sample 17,TimesFM,0.4998689889907837
Sample 18,Moirai,0.5032670497894287
Sample 18,Time-MoE,0.4967329800128937
Sample 19,TimesFM,0.5009452104568481
Sample 19,Timer,0.49905478954315186
Sample 20,Time-MoE,0.5011799931526184
Sample 20,TimesFM,0.4988200068473816
Sample 21,TimesFM,0.5002939701080322
Sample 21,Chronos,0.49970605969429016
Sample 22,Moirai,0.5027014017105103
Sample 22,Chronos,0.49729859828948975
Sample 23,Moirai,0.5021059513092041
Sample 23,Time-MoE,0.4978940784931183
Sample 24,Moirai,0.5129098296165466
Sample 24,Time-MoE,0.48709017038345337
Sample 25,TimesFM,0.5006462931632996
Sample 25,Timer,0.49935370683670044
Sample 26,Moirai,0.5017267465591431
Sample 26,Chronos,0.4982732832431793
Sample 27,TimesFM,0.5010302066802979
Sample 27,Timer,0.49896979331970215
Sample 28,Moirai,0.5028221011161804
Sample 28,Time-MoE,0.4971778988838196
Sample 29,TimesFM,0.5008764863014221
Sample 29,Timer,0.4991235136985779
Sample 30,Timer,0.5001469850540161
Sample 30,Chronos,0.49985307455062866
Sample 31,Moirai,0.5040493607521057
Sample 31,Time-MoE,0.4959506094455719
Sample 0,Moirai,0.5185369253158569
Sample 0,Time-MoE,0.48146310448646545
Sample 1,TimesFM,0.5005847215652466
Sample 1,Chronos,0.4994152784347534
Sample 2,Chronos,0.5002487897872925
Sample 2,Timer,0.4997512102127075
Sample 3,TimesFM,0.5011314153671265
Sample 3,Timer,0.49886855483055115
Sample 4,Moirai,0.501156747341156
Sample 4,Chronos,0.4988432228565216
Sample 5,TimesFM,0.5004682540893555
Sample 5,Timer,0.49953171610832214
Sample 6,Moirai,0.5001778602600098
Sample 6,Chronos,0.4998221695423126
Sample 7,Moirai,0.5064389109611511
Sample 7,Time-MoE,0.4935610592365265
Sample 8,Moirai,0.5181085467338562
Sample 8,Chronos,0.4818914532661438
Sample 9,TimesFM,0.5006237030029297
Sample 9,Chronos,0.4993763267993927
Sample 10,Moirai,0.5025941133499146
Sample 10,Time-MoE,0.49740591645240784
Sample 11,Moirai,0.5067909955978394
Sample 11,TimesFM,0.4932090640068054
Sample 12,Chronos,0.501136302947998
Sample 12,Moirai,0.49886372685432434
Sample 13,Moirai,0.5003551244735718
Sample 13,TimesFM,0.4996449053287506
Sample 14,Chronos,0.5005481839179993
Sample 14,Timer,0.4994518458843231
Sample 15,Time-MoE,0.5011392831802368
Sample 15,Timer,0.4988607168197632
Sample 16,Moirai,0.5133203864097595
Sample 16,TimesFM,0.48667964339256287
Sample 17,TimesFM,0.5005315542221069
Sample 17,Chronos,0.49946844577789307
Sample 18,Moirai,0.5017185211181641
Sample 18,Timer,0.49828147888183594
Sample 19,TimesFM,0.501139760017395
Sample 19,Timer,0.4988601803779602
Sample 20,Time-MoE,0.5016156435012817
Sample 20,Chronos,0.49838435649871826
Sample 21,TimesFM,0.5009289383888245
Sample 21,Timer,0.4990710914134979
Sample 22,Chronos,0.5001078844070435
Sample 22,TimesFM,0.49989211559295654
Sample 23,Time-MoE,0.5009378790855408
Sample 23,Moirai,0.49906209111213684
Sample 24,Moirai,0.5206920504570007
Sample 24,Time-MoE,0.4793079197406769
Sample 25,TimesFM,0.5005913376808167
Sample 25,Chronos,0.49940866231918335
Sample 26,Moirai,0.50196772813797
Sample 26,Timer,0.49803221225738525
Sample 27,TimesFM,0.5012673139572144
Sample 27,Timer,0.49873268604278564
Sample 28,Moirai,0.5029624104499817
Sample 28,Time-MoE,0.4970376491546631
Sample 29,TimesFM,0.5001474022865295
Sample 29,Chronos,0.49985259771347046
Sample 30,Chronos,0.5002661347389221
Sample 30,Timer,0.4997338652610779
Sample 31,Moirai,0.5081412196159363
Sample 31,Time-MoE,0.49185875058174133
Sample 0,Moirai,0.5185846090316772
Sample 0,Time-MoE,0.48141542077064514
Sample 1,TimesFM,0.5007969737052917
Sample 1,Timer,0.49920302629470825
Sample 2,Timer,0.5013005137443542
Sample 2,Chronos,0.49869948625564575
Sample 3,TimesFM,0.5011150240898132
Sample 3,Timer,0.49888497591018677
Sample 4,Moirai,0.5002947449684143
Sample 4,Chronos,0.4997052252292633
Sample 5,TimesFM,0.5005878806114197
Sample 5,Timer,0.4994121193885803
Sample 6,Moirai,0.5006071329116821
Sample 6,Chronos,0.4993928074836731
Sample 7,Moirai,0.5034474730491638
Sample 7,Time-MoE,0.4965524971485138
Sample 8,Moirai,0.5182787775993347
Sample 8,Time-MoE,0.48172128200531006
Sample 9,TimesFM,0.5000858306884766
Sample 9,Moirai,0.49991413950920105
Sample 10,Moirai,0.5032684803009033
Sample 10,Chronos,0.4967314898967743
Sample 11,Moirai,0.5004605650901794
Sample 11,TimesFM,0.49953946471214294
Sample 12,Timer,0.5000370740890503
Sample 12,Time-MoE,0.4999628961086273
Sample 13,TimesFM,0.5013219714164734
Sample 13,Timer,0.4986780285835266
Sample 14,Chronos,0.5005759000778198
Sample 14,Timer,0.49942412972450256
Sample 15,Moirai,0.5047460794448853
Sample 15,Chronos,0.49525392055511475
Sample 16,Moirai,0.5164575576782227
Sample 16,Time-MoE,0.48354247212409973
Sample 17,Moirai,0.5004680752754211
Sample 17,TimesFM,0.49953192472457886
Sample 18,Moirai,0.5064564347267151
Sample 18,Chronos,0.4935435354709625
Sample 19,TimesFM,0.5010705590248108
Sample 19,Timer,0.4989294111728668
Sample 20,TimesFM,0.500389039516449
Sample 20,Timer,0.49961093068122864
Sample 21,TimesFM,0.5006495118141174
Sample 21,Moirai,0.49935051798820496
Sample 22,Chronos,0.5001531839370728
Sample 22,Timer,0.49984678626060486
Sample 23,Moirai,0.5044684410095215
Sample 23,Time-MoE,0.4955315887928009
Sample 24,Moirai,0.5173711180686951
Sample 24,Chronos,0.48262885212898254
Sample 25,TimesFM,0.5009040832519531
Sample 25,Timer,0.4990958571434021
Sample 26,Moirai,0.501562774181366
Sample 26,Timer,0.49843722581863403
Sample 27,TimesFM,0.5006873607635498
Sample 27,Timer,0.4993126094341278
Sample 28,Time-MoE,0.5000760555267334
Sample 28,Timer,0.499923974275589
Sample 29,TimesFM,0.5005970001220703
Sample 29,Chronos,0.4994029700756073
Sample 30,Moirai,0.5013476610183716
Sample 30,Chronos,0.49865230917930603
Sample 31,Time-MoE,0.5016462206840515
Sample 31,Timer,0.4983538091182709
Sample 0,Moirai,0.5092860460281372
Sample 0,TimesFM,0.49071401357650757
Sample 1,TimesFM,0.5010461807250977
Sample 1,Timer,0.49895381927490234
Sample 2,Moirai,0.5008870363235474
Sample 2,Chronos,0.49911293387413025
Sample 3,TimesFM,0.5015174150466919
Sample 3,Timer,0.4984826147556305
Sample 4,Timer,0.5002239942550659
Sample 4,TimesFM,0.49977606534957886
Sample 5,TimesFM,0.5008194446563721
Sample 5,Moirai,0.49918049573898315
Sample 6,TimesFM,0.5008989572525024
Sample 6,Timer,0.49910104274749756
Sample 7,Moirai,0.5020259022712708
Sample 7,Time-MoE,0.49797412753105164
Sample 8,Moirai,0.5234061479568481
Sample 8,Chronos,0.47659385204315186
Sample 9,TimesFM,0.5010417699813843
Sample 9,Moirai,0.49895817041397095
Sample 10,Timer,0.5008106827735901
Sample 10,Chronos,0.4991893470287323
Sample 11,TimesFM,0.5016037225723267
Sample 11,Timer,0.4983963072299957
Sample 12,Chronos,0.5003240704536438
Sample 12,Moirai,0.499675989151001
Sample 13,TimesFM,0.5008538961410522
Sample 13,Moirai,0.49914610385894775
Sample 14,TimesFM,0.5004132390022278
Sample 14,Timer,0.4995867908000946
Sample 15,Moirai,0.5045831203460693
Sample 15,Time-MoE,0.49541687965393066
Sample 0,Moirai,0.5244892239570618
Sample 0,Chronos,0.475510835647583
Sample 1,TimesFM,0.5012505054473877
Sample 1,Timer,0.4987494945526123
Sample 2,Timer,0.5000147223472595
Sample 2,TimesFM,0.4999852776527405
Sample 3,TimesFM,0.5015700459480286
Sample 3,Timer,0.49842995405197144
Sample 4,Chronos,0.5001935958862305
Sample 4,Moirai,0.49980640411376953
Sample 5,TimesFM,0.5010198354721069
Sample 5,Timer,0.49898016452789307
Sample 6,TimesFM,0.5007354021072388
Sample 6,Timer,0.49926459789276123
Sample 7,Moirai,0.5062313079833984
Sample 7,Time-MoE,0.49376872181892395
Sample 8,Moirai,0.5232813358306885
Sample 8,Chronos,0.47671863436698914
Sample 9,TimesFM,0.5013040900230408
Sample 9,Timer,0.49869588017463684
Sample 10,Moirai,0.5008906722068787
Sample 10,Timer,0.49910932779312134
Sample 11,TimesFM,0.5015287399291992
Sample 11,Timer,0.49847128987312317
Sample 12,Moirai,0.504841148853302
Sample 12,Chronos,0.495158851146698
Sample 13,TimesFM,0.501349925994873
Sample 13,Timer,0.49865007400512695
Sample 14,Timer,0.5000579953193665
Sample 14,Chronos,0.49994200468063354
Sample 15,Moirai,0.5062167644500732
Sample 15,Time-MoE,0.49378326535224915
Sample 16,Moirai,0.5166749358177185
Sample 16,Chronos,0.4833250343799591
Sample 17,TimesFM,0.500521183013916
Sample 17,Moirai,0.4994787871837616
Sample 18,Moirai,0.5016332864761353
Sample 18,Chronos,0.49836668372154236
Sample 19,TimesFM,0.5015090703964233
Sample 19,Timer,0.49849092960357666
Sample 20,Moirai,0.5062999725341797
Sample 20,Chronos,0.4937000274658203
Sample 21,TimesFM,0.5017662048339844
Sample 21,Timer,0.4982337951660156
Sample 22,Chronos,0.5001155734062195
Sample 22,TimesFM,0.49988436698913574
Sample 23,Timer,0.5003629326820374
Sample 23,Time-MoE,0.49963706731796265
Sample 24,Moirai,0.5171395540237427
Sample 24,Time-MoE,0.48286038637161255
Sample 25,TimesFM,0.5013684034347534
Sample 25,Timer,0.49863162636756897
Sample 26,Moirai,0.5074729919433594
Sample 26,TimesFM,0.49252694845199585
Sample 27,Moirai,0.503411054611206
Sample 27,TimesFM,0.49658891558647156
Sample 28,Time-MoE,0.501036524772644
Sample 28,Chronos,0.49896347522735596
Sample 29,TimesFM,0.5013426542282104
Sample 29,Moirai,0.4986572861671448
Sample 30,TimesFM,0.5001118779182434
Sample 30,Timer,0.4998880624771118
Sample 31,Moirai,0.5029318928718567
Sample 31,Time-MoE,0.4970681667327881
Sample 0,Moirai,0.517400324344635
Sample 0,TimesFM,0.48259973526000977
Sample 1,TimesFM,0.5000105500221252
Sample 1,Moirai,0.49998944997787476
Sample 2,Chronos,0.5001035332679749
Sample 2,Timer,0.49989646673202515
Sample 3,TimesFM,0.5018140077590942
Sample 3,Timer,0.4981859624385834
Sample 4,TimesFM,0.5001602172851562
Sample 4,Time-MoE,0.49983978271484375
Sample 5,TimesFM,0.5013594627380371
Sample 5,Timer,0.4986405670642853
Sample 6,Chronos,0.5003039240837097
Sample 6,TimesFM,0.4996960461139679
Sample 7,Moirai,0.5074918866157532
Sample 7,Time-MoE,0.4925081431865692
Sample 8,Moirai,0.5182234644889832
Sample 8,Chronos,0.48177653551101685
Sample 9,TimesFM,0.500975489616394
Sample 9,Moirai,0.49902448058128357
Sample 10,Moirai,0.501929759979248
Sample 10,TimesFM,0.4980701804161072
Sample 11,Moirai,0.5016085505485535
Sample 11,Timer,0.4983914792537689
Sample 12,Chronos,0.5008975863456726
Sample 12,TimesFM,0.499102383852005
Sample 13,Moirai,0.500536322593689
Sample 13,TimesFM,0.4994637072086334
Sample 14,TimesFM,0.5023263096809387
Sample 14,Chronos,0.49767372012138367
Sample 15,Moirai,0.5071465373039246
Sample 15,Time-MoE,0.4928535223007202
Sample 16,Moirai,0.5227903127670288
Sample 16,Time-MoE,0.4772096872329712
Sample 17,TimesFM,0.5001228451728821
Sample 17,Moirai,0.4998772144317627
Sample 18,Timer,0.5000961422920227
Sample 18,Chronos,0.4999038577079773
Sample 19,TimesFM,0.5012490749359131
Sample 19,Moirai,0.4987508952617645
Sample 20,Moirai,0.5002065300941467
Sample 20,TimesFM,0.49979346990585327
Sample 21,Moirai,0.5003044009208679
Sample 21,TimesFM,0.49969562888145447
Sample 22,Chronos,0.5005326867103577
Sample 22,Timer,0.4994673430919647
Sample 23,Time-MoE,0.5013967752456665
Sample 23,Chronos,0.4986031651496887
Sample 24,Moirai,0.5137438774108887
Sample 24,TimesFM,0.4862561821937561
Sample 25,TimesFM,0.5016487240791321
Sample 25,Timer,0.49835124611854553
Sample 26,Timer,0.5002119541168213
Sample 26,Chronos,0.4997880458831787
Sample 27,TimesFM,0.5019441246986389
Sample 27,Timer,0.4980558156967163
Sample 28,Chronos,0.5003182888031006
Sample 28,Time-MoE,0.49968165159225464
Sample 29,TimesFM,0.5019569396972656
Sample 29,Timer,0.4980430603027344
Sample 30,TimesFM,0.5004147887229919
Sample 30,Timer,0.49958518147468567
Sample 31,Moirai,0.5057927370071411
Sample 31,Time-MoE,0.4942072927951813
Sample 0,Moirai,0.5163161158561707
Sample 0,Time-MoE,0.48368388414382935
Sample 1,TimesFM,0.5000923275947571
Sample 1,Moirai,0.49990764260292053
Sample 2,Moirai,0.5005236864089966
Sample 2,TimesFM,0.4994763433933258
Sample 3,TimesFM,0.5020226240158081
Sample 3,Timer,0.49797743558883667
Sample 4,Moirai,0.5067353844642639
Sample 4,Time-MoE,0.4932645857334137
Sample 5,Chronos,0.500431478023529
Sample 5,Timer,0.49956855177879333
Sample 6,Timer,0.500165581703186
Sample 6,TimesFM,0.49983444809913635
Sample 7,Moirai,0.5071564316749573
Sample 7,Time-MoE,0.4928435683250427
Sample 8,Moirai,0.5143557786941528
Sample 8,Time-MoE,0.4856441915035248
Sample 9,TimesFM,0.5017410516738892
Sample 9,Timer,0.49825894832611084
Sample 10,Moirai,0.500363290309906
Sample 10,TimesFM,0.4996366500854492
Sample 11,TimesFM,0.5018014907836914
Sample 11,Timer,0.49819856882095337
Sample 12,Time-MoE,0.5007400512695312
Sample 12,Chronos,0.49925994873046875
Sample 13,TimesFM,0.5019936561584473
Sample 13,Timer,0.4980063736438751
Sample 14,TimesFM,0.5008612871170044
Sample 14,Timer,0.4991387128829956
Sample 15,Moirai,0.5025812983512878
Sample 15,Time-MoE,0.4974186420440674
Sample 16,Moirai,0.5090060830116272
Sample 16,TimesFM,0.4909939169883728
Sample 17,TimesFM,0.5016641020774841
Sample 17,Timer,0.49833595752716064
Sample 18,Chronos,0.5000966191291809
Sample 18,Timer,0.4999033808708191
Sample 19,Moirai,0.5074289441108704
Sample 19,TimesFM,0.49257105588912964
Sample 20,Chronos,0.5005484819412231
Sample 20,Time-MoE,0.49945148825645447
Sample 21,TimesFM,0.5020843148231506
Sample 21,Moirai,0.49791571497917175
Sample 22,Chronos,0.5009908676147461
Sample 22,TimesFM,0.4990091621875763
Sample 23,Time-MoE,0.5004929900169373
Sample 23,TimesFM,0.49950700998306274
Sample 24,Moirai,0.5130242109298706
Sample 24,Time-MoE,0.4869757890701294
Sample 25,TimesFM,0.5016900300979614
Sample 25,Timer,0.4983099699020386
Sample 26,Moirai,0.5013459324836731
Sample 26,Chronos,0.4986540973186493
Sample 27,TimesFM,0.5015695095062256
Sample 27,Timer,0.49843043088912964
Sample 28,Time-MoE,0.5008246302604675
Sample 28,Timer,0.4991753399372101
Sample 29,TimesFM,0.5019413232803345
Sample 29,Timer,0.4980586767196655
Sample 30,TimesFM,0.5007168054580688
Sample 30,Timer,0.49928319454193115
Sample 31,Moirai,0.5011011958122253
Sample 31,Time-MoE,0.49889886379241943
Sample 0,Moirai,0.5186672210693359
Sample 0,Time-MoE,0.48133280873298645
Sample 1,Moirai,0.500608503818512
Sample 1,TimesFM,0.49939149618148804
Sample 2,Moirai,0.5066361427307129
Sample 2,Chronos,0.4933638572692871
Sample 3,TimesFM,0.5004561543464661
Sample 3,Moirai,0.49954381585121155
Sample 4,TimesFM,0.5000866651535034
Sample 4,Chronos,0.4999133348464966
Sample 5,Moirai,0.5085146427154541
Sample 5,TimesFM,0.4914853274822235
Sample 6,Moirai,0.5039228796958923
Sample 6,Chronos,0.49607712030410767
Sample 7,Moirai,0.5047493577003479
Sample 7,Timer,0.4952506721019745
Sample 8,Moirai,0.5264968276023865
Sample 8,Time-MoE,0.4735031723976135
Sample 9,TimesFM,0.5015532374382019
Sample 9,Chronos,0.4984467625617981
Sample 10,Chronos,0.500013530254364
Sample 10,Timer,0.4999864995479584
Sample 11,TimesFM,0.5022277235984802
Sample 11,Timer,0.49777230620384216
Sample 12,Moirai,0.5039812326431274
Sample 12,Chronos,0.49601876735687256
Sample 13,TimesFM,0.5011829733848572
Sample 13,Timer,0.4988170266151428
Sample 14,TimesFM,0.5003921389579773
Sample 14,Chronos,0.4996078610420227
Sample 15,Moirai,0.5072377324104309
Sample 15,Time-MoE,0.4927622675895691
Sample 16,Moirai,0.5251318216323853
Sample 16,Chronos,0.47486820816993713
Sample 17,TimesFM,0.5001893639564514
Sample 17,Chronos,0.4998106360435486
Sample 18,Moirai,0.5044221878051758
Sample 18,Timer,0.4955778121948242
Sample 19,TimesFM,0.5015089511871338
Sample 19,Timer,0.4984910786151886
Sample 20,Chronos,0.500068724155426
Sample 20,Time-MoE,0.49993130564689636
Sample 21,TimesFM,0.5010549426078796
Sample 21,Chronos,0.49894505739212036
Sample 22,Moirai,0.5036572813987732
Sample 22,Chronos,0.4963427484035492
Sample 23,Moirai,0.5043706297874451
Sample 23,Time-MoE,0.49562937021255493
Sample 24,Moirai,0.5183807611465454
Sample 24,Time-MoE,0.4816192388534546
Sample 25,TimesFM,0.501697301864624
Sample 25,Timer,0.4983026683330536
Sample 26,Moirai,0.5024322271347046
Sample 26,Chronos,0.4975678324699402
Sample 27,TimesFM,0.5019811391830444
Sample 27,Timer,0.49801886081695557
Sample 28,Moirai,0.5046935081481934
Sample 28,Chronos,0.49530646204948425
Sample 29,TimesFM,0.5015779137611389
Sample 29,Timer,0.4984220564365387
Sample 30,TimesFM,0.5004222989082336
Sample 30,Chronos,0.49957773089408875
Sample 31,Moirai,0.5072076320648193
Sample 31,Time-MoE,0.4927923381328583
Sample 0,Moirai,0.523261547088623
Sample 0,Time-MoE,0.47673842310905457
Sample 1,TimesFM,0.5015601515769958
Sample 1,Chronos,0.49843984842300415
Sample 2,Chronos,0.500275731086731
Sample 2,TimesFM,0.4997243285179138
Sample 3,TimesFM,0.5021637082099915
Sample 3,Timer,0.49783623218536377
Sample 4,Moirai,0.5014072060585022
Sample 4,Chronos,0.4985927641391754
Sample 5,TimesFM,0.5014203786849976
Sample 5,Timer,0.4985796809196472
Sample 6,TimesFM,0.500541627407074
Sample 6,Moirai,0.4994584023952484
Sample 7,Moirai,0.5088290572166443
Sample 7,Timer,0.4911709129810333
Sample 8,Moirai,0.523148238658905
Sample 8,Timer,0.47685176134109497
Sample 9,TimesFM,0.501566469669342
Sample 9,Chronos,0.49843356013298035
Sample 10,Moirai,0.5033270120620728
Sample 10,Time-MoE,0.49667298793792725
Sample 11,Moirai,0.5078248381614685
Sample 11,TimesFM,0.4921751320362091
Sample 12,Chronos,0.5013275742530823
Sample 12,Moirai,0.49867239594459534
Sample 13,TimesFM,0.5005512237548828
Sample 13,Moirai,0.4994488060474396
Sample 14,Chronos,0.5009338855743408
Sample 14,TimesFM,0.49906614422798157
Sample 15,Time-MoE,0.5009684562683105
Sample 15,Timer,0.49903154373168945
Sample 16,Moirai,0.5157103538513184
Sample 16,TimesFM,0.48428964614868164
Sample 17,TimesFM,0.5012261867523193
Sample 17,Chronos,0.49877381324768066
Sample 18,Moirai,0.502368152141571
Sample 18,Timer,0.49763184785842896
Sample 19,TimesFM,0.5016867518424988
Sample 19,Timer,0.4983132779598236
Sample 20,Time-MoE,0.5000662803649902
Sample 20,Chronos,0.4999336898326874
Sample 21,TimesFM,0.50202876329422
Sample 21,Timer,0.49797123670578003
Sample 22,TimesFM,0.5005621314048767
Sample 22,Chronos,0.4994378685951233
Sample 23,Moirai,0.5006766319274902
Sample 23,Time-MoE,0.49932336807250977
Sample 24,Moirai,0.5270802974700928
Sample 24,Time-MoE,0.472919762134552
Sample 25,TimesFM,0.5014709830284119
Sample 25,Chronos,0.49852901697158813
Sample 26,Moirai,0.5024449825286865
Sample 26,Timer,0.4975550174713135
Sample 27,TimesFM,0.5022452473640442
Sample 27,Timer,0.4977547526359558
Sample 28,Moirai,0.5053479671478271
Sample 28,Time-MoE,0.49465203285217285
Sample 29,TimesFM,0.5006129145622253
Sample 29,Chronos,0.49938708543777466
Sample 30,TimesFM,0.5001620650291443
Sample 30,Chronos,0.4998379051685333
Sample 31,Moirai,0.5112746357917786
Sample 31,Timer,0.48872536420822144
Sample 0,Moirai,0.524289608001709
Sample 0,Chronos,0.475710391998291
Sample 1,TimesFM,0.5013664364814758
Sample 1,Chronos,0.49863356351852417
Sample 2,Timer,0.5015006065368652
Sample 2,Chronos,0.49849939346313477
Sample 3,TimesFM,0.5019667148590088
Sample 3,Chronos,0.4980332553386688
Sample 4,Moirai,0.5004523992538452
Sample 4,Chronos,0.4995476007461548
Sample 5,TimesFM,0.5011475086212158
Sample 5,Chronos,0.49885252118110657
Sample 6,Moirai,0.500937283039093
Sample 6,Chronos,0.4990626573562622
Sample 7,Moirai,0.5053123235702515
Sample 7,Time-MoE,0.49468767642974854
Sample 8,Moirai,0.5230787992477417
Sample 8,Timer,0.4769212305545807
Sample 9,TimesFM,0.5007094144821167
Sample 9,Moirai,0.4992905855178833
Sample 10,Moirai,0.504080057144165
Sample 10,TimesFM,0.49591997265815735
Sample 11,Moirai,0.5001310706138611
Sample 11,TimesFM,0.4998689591884613
Sample 12,Time-MoE,0.5000553131103516
Sample 12,Timer,0.4999447166919708
Sample 13,TimesFM,0.5010591149330139
Sample 13,Chronos,0.4989408850669861
Sample 14,Chronos,0.5009686946868896
Sample 14,Timer,0.49903130531311035
Sample 15,Moirai,0.5060481429100037
Sample 15,Chronos,0.49395182728767395
Sample 16,Moirai,0.5217081904411316
Sample 16,Chronos,0.47829174995422363
Sample 17,TimesFM,0.500036895275116
Sample 17,Moirai,0.4999631345272064
Sample 18,Moirai,0.5081920623779297
Sample 18,Timer,0.4918079674243927
Sample 19,TimesFM,0.501815915107727
Sample 19,Chronos,0.4981840252876282
Sample 20,TimesFM,0.5010238289833069
Sample 20,Timer,0.4989761412143707
Sample 21,TimesFM,0.5014662146568298
Sample 21,Moirai,0.4985337555408478
Sample 22,Chronos,0.500739574432373
Sample 22,TimesFM,0.4992603659629822
Sample 23,Moirai,0.5073562264442444
Sample 23,Time-MoE,0.49264371395111084
Sample 24,Moirai,0.5208864212036133
Sample 24,TimesFM,0.47911354899406433
Sample 25,TimesFM,0.5017766952514648
Sample 25,Timer,0.49822333455085754
Sample 26,Moirai,0.5021058917045593
Sample 26,Timer,0.4978941082954407
Sample 27,TimesFM,0.5014561414718628
Sample 27,Chronos,0.4985438585281372
Sample 28,Time-MoE,0.500100314617157
Sample 28,Timer,0.49989962577819824
Sample 29,TimesFM,0.500964879989624
Sample 29,Chronos,0.4990350902080536
Sample 30,Moirai,0.5021358728408813
Sample 30,Chronos,0.49786412715911865
Sample 31,Time-MoE,0.5007290840148926
Sample 31,Timer,0.49927088618278503
Sample 0,Moirai,0.511201798915863
Sample 0,TimesFM,0.4887981712818146
Sample 1,TimesFM,0.5011324286460876
Sample 1,Chronos,0.49886754155158997
Sample 2,Moirai,0.5011645555496216
Sample 2,Chronos,0.4988354444503784
Sample 3,TimesFM,0.5019389390945435
Sample 3,Timer,0.49806106090545654
Sample 4,Chronos,0.5003538727760315
Sample 4,Timer,0.4996460974216461
Sample 5,TimesFM,0.5011703372001648
Sample 5,Moirai,0.4988296329975128
Sample 6,TimesFM,0.5007371306419373
Sample 6,Chronos,0.49926289916038513
Sample 7,Moirai,0.5037834644317627
Sample 7,Time-MoE,0.4962165951728821
Sample 8,Moirai,0.5296297073364258
Sample 8,Timer,0.4703703224658966
Sample 9,TimesFM,0.5013259649276733
Sample 9,Moirai,0.49867403507232666
Sample 10,Timer,0.5007529258728027
Sample 10,Chronos,0.49924710392951965
Sample 11,TimesFM,0.5020816922187805
Sample 11,Chronos,0.4979182779788971
Sample 12,Chronos,0.5003662705421448
Sample 12,Moirai,0.4996337294578552
Sample 13,TimesFM,0.5010868906974792
Sample 13,Moirai,0.49891310930252075
Sample 14,TimesFM,0.5006207227706909
Sample 14,Chronos,0.4993792474269867
Sample 15,Moirai,0.5073490142822266
Sample 15,Time-MoE,0.49265095591545105
Sample 0,Moirai,0.5306511521339417
Sample 0,Time-MoE,0.46934884786605835
Sample 1,TimesFM,0.5008950233459473
Sample 1,Chronos,0.49910494685173035
Sample 2,Timer,0.5000137090682983
Sample 2,Chronos,0.49998629093170166
Sample 3,TimesFM,0.5018033385276794
Sample 3,Timer,0.49819666147232056
Sample 4,Chronos,0.5003825426101685
Sample 4,Moirai,0.49961742758750916
Sample 5,TimesFM,0.5007840991020203
Sample 5,Chronos,0.4992159605026245
Sample 6,TimesFM,0.5005416870117188
Sample 6,Chronos,0.49945834279060364
Sample 7,Moirai,0.509208083152771
Sample 7,Time-MoE,0.490791916847229
Sample 8,Moirai,0.5291308760643005
Sample 8,Timer,0.47086912393569946
Sample 9,TimesFM,0.5011335611343384
Sample 9,Chronos,0.498866468667984
Sample 10,Moirai,0.5011376142501831
Sample 10,Time-MoE,0.4988623559474945
Sample 11,TimesFM,0.501807689666748
Sample 11,Timer,0.49819228053092957
Sample 12,Moirai,0.5062897801399231
Sample 12,Chronos,0.4937102496623993
Sample 13,TimesFM,0.5015433430671692
Sample 13,Chronos,0.4984567165374756
Sample 14,Chronos,0.5005735158920288
Sample 14,TimesFM,0.4994265139102936
Sample 15,Moirai,0.5091608166694641
Sample 15,Time-MoE,0.4908391237258911
Sample 16,Moirai,0.5207890868186951
Sample 16,Timer,0.47921088337898254
Sample 17,TimesFM,0.5003305673599243
Sample 17,Moirai,0.49966949224472046
Sample 18,Moirai,0.502120852470398
Sample 18,Chronos,0.4978790879249573
Sample 19,TimesFM,0.5016591548919678
Sample 19,Timer,0.49834081530570984
Sample 20,Moirai,0.5080569982528687
Sample 20,Chronos,0.4919430613517761
Sample 21,TimesFM,0.5019711852073669
Sample 21,Timer,0.49802881479263306
Sample 22,Chronos,0.5006120800971985
Sample 22,TimesFM,0.4993879497051239
Sample 23,Timer,0.5004722476005554
Sample 23,Chronos,0.4995277523994446
Sample 24,Moirai,0.522459864616394
Sample 24,Timer,0.47754013538360596
Sample 25,TimesFM,0.5012496709823608
Sample 25,Chronos,0.49875032901763916
Sample 26,Moirai,0.509324848651886
Sample 26,TimesFM,0.49067509174346924
Sample 27,Moirai,0.5042524337768555
Sample 27,TimesFM,0.49574756622314453
Sample 28,Chronos,0.5000682473182678
Sample 28,Time-MoE,0.49993178248405457
Sample 29,TimesFM,0.5014050602912903
Sample 29,Moirai,0.4985949397087097
Sample 30,TimesFM,0.5003772974014282
Sample 30,Chronos,0.4996227025985718
Sample 31,Moirai,0.5047456622123718
Sample 31,Time-MoE,0.4952543377876282
Sample 0,Moirai,0.5213949084281921
Sample 0,TimesFM,0.47860509157180786
Sample 1,Moirai,0.5006670355796814
Sample 1,TimesFM,0.499332994222641
Sample 2,Chronos,0.5003994703292847
Sample 2,Timer,0.49960052967071533
Sample 3,TimesFM,0.501456081867218
Sample 3,Chronos,0.4985438883304596
Sample 4,TimesFM,0.5002722144126892
Sample 4,Time-MoE,0.499727725982666
Sample 5,TimesFM,0.5012257099151611
Sample 5,Timer,0.4987742602825165
Sample 6,Chronos,0.5010308623313904
Sample 6,Timer,0.4989691376686096
Sample 7,Moirai,0.5104648470878601
Sample 7,Timer,0.4895350933074951
Sample 8,Moirai,0.5227673053741455
Sample 8,Timer,0.4772326648235321
Sample 9,TimesFM,0.5005306005477905
Sample 9,Moirai,0.4994693398475647
Sample 10,Moirai,0.5024445652961731
Sample 10,Chronos,0.4975554347038269
Sample 11,Moirai,0.5020819306373596
Sample 11,Timer,0.497918039560318
Sample 12,Chronos,0.5013085007667542
Sample 12,Timer,0.49869146943092346
Sample 13,Moirai,0.5012215971946716
Sample 13,TimesFM,0.498778373003006
Sample 14,TimesFM,0.501878023147583
Sample 14,Chronos,0.498121976852417
Sample 15,Moirai,0.5095024704933167
Sample 15,Time-MoE,0.49049752950668335
Sample 16,Moirai,0.5283253788948059
Sample 16,Timer,0.4716746211051941
Sample 17,Moirai,0.5005239844322205
Sample 17,TimesFM,0.49947604537010193
Sample 18,Chronos,0.5001267790794373
Sample 18,Timer,0.49987322092056274
Sample 19,TimesFM,0.5008284449577332
Sample 19,Moirai,0.49917152523994446
Sample 20,Moirai,0.5008374452590942
Sample 20,TimesFM,0.49916255474090576
Sample 21,Moirai,0.5010047554969788
Sample 21,TimesFM,0.49899527430534363
Sample 22,Chronos,0.501040518283844
Sample 22,Timer,0.49895942211151123
Sample 23,Time-MoE,0.500130832195282
Sample 23,Timer,0.4998691976070404
Sample 24,Moirai,0.5172185301780701
Sample 24,TimesFM,0.4827814996242523
Sample 25,TimesFM,0.5012142658233643
Sample 25,Chronos,0.49878573417663574
Sample 26,Chronos,0.5001233816146851
Sample 26,Timer,0.49987661838531494
Sample 27,TimesFM,0.5019541382789612
Sample 27,Timer,0.4980459213256836
Sample 28,Chronos,0.5008006691932678
Sample 28,Timer,0.4991993308067322
Sample 29,TimesFM,0.501901388168335
Sample 29,Chronos,0.49809861183166504
Sample 30,Chronos,0.5002415180206299
Sample 30,TimesFM,0.49975845217704773
Sample 31,Moirai,0.5085203051567078
Sample 31,Time-MoE,0.4914797246456146
Sample 0,Moirai,0.5203695893287659
Sample 0,Chronos,0.47963038086891174
Sample 1,Moirai,0.50081467628479
Sample 1,TimesFM,0.4991852939128876
Sample 2,Moirai,0.5007326602935791
Sample 2,Chronos,0.4992673695087433
Sample 3,TimesFM,0.5015836954116821
Sample 3,Chronos,0.4984162747859955
Sample 4,Moirai,0.5086340308189392
Sample 4,Time-MoE,0.4913659989833832
Sample 5,Chronos,0.5007964968681335
Sample 5,Timer,0.49920350313186646
Sample 6,Timer,0.50025874376297
Sample 6,Chronos,0.4997412860393524
Sample 7,Moirai,0.5093110203742981
Sample 7,Time-MoE,0.4906889498233795
Sample 8,Moirai,0.5188707709312439
Sample 8,Time-MoE,0.4811292290687561
Sample 9,TimesFM,0.5011494755744934
Sample 9,Chronos,0.4988505244255066
Sample 10,Moirai,0.5013910531997681
Sample 10,TimesFM,0.49860891699790955
Sample 11,TimesFM,0.5013370513916016
Sample 11,Chronos,0.4986629784107208
Sample 12,Chronos,0.5002726316452026
Sample 12,Timer,0.49972736835479736
Sample 13,TimesFM,0.5016286969184875
Sample 13,Timer,0.49837133288383484
Sample 14,TimesFM,0.5005502700805664
Sample 14,Timer,0.499449759721756
Sample 15,Moirai,0.5045464634895325
Sample 15,Time-MoE,0.49545347690582275
Sample 16,Moirai,0.5117697715759277
Sample 16,TimesFM,0.48823022842407227
Sample 17,TimesFM,0.5008741617202759
Sample 17,Chronos,0.4991258382797241
Sample 18,Chronos,0.5002529621124268
Sample 18,Timer,0.49974706768989563
Sample 19,Moirai,0.5096014142036438
Sample 19,TimesFM,0.4903985857963562
Sample 20,Chronos,0.5007818937301636
Sample 20,TimesFM,0.49921804666519165
Sample 21,TimesFM,0.501776933670044
Sample 21,Moirai,0.49822306632995605
Sample 22,Chronos,0.5020279884338379
Sample 22,Timer,0.49797195196151733
Sample 23,Time-MoE,0.5003324151039124
Sample 23,TimesFM,0.4996676445007324
Sample 24,Moirai,0.5173096656799316
Sample 24,Time-MoE,0.48269033432006836
Sample 25,TimesFM,0.5009910464286804
Sample 25,Chronos,0.4990089237689972
Sample 26,Moirai,0.501776933670044
Sample 26,Chronos,0.49822306632995605
Sample 27,TimesFM,0.5015701055526733
Sample 27,Timer,0.49842989444732666
Sample 28,Timer,0.5000571608543396
Sample 28,Chronos,0.4999428689479828
Sample 29,TimesFM,0.5013517737388611
Sample 29,Chronos,0.4986482560634613
Sample 30,TimesFM,0.5002605319023132
Sample 30,Chronos,0.49973946809768677
Sample 31,Moirai,0.5027106404304504
Sample 31,Time-MoE,0.4972893297672272
Sample 0,Moirai,0.5231006145477295
Sample 0,Chronos,0.4768993854522705
Sample 1,Moirai,0.5017936825752258
Sample 1,TimesFM,0.49820631742477417
Sample 2,Moirai,0.50791996717453
Sample 2,Chronos,0.4920800030231476
Sample 3,Moirai,0.500463604927063
Sample 3,TimesFM,0.4995364248752594
Sample 4,Chronos,0.500313937664032
Sample 4,Timer,0.49968603253364563
Sample 5,Moirai,0.5108909606933594
Sample 5,TimesFM,0.489109069108963
Sample 6,Moirai,0.5049667954444885
Sample 6,Chronos,0.4950332045555115
Sample 7,Moirai,0.505782425403595
Sample 7,Timer,0.49421754479408264
Sample 8,Moirai,0.5328839421272278
Sample 8,Time-MoE,0.4671160578727722
Sample 9,TimesFM,0.5008376836776733
Sample 9,Chronos,0.49916231632232666
Sample 10,Chronos,0.5001020431518555
Sample 10,TimesFM,0.49989792704582214
Sample 11,TimesFM,0.5018630027770996
Sample 11,Timer,0.4981370270252228
Sample 12,Moirai,0.5048547983169556
Sample 12,Chronos,0.49514520168304443
Sample 13,TimesFM,0.5004677176475525
Sample 13,Chronos,0.49953222274780273
Sample 14,Chronos,0.5000057816505432
Sample 14,TimesFM,0.4999942481517792
Sample 15,Moirai,0.5097412467002869
Sample 15,Chronos,0.49025875329971313
Sample 16,Moirai,0.5308113098144531
Sample 16,Chronos,0.4691886603832245
Sample 17,Chronos,0.5005979537963867
Sample 17,TimesFM,0.49940207600593567
Sample 18,Moirai,0.5054431557655334
Sample 18,Chronos,0.4945567846298218
Sample 19,TimesFM,0.5012977719306946
Sample 19,Timer,0.4987022280693054
Sample 20,Chronos,0.5001586079597473
Sample 20,Timer,0.4998413622379303
Sample 21,TimesFM,0.5005244612693787
Sample 21,Chronos,0.4994755685329437
Sample 22,Moirai,0.5047890543937683
Sample 22,Chronos,0.4952109456062317
Sample 23,Moirai,0.5063333511352539
Sample 23,Time-MoE,0.4936666786670685
Sample 24,Moirai,0.5232107043266296
Sample 24,Chronos,0.47678932547569275
Sample 25,TimesFM,0.5011622309684753
Sample 25,Timer,0.49883779883384705
Sample 26,Moirai,0.5030640363693237
Sample 26,Chronos,0.49693599343299866
Sample 27,TimesFM,0.5014868974685669
Sample 27,Timer,0.4985131025314331
Sample 28,Moirai,0.5057464838027954
Sample 28,Chronos,0.4942534863948822
Sample 29,TimesFM,0.5012025237083435
Sample 29,Timer,0.4987974762916565
Sample 30,Chronos,0.5001936554908752
Sample 30,TimesFM,0.49980634450912476
Sample 31,Moirai,0.5096650719642639
Sample 31,Chronos,0.49033495783805847
Sample 0,Moirai,0.5282765030860901
Sample 0,Time-MoE,0.4717234671115875
Sample 1,TimesFM,0.5008254647254944
Sample 1,Chronos,0.4991745054721832
Sample 2,Chronos,0.5008032917976379
Sample 2,TimesFM,0.49919670820236206
Sample 3,TimesFM,0.5016435980796814
Sample 3,Timer,0.4983564019203186
Sample 4,Moirai,0.5017699599266052
Sample 4,Chronos,0.49823009967803955
Sample 5,TimesFM,0.5008493661880493
Sample 5,Timer,0.49915066361427307
Sample 6,Moirai,0.5004943609237671
Sample 6,TimesFM,0.4995056092739105
Sample 7,Moirai,0.5107990503311157
Sample 7,Timer,0.4892008900642395
Sample 8,Moirai,0.5283693075180054
Sample 8,Time-MoE,0.471630722284317
Sample 9,TimesFM,0.5008160471916199
Sample 9,Chronos,0.4991839528083801
Sample 10,Moirai,0.5040044188499451
Sample 10,Time-MoE,0.4959956109523773
Sample 11,Moirai,0.5102068781852722
Sample 11,TimesFM,0.4897931218147278
Sample 12,Chronos,0.5015172958374023
Sample 12,Moirai,0.49848270416259766
Sample 13,Moirai,0.5002779960632324
Sample 13,TimesFM,0.4997220039367676
Sample 14,Chronos,0.5011712312698364
Sample 14,TimesFM,0.49882879853248596
Sample 15,Time-MoE,0.5004787445068359
Sample 15,Timer,0.49952131509780884
Sample 16,Moirai,0.5197740197181702
Sample 16,TimesFM,0.4802260100841522
Sample 17,TimesFM,0.5005670189857483
Sample 17,Chronos,0.4994329512119293
Sample 18,Moirai,0.5032061338424683
Sample 18,Chronos,0.49679386615753174
Sample 19,TimesFM,0.5014135241508484
Sample 19,Timer,0.4985864758491516
Sample 20,Chronos,0.5004782676696777
Sample 20,Timer,0.49952173233032227
Sample 21,TimesFM,0.5015906691551208
Sample 21,Timer,0.49840933084487915
Sample 22,Chronos,0.5000717043876648
Sample 22,TimesFM,0.4999283254146576
Sample 23,Moirai,0.5019688606262207
Sample 23,Time-MoE,0.4980311393737793
Sample 24,Moirai,0.5334420800209045
Sample 24,Time-MoE,0.46655797958374023
Sample 25,TimesFM,0.50066739320755
Sample 25,Chronos,0.49933260679244995
Sample 26,Moirai,0.5030950307846069
Sample 26,Timer,0.4969049394130707
Sample 27,TimesFM,0.5017499327659607
Sample 27,Timer,0.4982500374317169
Sample 28,Moirai,0.5072135329246521
Sample 28,Chronos,0.4927864968776703
Sample 29,TimesFM,0.5000863671302795
Sample 29,Chronos,0.49991363286972046
Sample 30,Chronos,0.5005439519882202
Sample 30,TimesFM,0.4994560182094574
Sample 31,Moirai,0.513810396194458
Sample 31,Timer,0.4861896336078644
Sample 0,Moirai,0.529429018497467
Sample 0,Chronos,0.47057095170021057
Sample 1,TimesFM,0.5005823969841003
Sample 1,Chronos,0.49941760301589966
Sample 2,Timer,0.5013953447341919
Sample 2,Time-MoE,0.4986046552658081
Sample 3,TimesFM,0.5014257431030273
Sample 3,Chronos,0.49857422709465027
Sample 4,Moirai,0.5006299614906311
Sample 4,Chronos,0.4993700385093689
Sample 5,TimesFM,0.5005113482475281
Sample 5,Chronos,0.4994886815547943
Sample 6,Moirai,0.5015308856964111
Sample 6,Chronos,0.4984690546989441
Sample 7,Moirai,0.5065827369689941
Sample 7,Timer,0.49341726303100586
Sample 8,Moirai,0.5282972455024719
Sample 8,TimesFM,0.4717027544975281
Sample 9,Moirai,0.5003618001937866
Sample 9,TimesFM,0.4996381998062134
Sample 10,Moirai,0.5051666498184204
Sample 10,Chronos,0.494833379983902
Sample 11,Moirai,0.5013265013694763
Sample 11,TimesFM,0.49867352843284607
Sample 12,Timer,0.5000295042991638
Sample 12,Time-MoE,0.49997052550315857
Sample 13,TimesFM,0.501028299331665
Sample 13,Chronos,0.4989716410636902
Sample 14,Chronos,0.5012670159339905
Sample 14,Timer,0.4987329840660095
Sample 15,Moirai,0.5073157548904419
Sample 15,Chronos,0.4926842153072357
Sample 16,Moirai,0.526282548904419
Sample 16,Chronos,0.47371745109558105
Sample 17,Moirai,0.501187264919281
Sample 17,TimesFM,0.498812735080719
Sample 18,Moirai,0.5100909471511841
Sample 18,Chronos,0.48990902304649353
Sample 19,TimesFM,0.5010971426963806
Sample 19,Chronos,0.4989027976989746
Sample 20,TimesFM,0.5003901124000549
Sample 20,Time-MoE,0.49960991740226746
Sample 21,TimesFM,0.5005934834480286
Sample 21,Moirai,0.49940648674964905
Sample 22,Chronos,0.501031756401062
Sample 22,Timer,0.498968243598938
Sample 23,Moirai,0.5091226100921631
Sample 23,Timer,0.4908773899078369
Sample 24,Moirai,0.5258838534355164
Sample 24,TimesFM,0.47411611676216125
Sample 25,TimesFM,0.501083254814148
Sample 25,Timer,0.49891674518585205
Sample 26,Moirai,0.5028141140937805
Sample 26,Chronos,0.4971858561038971
Sample 27,TimesFM,0.5008788704872131
Sample 27,Chronos,0.4991210997104645
Sample 28,Time-MoE,0.5002045631408691
Sample 28,Timer,0.4997953772544861
Sample 29,TimesFM,0.5005294680595398
Sample 29,Chronos,0.4994705319404602
Sample 30,Moirai,0.5029019713401794
Sample 30,Chronos,0.49709799885749817
Sample 31,Timer,0.5004898309707642
Sample 31,Time-MoE,0.4995101988315582
Sample 0,Moirai,0.5145841836929321
Sample 0,TimesFM,0.48541581630706787
Sample 1,TimesFM,0.500516951084137
Sample 1,Chronos,0.49948301911354065
Sample 2,Moirai,0.5015142560005188
Sample 2,Chronos,0.4984857738018036
Sample 3,TimesFM,0.501151978969574
Sample 3,Timer,0.498848021030426
Sample 4,Chronos,0.500162661075592
Sample 4,TimesFM,0.49983730912208557
Sample 5,TimesFM,0.5002830624580383
Sample 5,Moirai,0.49971693754196167
Sample 6,TimesFM,0.500288188457489
Sample 6,Chronos,0.4997117817401886
Sample 7,Moirai,0.5048964023590088
Sample 7,Timer,0.495103657245636
Sample 8,Moirai,0.5358092784881592
Sample 8,Time-MoE,0.4641907215118408
Sample 9,TimesFM,0.5003525018692017
Sample 9,Moirai,0.49964749813079834
Sample 10,Timer,0.5008358359336853
Sample 10,Chronos,0.4991641044616699
Sample 11,TimesFM,0.5014629364013672
Sample 11,Timer,0.4985370635986328
Sample 12,Chronos,0.5002208948135376
Sample 12,Moirai,0.4997791051864624
Sample 13,TimesFM,0.5001349449157715
Sample 13,Moirai,0.4998651146888733
Sample 14,TimesFM,0.5001538395881653
Sample 14,Chronos,0.4998461604118347
Sample 15,Moirai,0.5093092322349548
Sample 15,Timer,0.49069082736968994
Sample 0,Moirai,0.5368253588676453
Sample 0,Time-MoE,0.46317464113235474
Sample 1,TimesFM,0.5001194477081299
Sample 1,Chronos,0.4998805522918701
Sample 2,Timer,0.5001189112663269
Sample 2,TimesFM,0.4998810589313507
Sample 3,TimesFM,0.5013297200202942
Sample 3,Chronos,0.4986702501773834
Sample 4,Chronos,0.5002740621566772
Sample 4,Moirai,0.49972596764564514
Sample 5,TimesFM,0.5000059604644775
Sample 5,Chronos,0.49999403953552246
Sample 6,TimesFM,0.5002381801605225
Sample 6,Chronos,0.49976179003715515
Sample 7,Moirai,0.5112922787666321
Sample 7,Timer,0.4887077212333679
Sample 8,Moirai,0.5345708131790161
Sample 8,Time-MoE,0.4654292166233063
Sample 9,TimesFM,0.5003593564033508
Sample 9,Chronos,0.49964064359664917
Sample 10,Moirai,0.5009006857872009
Sample 10,Time-MoE,0.4990993142127991
Sample 11,TimesFM,0.5010409355163574
Sample 11,Time-MoE,0.4989590048789978
Sample 12,Moirai,0.5075965523719788
Sample 12,Chronos,0.49240344762802124
Sample 13,TimesFM,0.5008866190910339
Sample 13,Chronos,0.49911338090896606
Sample 14,Chronos,0.5005441308021545
Sample 14,TimesFM,0.49945589900016785
Sample 15,Moirai,0.5109890699386597
Sample 15,Timer,0.48901090025901794
Sample 16,Moirai,0.525391161441803
Sample 16,Timer,0.474608838558197
Sample 17,Moirai,0.5008502006530762
Sample 17,TimesFM,0.49914979934692383
Sample 18,Moirai,0.5026245713233948
Sample 18,Chronos,0.4973754584789276
Sample 19,TimesFM,0.5010173916816711
Sample 19,Chronos,0.49898263812065125
Sample 20,Moirai,0.5096535086631775
Sample 20,Chronos,0.4903464913368225
Sample 21,TimesFM,0.5013771653175354
Sample 21,Timer,0.4986227750778198
Sample 22,Chronos,0.5004030466079712
Sample 22,TimesFM,0.4995969533920288
Sample 23,Timer,0.5005766153335571
Sample 23,Chronos,0.4994233548641205
Sample 24,Moirai,0.5269327163696289
Sample 24,Chronos,0.4730672240257263
Sample 25,TimesFM,0.5004552006721497
Sample 25,Chronos,0.49954482913017273
Sample 26,Moirai,0.5111761689186096
Sample 26,Time-MoE,0.4888238310813904
Sample 27,Moirai,0.50538170337677
Sample 27,Time-MoE,0.49461829662323
Sample 28,Chronos,0.5001140236854553
Sample 28,Timer,0.4998859763145447
Sample 29,TimesFM,0.5005835890769958
Sample 29,Moirai,0.49941641092300415
Sample 30,TimesFM,0.5002357959747314
Sample 30,Chronos,0.49976417422294617
Sample 31,Moirai,0.5064441561698914
Sample 31,Time-MoE,0.49355584383010864
Sample 0,Moirai,0.5262182950973511
Sample 0,TimesFM,0.4737817347049713
Sample 1,Moirai,0.5017632246017456
Sample 1,Time-MoE,0.498236745595932
Sample 2,Chronos,0.5004483461380005
Sample 2,TimesFM,0.4995517134666443
Sample 3,TimesFM,0.5007214546203613
Sample 3,Chronos,0.49927854537963867
Sample 4,TimesFM,0.5004817843437195
Sample 4,Time-MoE,0.4995182454586029
Sample 5,TimesFM,0.5002782344818115
Sample 5,Time-MoE,0.49972179532051086
Sample 6,Chronos,0.5012550950050354
Sample 6,Timer,0.4987449049949646
Sample 7,Moirai,0.5123803615570068
Sample 7,Timer,0.48761969804763794
Sample 8,Moirai,0.5270014405250549
Sample 8,Time-MoE,0.47299855947494507
Sample 9,Moirai,0.5005478858947754
Sample 9,TimesFM,0.499452143907547
Sample 10,Moirai,0.5030220746994019
Sample 10,Chronos,0.49697795510292053
Sample 11,Moirai,0.5026803016662598
Sample 11,Timer,0.49731966853141785
Sample 12,Chronos,0.5015094876289368
Sample 12,TimesFM,0.49849048256874084
Sample 13,Moirai,0.5026349425315857
Sample 13,TimesFM,0.4973650574684143
Sample 14,TimesFM,0.5017235279083252
Sample 14,Chronos,0.4982764422893524
Sample 15,Moirai,0.5115048289299011
Sample 15,Timer,0.4884951412677765
Sample 16,Moirai,0.5338701009750366
Sample 16,Time-MoE,0.4661298990249634
Sample 17,Moirai,0.5018478035926819
Sample 17,Time-MoE,0.4981522262096405
Sample 18,Chronos,0.500210702419281
Sample 18,Timer,0.499789297580719
Sample 19,Moirai,0.5002323985099792
Sample 19,TimesFM,0.49976763129234314
Sample 20,Moirai,0.5014331340789795
Sample 20,Chronos,0.4985669255256653
Sample 21,Moirai,0.502408504486084
Sample 21,TimesFM,0.497591495513916
Sample 22,Chronos,0.5012945532798767
Sample 22,Timer,0.4987054169178009
Sample 23,Timer,0.500294029712677
Sample 23,Chronos,0.4997060000896454
Sample 24,Moirai,0.5202241539955139
Sample 24,Time-MoE,0.47977590560913086
Sample 25,TimesFM,0.500583291053772
Sample 25,Chronos,0.49941664934158325
Sample 26,Chronos,0.5002020597457886
Sample 26,Time-MoE,0.49979788064956665
Sample 27,TimesFM,0.5015411972999573
Sample 27,Timer,0.49845877289772034
Sample 28,Chronos,0.5004638433456421
Sample 28,TimesFM,0.4995361864566803
Sample 29,TimesFM,0.5009663105010986
Sample 29,Time-MoE,0.499033659696579
Sample 30,Chronos,0.500369668006897
Sample 30,TimesFM,0.4996303915977478
Sample 31,Moirai,0.5102760195732117
Sample 31,Timer,0.48972395062446594
Sample 0,Moirai,0.5240537524223328
Sample 0,Chronos,0.47594621777534485
Sample 1,Moirai,0.5018323659896851
Sample 1,TimesFM,0.49816766381263733
Sample 2,Moirai,0.5008884072303772
Sample 2,Chronos,0.499111533164978
Sample 3,TimesFM,0.5012475848197937
Sample 3,Time-MoE,0.4987524449825287
Sample 4,Moirai,0.510414183139801
Sample 4,Time-MoE,0.4895857870578766
Sample 5,Chronos,0.5008993744850159
Sample 5,TimesFM,0.4991006553173065
Sample 6,Timer,0.5001794099807739
Sample 6,Chronos,0.49982061982154846
Sample 7,Moirai,0.5112835764884949
Sample 7,Time-MoE,0.4887164235115051
Sample 8,Moirai,0.5226370096206665
Sample 8,Chronos,0.47736304998397827
Sample 9,TimesFM,0.5005049705505371
Sample 9,Time-MoE,0.4994950294494629
Sample 10,Moirai,0.5018959045410156
Sample 10,Chronos,0.49810412526130676
Sample 11,TimesFM,0.5014820694923401
Sample 11,Chronos,0.4985179007053375
Sample 12,Chronos,0.5002017617225647
Sample 12,Timer,0.4997982382774353
Sample 13,TimesFM,0.5012362003326416
Sample 13,Time-MoE,0.4987638294696808
Sample 14,TimesFM,0.5000894069671631
Sample 14,Time-MoE,0.4999105930328369
Sample 15,Moirai,0.50589919090271
Sample 15,Timer,0.49410077929496765
Sample 16,Moirai,0.5148658752441406
Sample 16,TimesFM,0.48513415455818176
Sample 17,TimesFM,0.5006139278411865
Sample 17,Chronos,0.49938613176345825
Sample 18,Chronos,0.500278651714325
Sample 18,Timer,0.49972134828567505
Sample 19,Moirai,0.5113071203231812
Sample 19,Time-MoE,0.48869287967681885
Sample 20,Chronos,0.5004055500030518
Sample 20,TimesFM,0.49959444999694824
Sample 21,TimesFM,0.5013296008110046
Sample 21,Moirai,0.49867039918899536
Sample 22,Chronos,0.5022109746932983
Sample 22,Moirai,0.49778902530670166
Sample 23,Time-MoE,0.5002558827400208
Sample 23,TimesFM,0.49974411725997925
Sample 24,Moirai,0.5205822587013245
Sample 24,Chronos,0.47941774129867554
Sample 25,TimesFM,0.5006037950515747
Sample 25,Chronos,0.4993961751461029
Sample 26,Moirai,0.5022435784339905
Sample 26,Chronos,0.49775639176368713
Sample 27,TimesFM,0.5018633604049683
Sample 27,Timer,0.4981366693973541
Sample 28,Timer,0.5001693964004517
Sample 28,Chronos,0.49983057379722595
Sample 29,TimesFM,0.5010200142860413
Sample 29,Chronos,0.49898001551628113
Sample 30,TimesFM,0.5003306269645691
Sample 30,Chronos,0.4996694028377533
Sample 31,Moirai,0.5031255483627319
Sample 31,Timer,0.4968744218349457
Sample 0,Moirai,0.5270845890045166
Sample 0,Chronos,0.4729154109954834
Sample 1,Moirai,0.5026208162307739
Sample 1,TimesFM,0.4973791837692261
Sample 2,Moirai,0.5091843008995056
Sample 2,Chronos,0.4908156991004944
Sample 3,Moirai,0.5010479688644409
Sample 3,TimesFM,0.49895206093788147
Sample 4,Chronos,0.5003383159637451
Sample 4,Timer,0.49966171383857727
Sample 5,Moirai,0.5130873918533325
Sample 5,Chronos,0.48691263794898987
Sample 6,Moirai,0.5060127973556519
Sample 6,Chronos,0.49398723244667053
Sample 7,Moirai,0.5067267417907715
Sample 7,Timer,0.4932732582092285
Sample 8,Moirai,0.5387182235717773
Sample 8,Chronos,0.4612817168235779
Sample 9,TimesFM,0.5008879899978638
Sample 9,Chronos,0.49911198019981384
Sample 10,TimesFM,0.5001603364944458
Sample 10,Chronos,0.4998396635055542
Sample 11,TimesFM,0.5020804405212402
Sample 11,Timer,0.49791958928108215
Sample 12,Moirai,0.5058113932609558
Sample 12,Chronos,0.4941886365413666
Sample 13,TimesFM,0.5006073713302612
Sample 13,Chronos,0.49939262866973877
Sample 14,TimesFM,0.5004405379295349
Sample 14,Chronos,0.49955952167510986
Sample 15,Moirai,0.5113261342048645
Sample 15,Chronos,0.4886738359928131
Sample 16,Moirai,0.5361936688423157
Sample 16,Chronos,0.4638063907623291
Sample 17,Chronos,0.5003136992454529
Sample 17,TimesFM,0.4996863007545471
Sample 18,Moirai,0.506415605545044
Sample 18,Timer,0.49358442425727844
Sample 19,TimesFM,0.5016144514083862
Sample 19,Timer,0.49838557839393616
Sample 20,Chronos,0.5000625252723694
Sample 20,Timer,0.499937504529953
Sample 21,TimesFM,0.5009568333625793
Sample 21,Chronos,0.49904316663742065
Sample 22,Moirai,0.5060868859291077
Sample 22,Chronos,0.4939131438732147
Sample 23,Moirai,0.5073598623275757
Sample 23,Timer,0.4926401674747467
Sample 24,Moirai,0.5271798968315125
Sample 24,Chronos,0.47282010316848755
Sample 25,TimesFM,0.501365065574646
Sample 25,Timer,0.49863487482070923
Sample 26,Moirai,0.5037393569946289
Sample 26,Chronos,0.4962606430053711
Sample 27,TimesFM,0.5017210245132446
Sample 27,Timer,0.49827897548675537
Sample 28,Moirai,0.5069171190261841
Sample 28,Chronos,0.4930829405784607
Sample 29,TimesFM,0.5016483068466187
Sample 29,Timer,0.49835172295570374
Sample 30,TimesFM,0.5001171827316284
Sample 30,Chronos,0.4998827576637268
Sample 31,Moirai,0.5113446712493896
Sample 31,Chronos,0.48865532875061035
Sample 0,Moirai,0.5335755944252014
Sample 0,Chronos,0.4664244055747986
Sample 1,TimesFM,0.5013052821159363
Sample 1,Timer,0.4986947476863861
Sample 2,Chronos,0.5004112124443054
Sample 2,TimesFM,0.49958881735801697
Sample 3,TimesFM,0.5020604729652405
Sample 3,Timer,0.4979395270347595
Sample 4,Moirai,0.5024174451828003
Sample 4,Chronos,0.4975825846195221
Sample 5,TimesFM,0.5014232397079468
Sample 5,Timer,0.4985767900943756
Sample 6,Moirai,0.5006536245346069
Sample 6,TimesFM,0.49934637546539307
Sample 7,Moirai,0.5124765634536743
Sample 7,Timer,0.4875234067440033
Sample 8,Moirai,0.5330256819725037
Sample 8,Chronos,0.46697428822517395
Sample 9,TimesFM,0.5012702345848083
Sample 9,Timer,0.49872976541519165
Sample 10,Moirai,0.5044991970062256
Sample 10,Time-MoE,0.4955008327960968
Sample 11,Moirai,0.5124111771583557
Sample 11,TimesFM,0.4875888228416443
Sample 12,Chronos,0.5013953447341919
Sample 12,Moirai,0.4986046552658081
Sample 13,Moirai,0.5003998279571533
Sample 13,TimesFM,0.4996001720428467
Sample 14,Chronos,0.5005196332931519
Sample 14,TimesFM,0.49948039650917053
Sample 15,Time-MoE,0.5006675720214844
Sample 15,Timer,0.49933239817619324
Sample 16,Moirai,0.5235340595245361
Sample 16,TimesFM,0.47646600008010864
Sample 17,TimesFM,0.5012995004653931
Sample 17,Chronos,0.49870049953460693
Sample 18,Moirai,0.5041554570198059
Sample 18,Timer,0.4958445429801941
Sample 19,TimesFM,0.5023316144943237
Sample 19,Timer,0.49766844511032104
Sample 20,Chronos,0.5005893111228943
Sample 20,Timer,0.4994106888771057
Sample 21,TimesFM,0.5022000074386597
Sample 21,Timer,0.49779999256134033
Sample 22,TimesFM,0.500575840473175
Sample 22,Chronos,0.49942412972450256
Sample 23,Moirai,0.5019639730453491
Sample 23,Time-MoE,0.4980359971523285
Sample 24,Moirai,0.5390381813049316
Sample 24,Chronos,0.46096184849739075
Sample 25,TimesFM,0.5010926127433777
Sample 25,Chronos,0.4989073574542999
Sample 26,Moirai,0.5035766959190369
Sample 26,Time-MoE,0.4964233338832855
Sample 27,TimesFM,0.5021935105323792
Sample 27,Timer,0.49780648946762085
Sample 28,Moirai,0.5083853602409363
Sample 28,Chronos,0.49161458015441895
Sample 29,TimesFM,0.5003922581672668
Sample 29,Chronos,0.49960777163505554
Sample 30,Chronos,0.5001901984214783
Sample 30,TimesFM,0.4998098313808441
Sample 31,Moirai,0.5159719586372375
Sample 31,Timer,0.48402807116508484
Sample 0,Moirai,0.534500777721405
Sample 0,Chronos,0.46549922227859497
Sample 1,TimesFM,0.5015081763267517
Sample 1,Chronos,0.4984918236732483
Sample 2,Timer,0.5012511014938354
Sample 2,Time-MoE,0.49874889850616455
Sample 3,TimesFM,0.5022678971290588
Sample 3,Timer,0.49773213267326355
Sample 4,Moirai,0.5009190440177917
Sample 4,Chronos,0.49908092617988586
Sample 5,TimesFM,0.5015127062797546
Sample 5,Chronos,0.49848729372024536
Sample 6,Moirai,0.502369225025177
Sample 6,Chronos,0.497630774974823
Sample 7,Moirai,0.5075941681861877
Sample 7,Timer,0.49240586161613464
Sample 8,Moirai,0.5330638885498047
Sample 8,Timer,0.4669360816478729
Sample 9,Moirai,0.500066876411438
Sample 9,TimesFM,0.499933123588562
Sample 10,Moirai,0.5059471726417542
Sample 10,TimesFM,0.49405285716056824
Sample 11,Moirai,0.5014249682426453
Sample 11,TimesFM,0.49857503175735474
Sample 12,Time-MoE,0.5000424385070801
Sample 12,Timer,0.4999575614929199
Sample 13,TimesFM,0.5015354156494141
Sample 13,Chronos,0.49846455454826355
Sample 14,Chronos,0.5013626217842102
Sample 14,Timer,0.4986373484134674
Sample 15,Moirai,0.5085552930831909
Sample 15,Timer,0.4914447069168091
Sample 16,Moirai,0.5307633876800537
Sample 16,Timer,0.4692365825176239
Sample 17,Moirai,0.5010870099067688
Sample 17,TimesFM,0.4989130198955536
Sample 18,Moirai,0.5117692947387695
Sample 18,Timer,0.48823070526123047
Sample 19,TimesFM,0.5017471313476562
Sample 19,Moirai,0.49825289845466614
Sample 20,TimesFM,0.5016971230506897
Sample 20,Time-MoE,0.4983028471469879
Sample 21,TimesFM,0.501046359539032
Sample 21,Moirai,0.498953640460968
Sample 22,Chronos,0.5003995895385742
Sample 22,TimesFM,0.4996004104614258
Sample 23,Moirai,0.5104787945747375
Sample 23,Timer,0.48952117562294006
Sample 24,Moirai,0.5304272174835205
Sample 24,Timer,0.4695728123188019
Sample 25,TimesFM,0.5018739104270935
Sample 25,Timer,0.4981260895729065
Sample 26,Moirai,0.5033250451087952
Sample 26,Timer,0.49667495489120483
Sample 27,TimesFM,0.5019119381904602
Sample 27,Chronos,0.4980880618095398
Sample 28,Time-MoE,0.5003224015235901
Sample 28,TimesFM,0.4996775686740875
Sample 29,TimesFM,0.5016258955001831
Sample 29,Chronos,0.4983740448951721
Sample 30,Moirai,0.5035945773124695
Sample 30,Chronos,0.4964054226875305
Sample 31,Time-MoE,0.5005601644515991
Sample 31,Timer,0.49943986535072327
Sample 0,Moirai,0.5164794325828552
Sample 0,TimesFM,0.48352059721946716
Sample 1,TimesFM,0.5019315481185913
Sample 1,Chronos,0.49806851148605347
Sample 2,Moirai,0.5019024610519409
Sample 2,Chronos,0.49809756875038147
Sample 3,TimesFM,0.5022015571594238
Sample 3,Timer,0.4977984130382538
Sample 4,Chronos,0.5004252195358276
Sample 4,TimesFM,0.49957481026649475
Sample 5,TimesFM,0.5011020302772522
Sample 5,Moirai,0.4988979697227478
Sample 6,TimesFM,0.5014223456382751
Sample 6,Chronos,0.49857765436172485
Sample 7,Moirai,0.5052247047424316
Sample 7,Time-MoE,0.4947752356529236
Sample 8,Moirai,0.54193514585495
Sample 8,Timer,0.4580647945404053
Sample 9,TimesFM,0.5010517239570618
Sample 9,Moirai,0.49894824624061584
Sample 10,Timer,0.5005351305007935
Sample 10,Time-MoE,0.49946486949920654
Sample 11,TimesFM,0.5025764107704163
Sample 11,Timer,0.49742358922958374
Sample 12,Moirai,0.5002129077911377
Sample 12,Chronos,0.4997871518135071
Sample 13,TimesFM,0.5008893013000488
Sample 13,Moirai,0.49911069869995117
Sample 14,TimesFM,0.5014565587043762
Sample 14,Chronos,0.4985434114933014
Sample 15,Moirai,0.5103779435157776
Sample 15,Time-MoE,0.4896220266819
Sample 0,Moirai,0.5430891513824463
Sample 0,Time-MoE,0.4569109082221985
Sample 1,TimesFM,0.5017976760864258
Sample 1,Chronos,0.4982023537158966
Sample 2,Timer,0.500186562538147
Sample 2,Chronos,0.4998134672641754
Sample 3,TimesFM,0.5028097629547119
Sample 3,Timer,0.4971901774406433
Sample 4,Moirai,0.500216543674469
Sample 4,Chronos,0.4997834861278534
Sample 5,TimesFM,0.5016754269599915
Sample 5,Chronos,0.49832454323768616
Sample 6,TimesFM,0.5012937188148499
Sample 6,Timer,0.49870631098747253
Sample 7,Moirai,0.5124028325080872
Sample 7,Time-MoE,0.48759719729423523
Sample 8,Moirai,0.5408499240875244
Sample 8,TimesFM,0.4591500759124756
Sample 9,TimesFM,0.5020216107368469
Sample 9,Chronos,0.4979783892631531
Sample 10,Moirai,0.5009992122650146
Sample 10,Time-MoE,0.49900075793266296
Sample 11,TimesFM,0.5028194189071655
Sample 11,Timer,0.4971805810928345
Sample 12,Moirai,0.508857250213623
Sample 12,Chronos,0.49114274978637695
Sample 13,TimesFM,0.5026406049728394
Sample 13,Timer,0.4973594546318054
Sample 14,TimesFM,0.5004141926765442
Sample 14,Chronos,0.4995857775211334
Sample 15,Moirai,0.5123736262321472
Sample 15,Time-MoE,0.4876263439655304
Sample 16,Moirai,0.5291574001312256
Sample 16,Time-MoE,0.4708425998687744
Sample 17,TimesFM,0.5000253915786743
Sample 17,Moirai,0.49997463822364807
Sample 18,Moirai,0.5031430721282959
Sample 18,Chronos,0.4968568980693817
Sample 19,TimesFM,0.5024555921554565
Sample 19,Timer,0.49754440784454346
Sample 20,Moirai,0.5108155012130737
Sample 20,TimesFM,0.48918452858924866
Sample 21,TimesFM,0.502785861492157
Sample 21,Timer,0.49721410870552063
Sample 22,TimesFM,0.50015789270401
Sample 22,Chronos,0.4998420774936676
Sample 23,Timer,0.5005576610565186
Sample 23,Time-MoE,0.49944230914115906
Sample 24,Moirai,0.5309300422668457
Sample 24,Time-MoE,0.4690699279308319
Sample 25,TimesFM,0.5020959973335266
Sample 25,Chronos,0.4979040026664734
Sample 26,Moirai,0.5135316848754883
Sample 26,TimesFM,0.4864683449268341
Sample 27,Moirai,0.5063996911048889
Sample 27,TimesFM,0.4936002790927887
Sample 28,Time-MoE,0.500135600566864
Sample 28,Chronos,0.499864399433136
Sample 29,TimesFM,0.5018084645271301
Sample 29,Moirai,0.4981914758682251
Sample 30,TimesFM,0.5016548037528992
Sample 30,Chronos,0.4983452260494232
Sample 31,Moirai,0.5065955519676208
Sample 31,Time-MoE,0.4934045076370239
Sample 0,Moirai,0.5305153727531433
Sample 0,TimesFM,0.4694845676422119
Sample 1,Moirai,0.5010386109352112
Sample 1,TimesFM,0.4989614188671112
Sample 2,Chronos,0.5004419088363647
Sample 2,Timer,0.49955809116363525
Sample 3,TimesFM,0.5019233226776123
Sample 3,Moirai,0.4980767071247101
Sample 4,Time-MoE,0.5002912878990173
Sample 4,TimesFM,0.49970871210098267
Sample 5,TimesFM,0.5022865533828735
Sample 5,Moirai,0.49771344661712646
Sample 6,Chronos,0.5005175471305847
Sample 6,TimesFM,0.4994824230670929
Sample 7,Moirai,0.5136902928352356
Sample 7,Time-MoE,0.4863097071647644
Sample 8,Moirai,0.5309356451034546
Sample 8,TimesFM,0.469064325094223
Sample 9,TimesFM,0.5006120800971985
Sample 9,Moirai,0.4993879199028015
Sample 10,Moirai,0.50338214635849
Sample 10,TimesFM,0.4966178238391876
Sample 11,Moirai,0.503669798374176
Sample 11,Timer,0.49633026123046875
Sample 12,Chronos,0.5015069246292114
Sample 12,TimesFM,0.49849310517311096
Sample 13,Moirai,0.5018078088760376
Sample 13,TimesFM,0.4981921315193176
Sample 14,TimesFM,0.5032472610473633
Sample 14,Chronos,0.4967527687549591
Sample 15,Moirai,0.5130265355110168
Sample 15,Time-MoE,0.4869734048843384
Sample 16,Moirai,0.5388565063476562
Sample 16,Time-MoE,0.46114352345466614
Sample 17,Moirai,0.5009328126907349
Sample 17,TimesFM,0.49906718730926514
Sample 18,Time-MoE,0.5002581477165222
Sample 18,Chronos,0.49974188208580017
Sample 19,TimesFM,0.500850260257721
Sample 19,Moirai,0.49914970993995667
Sample 20,Moirai,0.5012379884719849
Sample 20,TimesFM,0.49876198172569275
Sample 21,Moirai,0.5015506148338318
Sample 21,TimesFM,0.4984493851661682
Sample 22,Chronos,0.5009223818778992
Sample 22,Timer,0.49907755851745605
Sample 23,Time-MoE,0.5006981492042542
Sample 23,Timer,0.49930185079574585
Sample 24,Moirai,0.5237125158309937
Sample 24,TimesFM,0.47628745436668396
Sample 25,TimesFM,0.5025041699409485
Sample 25,Timer,0.4974958002567291
Sample 26,TimesFM,0.5004034638404846
Sample 26,Chronos,0.4995964765548706
Sample 27,TimesFM,0.5032709836959839
Sample 27,Timer,0.4967290163040161
Sample 28,Chronos,0.5007533431053162
Sample 28,Timer,0.4992466866970062
Sample 29,TimesFM,0.5029914379119873
Sample 29,Moirai,0.4970085620880127
Sample 30,TimesFM,0.5010499358177185
Sample 30,Chronos,0.4989500343799591
Sample 31,Moirai,0.5109689831733704
Sample 31,Time-MoE,0.489031046628952
Sample 0,Moirai,0.5271693468093872
Sample 0,Time-MoE,0.4728306233882904
Sample 1,Moirai,0.5010344386100769
Sample 1,TimesFM,0.4989655613899231
Sample 2,Moirai,0.500485360622406
Sample 2,TimesFM,0.499514639377594
Sample 3,TimesFM,0.5030736327171326
Sample 3,Timer,0.49692633748054504
Sample 4,Moirai,0.511594295501709
Sample 4,Time-MoE,0.48840564489364624
Sample 5,TimesFM,0.5000905394554138
Sample 5,Chronos,0.4999094605445862
Sample 6,Timer,0.5004050135612488
Sample 6,Chronos,0.4995949864387512
Sample 7,Moirai,0.5124604105949402
Sample 7,Time-MoE,0.4875395596027374
Sample 8,Moirai,0.524630069732666
Sample 8,Time-MoE,0.475369930267334
Sample 9,TimesFM,0.50238436460495
Sample 9,Timer,0.49761563539505005
Sample 10,Moirai,0.5019455552101135
Sample 10,TimesFM,0.4980544447898865
Sample 11,TimesFM,0.5018628835678101
Sample 11,Timer,0.49813714623451233
Sample 12,Time-MoE,0.5004958510398865
Sample 12,Chronos,0.4995041787624359
Sample 13,TimesFM,0.5032439231872559
Sample 13,Timer,0.49675610661506653
Sample 14,TimesFM,0.5014786720275879
Sample 14,Timer,0.4985212981700897
Sample 15,Moirai,0.5054098963737488
Sample 15,Time-MoE,0.4945901036262512
Sample 16,Moirai,0.5163025259971619
Sample 16,TimesFM,0.48369747400283813
Sample 17,TimesFM,0.5023552179336548
Sample 17,Chronos,0.4976447522640228
Sample 18,Chronos,0.5001663565635681
Sample 18,Time-MoE,0.4998336732387543
Sample 19,Moirai,0.5134854316711426
Sample 19,TimesFM,0.4865145981311798
Sample 20,Chronos,0.5007494688034058
Sample 20,Timer,0.49925053119659424
Sample 21,TimesFM,0.5025718808174133
Sample 21,Moirai,0.49742814898490906
Sample 22,Chronos,0.5012651085853577
Sample 22,TimesFM,0.4987349510192871
Sample 23,Time-MoE,0.5009031295776367
Sample 23,TimesFM,0.4990968704223633
Sample 24,Moirai,0.5224682688713074
Sample 24,Time-MoE,0.4775317907333374
Sample 25,TimesFM,0.5023595690727234
Sample 25,Timer,0.4976404011249542
Sample 26,Moirai,0.5022443532943726
Sample 26,Time-MoE,0.49775561690330505
Sample 27,TimesFM,0.502800703048706
Sample 27,Timer,0.4971993565559387
Sample 28,Time-MoE,0.5006479620933533
Sample 28,Timer,0.4993520677089691
Sample 29,TimesFM,0.5028699636459351
Sample 29,Chronos,0.49713003635406494
Sample 30,TimesFM,0.5017337799072266
Sample 30,Timer,0.4982662498950958
Sample 31,Moirai,0.5024724006652832
Sample 31,Time-MoE,0.4975276291370392
Sample 0,Moirai,0.5308419466018677
Sample 0,Time-MoE,0.46915799379348755
Sample 1,Moirai,0.5023558139801025
Sample 1,TimesFM,0.4976441562175751
Sample 2,Moirai,0.5109198093414307
Sample 2,Chronos,0.48908019065856934
Sample 3,Moirai,0.5005965828895569
Sample 3,TimesFM,0.4994034469127655
Sample 4,Chronos,0.500019371509552
Sample 4,TimesFM,0.499980628490448
Sample 5,Moirai,0.5153075456619263
Sample 5,TimesFM,0.48469242453575134
Sample 6,Moirai,0.5065361857414246
Sample 6,TimesFM,0.49346381425857544
Sample 7,Moirai,0.507965087890625
Sample 7,Timer,0.4920348823070526
Sample 8,Moirai,0.544650137424469
Sample 8,Time-MoE,0.4553498923778534
Sample 9,TimesFM,0.502267062664032
Sample 9,Timer,0.497732937335968
Sample 10,Chronos,0.5000786781311035
Sample 10,Timer,0.4999213218688965
Sample 11,TimesFM,0.5032989382743835
Sample 11,Timer,0.49670103192329407
Sample 12,Moirai,0.5067330002784729
Sample 12,Chronos,0.4932669699192047
Sample 13,TimesFM,0.5018608570098877
Sample 13,Timer,0.4981391727924347
Sample 14,TimesFM,0.5013578534126282
Sample 14,Chronos,0.4986422061920166
Sample 15,Moirai,0.5119975805282593
Sample 15,Time-MoE,0.4880024194717407
Sample 16,Moirai,0.5423376560211182
Sample 16,Chronos,0.45766228437423706
Sample 17,TimesFM,0.5004299283027649
Sample 17,Chronos,0.4995701014995575
Sample 18,Moirai,0.5075059533119202
Sample 18,Chronos,0.49249404668807983
Sample 19,TimesFM,0.5024744868278503
Sample 19,Timer,0.49752551317214966
Sample 20,Time-MoE,0.5002016425132751
Sample 20,Timer,0.49979835748672485
Sample 21,TimesFM,0.5022308826446533
Sample 21,Chronos,0.4977690875530243
Sample 22,Moirai,0.5074619650840759
Sample 22,Chronos,0.49253806471824646
Sample 23,Moirai,0.5073896050453186
Sample 23,Time-MoE,0.49261045455932617
Sample 24,Moirai,0.530959963798523
Sample 24,Time-MoE,0.46904006600379944
Sample 25,TimesFM,0.5026536583900452
Sample 25,Timer,0.49734634160995483
Sample 26,Moirai,0.5042960047721863
Sample 26,Chronos,0.4957040250301361
Sample 27,TimesFM,0.5029754042625427
Sample 27,Timer,0.4970245957374573
Sample 28,Moirai,0.508056104183197
Sample 28,Chronos,0.491943895816803
Sample 29,TimesFM,0.5027374029159546
Sample 29,Timer,0.497262567281723
Sample 30,TimesFM,0.5011903643608093
Sample 30,Chronos,0.4988096058368683
Sample 31,Moirai,0.5121180415153503
Sample 31,Time-MoE,0.48788192868232727
Sample 0,Moirai,0.5392978191375732
Sample 0,TimesFM,0.46070215106010437
Sample 1,TimesFM,0.5019325613975525
Sample 1,Moirai,0.4980674386024475
Sample 2,Chronos,0.5000369548797607
Sample 2,TimesFM,0.49996301531791687
Sample 3,TimesFM,0.503086268901825
Sample 3,Timer,0.49691376090049744
Sample 4,Moirai,0.5032570362091064
Sample 4,Chronos,0.49674299359321594
Sample 5,TimesFM,0.5023494958877563
Sample 5,Timer,0.49765050411224365
Sample 6,Moirai,0.5005218386650085
Sample 6,TimesFM,0.49947819113731384
Sample 7,Moirai,0.5142863392829895
Sample 7,Time-MoE,0.4857136607170105
Sample 8,Moirai,0.5387007594108582
Sample 8,Chronos,0.4612993001937866
Sample 9,TimesFM,0.5019648671150208
Sample 9,Moirai,0.49803516268730164
Sample 10,Moirai,0.5048819780349731
Sample 10,Time-MoE,0.49511805176734924
Sample 11,Moirai,0.5144471526145935
Sample 11,TimesFM,0.4855528175830841
Sample 12,Chronos,0.5013383626937866
Sample 12,Moirai,0.4986616373062134
Sample 13,Moirai,0.5001359581947327
Sample 13,TimesFM,0.49986404180526733
Sample 14,Chronos,0.5003281235694885
Sample 14,TimesFM,0.4996718764305115
Sample 15,Time-MoE,0.5004544258117676
Sample 15,Timer,0.49954554438591003
Sample 16,Moirai,0.527016282081604
Sample 16,TimesFM,0.4729836881160736
Sample 17,TimesFM,0.5022552013397217
Sample 17,Chronos,0.4977447986602783
Sample 18,Moirai,0.5049505829811096
Sample 18,TimesFM,0.4950494170188904
Sample 19,TimesFM,0.5027635097503662
Sample 19,Timer,0.4972364604473114
Sample 20,Time-MoE,0.5005632042884827
Sample 20,Chronos,0.49943679571151733
Sample 21,TimesFM,0.5034694075584412
Sample 21,Timer,0.49653056263923645
Sample 22,TimesFM,0.501413881778717
Sample 22,Chronos,0.49858608841896057
Sample 23,Moirai,0.5011154413223267
Sample 23,Time-MoE,0.49888455867767334
Sample 24,Moirai,0.5449389219284058
Sample 24,Time-MoE,0.45506101846694946
Sample 25,TimesFM,0.5020726323127747
Sample 25,Chronos,0.49792736768722534
Sample 26,Moirai,0.5043258666992188
Sample 26,Chronos,0.495674192905426
Sample 27,TimesFM,0.5031641125679016
Sample 27,Timer,0.4968359172344208
Sample 28,Moirai,0.508746325969696
Sample 28,Time-MoE,0.49125367403030396
Sample 29,TimesFM,0.5009915828704834
Sample 29,Chronos,0.4990083873271942
Sample 30,TimesFM,0.5005136728286743
Sample 30,Moirai,0.4994862973690033
Sample 31,Moirai,0.5181485414505005
Sample 31,Time-MoE,0.4818514585494995
Sample 0,Moirai,0.5397463440895081
Sample 0,Time-MoE,0.46025362610816956
Sample 1,TimesFM,0.5021268725395203
Sample 1,Timer,0.4978731572628021
Sample 2,Timer,0.5012347102165222
Sample 2,Time-MoE,0.49876531958580017
Sample 3,TimesFM,0.502936840057373
Sample 3,Timer,0.49706318974494934
Sample 4,Moirai,0.5010359883308411
Sample 4,Chronos,0.49896398186683655
Sample 5,TimesFM,0.5022640228271484
Sample 5,Chronos,0.49773597717285156
Sample 6,Moirai,0.5030660033226013
Sample 6,Chronos,0.4969339966773987
Sample 7,Moirai,0.5082442164421082
Sample 7,Time-MoE,0.49175581336021423
Sample 8,Moirai,0.537912905216217
Sample 8,Time-MoE,0.46208706498146057
Sample 9,Moirai,0.5000523328781128
Sample 9,TimesFM,0.4999476671218872
Sample 10,Moirai,0.5067778825759888
Sample 10,TimesFM,0.4932221472263336
Sample 11,Moirai,0.5017730593681335
Sample 11,TimesFM,0.49822691082954407
Sample 12,Timer,0.5000994205474854
Sample 12,TimesFM,0.4999005198478699
Sample 13,TimesFM,0.5012480616569519
Sample 13,Timer,0.4987519383430481
Sample 14,Chronos,0.5010069012641907
Sample 14,Timer,0.49899306893348694
Sample 15,Moirai,0.509979248046875
Sample 15,Chronos,0.4900207817554474
Sample 16,Moirai,0.5349997878074646
Sample 16,Time-MoE,0.4650002121925354
Sample 17,Moirai,0.5012532472610474
Sample 17,TimesFM,0.49874675273895264
Sample 18,Moirai,0.5135806798934937
Sample 18,Time-MoE,0.48641929030418396
Sample 19,TimesFM,0.5020519495010376
Sample 19,Moirai,0.4979480504989624
Sample 20,TimesFM,0.5021874308586121
Sample 20,Timer,0.49781253933906555
Sample 21,TimesFM,0.5012805461883545
Sample 21,Moirai,0.4987194240093231
Sample 22,Chronos,0.5002824664115906
Sample 22,TimesFM,0.4997175335884094
Sample 23,Moirai,0.5111925601959229
Sample 23,Time-MoE,0.48880741000175476
Sample 24,Moirai,0.5351788401603699
Sample 24,TimesFM,0.4648212194442749
Sample 25,TimesFM,0.502593457698822
Sample 25,Timer,0.497406542301178
Sample 26,Moirai,0.5038424730300903
Sample 26,Timer,0.49615752696990967
Sample 27,TimesFM,0.502617597579956
Sample 27,Timer,0.49738240242004395
Sample 28,Time-MoE,0.5003924369812012
Sample 28,TimesFM,0.49960756301879883
Sample 29,TimesFM,0.5022546648979187
Sample 29,Chronos,0.4977453052997589
Sample 30,Moirai,0.5041845440864563
Sample 30,Chronos,0.4958154857158661
Sample 31,Time-MoE,0.5007963180541992
Sample 31,Timer,0.49920371174812317
Sample 0,Moirai,0.5193295478820801
Sample 0,TimesFM,0.4806704521179199
Sample 1,TimesFM,0.5022616386413574
Sample 1,Timer,0.4977383315563202
Sample 2,Moirai,0.5023056864738464
Sample 2,Chronos,0.49769431352615356
Sample 3,TimesFM,0.502473771572113
Sample 3,Timer,0.4975261688232422
Sample 4,Chronos,0.500136137008667
Sample 4,Timer,0.499863862991333
Sample 5,TimesFM,0.5010276436805725
Sample 5,Moirai,0.4989722967147827
Sample 6,TimesFM,0.5014525651931763
Sample 6,Timer,0.49854743480682373
Sample 7,Moirai,0.5052641034126282
Sample 7,Time-MoE,0.49473586678504944
Sample 8,Moirai,0.5478482246398926
Sample 8,Time-MoE,0.4521517753601074
Sample 9,TimesFM,0.5008206963539124
Sample 9,Moirai,0.4991793632507324
Sample 10,Timer,0.5004691481590271
Sample 10,Time-MoE,0.4995308518409729
Sample 11,TimesFM,0.5027751326560974
Sample 11,Timer,0.497224897146225
Sample 12,Moirai,0.5004826188087463
Sample 12,Chronos,0.49951738119125366
Sample 13,TimesFM,0.5006832480430603
Sample 13,Moirai,0.4993167519569397
Sample 14,TimesFM,0.5013640522956848
Sample 14,Timer,0.4986359477043152
Sample 15,Moirai,0.5109598636627197
Sample 15,Time-MoE,0.48904016613960266
Sample 0,Moirai,0.5490679740905762
Sample 0,Time-MoE,0.45093196630477905
Sample 1,TimesFM,0.5016493797302246
Sample 1,Chronos,0.4983506500720978
Sample 2,Timer,0.5002744793891907
Sample 2,Time-MoE,0.4997255206108093
Sample 3,TimesFM,0.5026419162750244
Sample 3,Timer,0.497358113527298
Sample 4,Moirai,0.500404417514801
Sample 4,Chronos,0.4995955228805542
Sample 5,TimesFM,0.5015744566917419
Sample 5,Chronos,0.49842557311058044
Sample 6,TimesFM,0.5006208419799805
Sample 6,Timer,0.4993791878223419
Sample 7,Moirai,0.5134400129318237
Sample 7,Time-MoE,0.48655998706817627
Sample 8,Moirai,0.5470628142356873
Sample 8,Chronos,0.45293712615966797
Sample 9,TimesFM,0.5017573237419128
Sample 9,Timer,0.49824267625808716
Sample 10,Moirai,0.5011486411094666
Sample 10,Time-MoE,0.49885135889053345
Sample 11,TimesFM,0.5028982162475586
Sample 11,Timer,0.4971018135547638
Sample 12,Moirai,0.5100653171539307
Sample 12,Chronos,0.48993468284606934
Sample 13,TimesFM,0.5025497078895569
Sample 13,Timer,0.4974503219127655
Sample 14,TimesFM,0.5005595088005066
Sample 14,Chronos,0.4994404911994934
Sample 15,Moirai,0.5134040117263794
Sample 15,Time-MoE,0.486596018075943
Sample 16,Moirai,0.5326964855194092
Sample 16,Time-MoE,0.4673035144805908
Sample 17,Moirai,0.5006715655326843
Sample 17,TimesFM,0.49932846426963806
Sample 18,Moirai,0.5035677552223206
Sample 18,Chronos,0.49643227458000183
Sample 19,TimesFM,0.502240777015686
Sample 19,Timer,0.49775928258895874
Sample 20,Moirai,0.5124562382698059
Sample 20,TimesFM,0.4875437915325165
Sample 21,TimesFM,0.502880334854126
Sample 21,Timer,0.4971196949481964
Sample 22,TimesFM,0.5000277161598206
Sample 22,Chronos,0.49997231364250183
Sample 23,Timer,0.5004278421401978
Sample 23,Time-MoE,0.49957218766212463
Sample 24,Moirai,0.5345649123191833
Sample 24,Time-MoE,0.46543508768081665
Sample 25,TimesFM,0.5018672347068787
Sample 25,Timer,0.49813276529312134
Sample 26,Moirai,0.5161293148994446
Sample 26,TimesFM,0.4838707447052002
Sample 27,Moirai,0.5078207850456238
Sample 27,TimesFM,0.4921792447566986
Sample 28,Time-MoE,0.5006612539291382
Sample 28,Chronos,0.4993387460708618
Sample 29,TimesFM,0.5015116930007935
Sample 29,Moirai,0.49848824739456177
Sample 30,TimesFM,0.5015749335289001
Sample 30,Timer,0.49842506647109985
Sample 31,Moirai,0.5071833729743958
Sample 31,Time-MoE,0.49281659722328186
Sample 0,Moirai,0.5354586839675903
Sample 0,Timer,0.4645412862300873
Sample 1,Moirai,0.5021799206733704
Sample 1,TimesFM,0.49782004952430725
Sample 2,Chronos,0.500270664691925
Sample 2,Timer,0.49972930550575256
Sample 3,TimesFM,0.5012370347976685
Sample 3,Moirai,0.49876293540000916
Sample 4,Time-MoE,0.5003204941749573
Sample 4,TimesFM,0.4996795058250427
Sample 5,TimesFM,0.5017362236976624
Sample 5,Moirai,0.49826374650001526
Sample 6,Chronos,0.5006247758865356
Sample 6,Timer,0.49937519431114197
Sample 7,Moirai,0.5151171088218689
Sample 7,Time-MoE,0.4848828613758087
Sample 8,Moirai,0.5359296798706055
Sample 8,TimesFM,0.46407032012939453
Sample 9,Moirai,0.5002484917640686
Sample 9,TimesFM,0.4997515380382538
Sample 10,Moirai,0.5044723153114319
Sample 10,TimesFM,0.4955277144908905
Sample 11,Moirai,0.5046327710151672
Sample 11,Timer,0.49536725878715515
Sample 12,Chronos,0.5015702247619629
Sample 12,Timer,0.4984297752380371
Sample 13,Moirai,0.5029693245887756
Sample 13,TimesFM,0.49703070521354675
Sample 14,TimesFM,0.5030343532562256
Sample 14,Timer,0.4969656765460968
Sample 15,Moirai,0.5147038102149963
Sample 15,Time-MoE,0.4852961599826813
Sample 16,Moirai,0.5441884398460388
Sample 16,Time-MoE,0.4558115601539612
Sample 17,Moirai,0.5020619630813599
Sample 17,TimesFM,0.49793800711631775
Sample 18,Time-MoE,0.5004997253417969
Sample 18,Timer,0.4995002746582031
Sample 19,Moirai,0.5000119209289551
Sample 19,TimesFM,0.49998804926872253
Sample 20,Moirai,0.502232015132904
Sample 20,TimesFM,0.49776798486709595
Sample 21,Moirai,0.5027363896369934
Sample 21,TimesFM,0.4972635805606842
Sample 22,Chronos,0.5006194710731506
Sample 22,Timer,0.49938055872917175
Sample 23,Time-MoE,0.5013974905014038
Sample 23,Timer,0.4986024498939514
Sample 24,Moirai,0.5280423164367676
Sample 24,TimesFM,0.47195765376091003
Sample 25,TimesFM,0.5020630955696106
Sample 25,Timer,0.497936874628067
Sample 26,TimesFM,0.5002489686012268
Sample 26,Timer,0.4997510612010956
Sample 27,TimesFM,0.5032451748847961
Sample 27,Timer,0.49675485491752625
Sample 28,Chronos,0.5007617473602295
Sample 28,Time-MoE,0.4992382526397705
Sample 29,TimesFM,0.5026393532752991
Sample 29,Moirai,0.4973606467247009
Sample 30,TimesFM,0.5007753372192383
Sample 30,Timer,0.4992246925830841
Sample 31,Moirai,0.5119900107383728
Sample 31,Time-MoE,0.4880099892616272
Sample 0,Moirai,0.530614972114563
Sample 0,Time-MoE,0.46938496828079224
Sample 1,Moirai,0.5023210048675537
Sample 1,TimesFM,0.4976790249347687
Sample 2,Moirai,0.5009364485740662
Sample 2,TimesFM,0.49906355142593384
Sample 3,TimesFM,0.5027161836624146
Sample 3,Timer,0.49728378653526306
Sample 4,Moirai,0.5131517052650452
Sample 4,Time-MoE,0.4868483245372772
Sample 5,TimesFM,0.5000486969947815
Sample 5,Chronos,0.4999513328075409
Sample 6,Timer,0.5004922747612
Sample 6,Chronos,0.49950769543647766
Sample 7,Moirai,0.514150857925415
Sample 7,Time-MoE,0.4858491122722626
Sample 8,Moirai,0.5277383923530579
Sample 8,Time-MoE,0.47226160764694214
Sample 9,TimesFM,0.5017883777618408
Sample 9,Timer,0.49821165204048157
Sample 10,Moirai,0.5032573342323303
Sample 10,Chronos,0.4967426657676697
Sample 11,TimesFM,0.5017305612564087
Sample 11,Timer,0.4982694685459137
Sample 12,Time-MoE,0.5009382963180542
Sample 12,Chronos,0.499061644077301
Sample 13,TimesFM,0.5029639005661011
Sample 13,Timer,0.4970360994338989
Sample 14,TimesFM,0.5008841156959534
Sample 14,Timer,0.499115914106369
Sample 15,Moirai,0.5059350728988647
Sample 15,Time-MoE,0.49406492710113525
Sample 16,Moirai,0.5198338627815247
Sample 16,TimesFM,0.48016613721847534
Sample 17,TimesFM,0.5018819570541382
Sample 17,Chronos,0.49811798334121704
Sample 18,Time-MoE,0.5002054572105408
Sample 18,Chronos,0.49979454278945923
Sample 19,Moirai,0.5163464546203613
Sample 19,TimesFM,0.4836535155773163
Sample 20,Chronos,0.5006862282752991
Sample 20,Time-MoE,0.49931374192237854
Sample 21,TimesFM,0.5019868016242981
Sample 21,Moirai,0.4980131685733795
Sample 22,Chronos,0.5018675327301025
Sample 22,Moirai,0.49813246726989746
Sample 23,Time-MoE,0.5007503628730774
Sample 23,TimesFM,0.4992496371269226
Sample 24,Moirai,0.5252408385276794
Sample 24,Time-MoE,0.47475916147232056
Sample 25,TimesFM,0.5016791820526123
Sample 25,Timer,0.4983208179473877
Sample 26,Moirai,0.5024023652076721
Sample 26,Time-MoE,0.49759766459465027
Sample 27,TimesFM,0.5031169056892395
Sample 27,Timer,0.4968831241130829
Sample 28,Time-MoE,0.5011269450187683
Sample 28,Timer,0.4988730549812317
Sample 29,TimesFM,0.5024430751800537
Sample 29,Chronos,0.4975569248199463
Sample 30,TimesFM,0.501169741153717
Sample 30,Timer,0.49883022904396057
Sample 31,Moirai,0.5024347305297852
Sample 31,Time-MoE,0.49756523966789246
Sample 0,Moirai,0.534980833530426
Sample 0,Time-MoE,0.465019166469574
Sample 1,Moirai,0.5038912892341614
Sample 1,TimesFM,0.496108740568161
Sample 2,Moirai,0.5122939944267273
Sample 2,Chronos,0.4877060055732727
Sample 3,Moirai,0.5018120408058167
Sample 3,TimesFM,0.49818792939186096
Sample 4,Chronos,0.5004999041557312
Sample 4,Timer,0.499500036239624
Sample 5,Moirai,0.5176705121994019
Sample 5,Chronos,0.48232948780059814
Sample 6,Moirai,0.5078266263008118
Sample 6,TimesFM,0.4921734035015106
Sample 7,Moirai,0.5090610980987549
Sample 7,Timer,0.4909389019012451
Sample 8,Moirai,0.5507906675338745
Sample 8,Time-MoE,0.4492093324661255
Sample 9,TimesFM,0.501481831073761
Sample 9,Chronos,0.498518168926239
Sample 10,TimesFM,0.5000597238540649
Sample 10,Chronos,0.49994027614593506
Sample 11,TimesFM,0.5031675100326538
Sample 11,Timer,0.4968324899673462
Sample 12,Moirai,0.5074425339698792
Sample 12,Chronos,0.49255743622779846
Sample 13,TimesFM,0.5013386607170105
Sample 13,Chronos,0.4986613094806671
Sample 14,TimesFM,0.5011894106864929
Sample 14,Chronos,0.4988105297088623
Sample 15,Moirai,0.5134600400924683
Sample 15,Time-MoE,0.48653993010520935
Sample 16,Moirai,0.5477392077445984
Sample 16,Chronos,0.4522607922554016
Sample 17,Chronos,0.5001776218414307
Sample 17,TimesFM,0.4998224079608917
Sample 18,Moirai,0.5084907412528992
Sample 18,Chronos,0.4915093183517456
Sample 19,TimesFM,0.5027102828025818
Sample 19,Timer,0.4972897469997406
Sample 20,Time-MoE,0.5005000829696655
Sample 20,Timer,0.4994998574256897
Sample 21,TimesFM,0.5020112991333008
Sample 21,Chronos,0.4979887306690216
Sample 22,Moirai,0.5084591507911682
Sample 22,Chronos,0.4915408492088318
Sample 23,Moirai,0.5082762837409973
Sample 23,Time-MoE,0.4917237460613251
Sample 24,Moirai,0.5350629091262817
Sample 24,Time-MoE,0.4649370610713959
Sample 25,TimesFM,0.5022593140602112
Sample 25,Timer,0.4977407157421112
Sample 26,Moirai,0.5047507286071777
Sample 26,Chronos,0.49524930119514465
Sample 27,TimesFM,0.5028489828109741
Sample 27,Timer,0.49715104699134827
Sample 28,Moirai,0.5089074373245239
Sample 28,Chronos,0.49109262228012085
Sample 29,TimesFM,0.5028850436210632
Sample 29,Timer,0.49711501598358154
Sample 30,TimesFM,0.5006086230278015
Sample 30,Chronos,0.4993913769721985
Sample 31,Moirai,0.5135825276374817
Sample 31,Time-MoE,0.4864174723625183
Sample 0,Moirai,0.5443447828292847
Sample 0,Timer,0.45565521717071533
Sample 1,TimesFM,0.500999927520752
Sample 1,Moirai,0.49900004267692566
Sample 2,Chronos,0.5004910826683044
Sample 2,TimesFM,0.49950894713401794
Sample 3,TimesFM,0.5027416944503784
Sample 3,Timer,0.4972582757472992
Sample 4,Moirai,0.5036128759384155
Sample 4,Chronos,0.4963871240615845
Sample 5,TimesFM,0.5020143389701843
Sample 5,Timer,0.49798569083213806
Sample 6,Moirai,0.5017614364624023
Sample 6,TimesFM,0.49823862314224243
Sample 7,Moirai,0.5161827206611633
Sample 7,Time-MoE,0.48381733894348145
Sample 8,Moirai,0.5436061024665833
Sample 8,Chronos,0.45639389753341675
Sample 9,TimesFM,0.5010334849357605
Sample 9,Moirai,0.4989665448665619
Sample 10,Moirai,0.5055652856826782
Sample 10,Time-MoE,0.49443474411964417
Sample 11,Moirai,0.5173289179801941
Sample 11,TimesFM,0.4826710820198059
Sample 12,Chronos,0.5016666054725647
Sample 12,Moirai,0.4983333647251129
Sample 13,Moirai,0.5011520385742188
Sample 13,TimesFM,0.49884796142578125
Sample 14,Chronos,0.5003520846366882
Sample 14,TimesFM,0.49964791536331177
Sample 15,Time-MoE,0.5007479786872864
Sample 15,Timer,0.4992520809173584
Sample 16,Moirai,0.5318151712417603
Sample 16,TimesFM,0.46818482875823975
Sample 17,TimesFM,0.5016893148422241
Sample 17,Chronos,0.4983106851577759
Sample 18,Moirai,0.505753219127655
Sample 18,Chronos,0.49424678087234497
Sample 19,TimesFM,0.5033668279647827
Sample 19,Timer,0.4966331422328949
Sample 20,Time-MoE,0.5007239580154419
Sample 20,Chronos,0.4992761015892029
Sample 21,TimesFM,0.5032030344009399
Sample 21,Chronos,0.49679696559906006
Sample 22,TimesFM,0.5006293654441833
Sample 22,Chronos,0.49937063455581665
Sample 23,Moirai,0.501278281211853
Sample 23,Time-MoE,0.498721718788147
Sample 24,Moirai,0.5511395335197449
Sample 24,Time-MoE,0.44886043667793274
Sample 25,TimesFM,0.5011292695999146
Sample 25,Chronos,0.49887076020240784
Sample 26,Moirai,0.5051013827323914
Sample 26,Time-MoE,0.49489861726760864
Sample 27,TimesFM,0.5029270052909851
Sample 27,Timer,0.4970729649066925
Sample 28,Moirai,0.509933352470398
Sample 28,Time-MoE,0.49006661772727966
Sample 29,TimesFM,0.5004492998123169
Sample 29,Chronos,0.4995507001876831
Sample 30,Moirai,0.5001441836357117
Sample 30,Chronos,0.49985581636428833
Sample 31,Moirai,0.5205865502357483
Sample 31,Time-MoE,0.47941339015960693
Sample 0,Moirai,0.5449292063713074
Sample 0,Chronos,0.4550707936286926
Sample 1,TimesFM,0.5012681484222412
Sample 1,Chronos,0.4987318813800812
Sample 2,Timer,0.5010913014411926
Sample 2,Time-MoE,0.49890872836112976
Sample 3,TimesFM,0.5026275515556335
Sample 3,Timer,0.49737244844436646
Sample 4,Moirai,0.5009408593177795
Sample 4,Chronos,0.49905914068222046
Sample 5,TimesFM,0.5016099214553833
Sample 5,Chronos,0.4983901381492615
Sample 6,Moirai,0.5033879280090332
Sample 6,Chronos,0.4966121315956116
Sample 7,Moirai,0.5094740986824036
Sample 7,Time-MoE,0.49052590131759644
Sample 8,Moirai,0.5429748296737671
Sample 8,Timer,0.4570251703262329
Sample 9,Moirai,0.5011898279190063
Sample 9,TimesFM,0.49881017208099365
Sample 10,Moirai,0.5081149935722351
Sample 10,TimesFM,0.4918850064277649
Sample 11,Moirai,0.5030654668807983
Sample 11,TimesFM,0.4969344735145569
Sample 12,TimesFM,0.5001378059387207
Sample 12,Timer,0.4998622536659241
Sample 13,TimesFM,0.5020331144332886
Sample 13,Timer,0.4979669153690338
Sample 14,Chronos,0.5011237263679504
Sample 14,Timer,0.49887627363204956
Sample 15,Moirai,0.5112020969390869
Sample 15,Chronos,0.4887978434562683
Sample 16,Moirai,0.539827823638916
Sample 16,Time-MoE,0.46017220616340637
Sample 17,Moirai,0.5025744438171387
Sample 17,TimesFM,0.49742555618286133
Sample 18,Moirai,0.5153824687004089
Sample 18,Chronos,0.48461753129959106
Sample 19,TimesFM,0.5012503862380981
Sample 19,Moirai,0.49874958395957947
Sample 20,TimesFM,0.502292811870575
Sample 20,Timer,0.49770721793174744
Sample 21,TimesFM,0.5003828406333923
Sample 21,Moirai,0.4996171295642853
Sample 22,Chronos,0.5006202459335327
Sample 22,TimesFM,0.4993797838687897
Sample 23,Moirai,0.5127836465835571
Sample 23,Time-MoE,0.4872163236141205
Sample 24,Moirai,0.5405807495117188
Sample 24,Chronos,0.45941928029060364
Sample 25,TimesFM,0.5021691918373108
Sample 25,Chronos,0.4978308379650116
Sample 26,Moirai,0.504200279712677
Sample 26,Timer,0.4957997500896454
Sample 27,TimesFM,0.5020910501480103
Sample 27,Chronos,0.49790894985198975
Sample 28,TimesFM,0.50007563829422
Sample 28,Time-MoE,0.4999243915081024
Sample 29,TimesFM,0.5017823576927185
Sample 29,Chronos,0.4982176721096039
Sample 30,Moirai,0.504802942276001
Sample 30,Chronos,0.4951971173286438
Sample 31,Time-MoE,0.5012151598930359
Sample 31,Timer,0.4987848401069641
Sample 0,Moirai,0.5228354334831238
Sample 0,TimesFM,0.47716453671455383
Sample 1,TimesFM,0.501802384853363
Sample 1,Chronos,0.49819767475128174
Sample 2,Moirai,0.5025904774665833
Sample 2,Chronos,0.49740949273109436
Sample 3,TimesFM,0.5025326609611511
Sample 3,Timer,0.4974673390388489
Sample 4,TimesFM,0.5004624128341675
Sample 4,Chronos,0.4995375871658325
Sample 5,TimesFM,0.500282347202301
Sample 5,Moirai,0.499717652797699
Sample 6,TimesFM,0.500922679901123
Sample 6,Chronos,0.49907737970352173
Sample 7,Moirai,0.5061554908752441
Sample 7,Time-MoE,0.49384450912475586
Sample 8,Moirai,0.5540484189987183
Sample 8,Chronos,0.4459516108036041
Sample 9,Moirai,0.5000470280647278
Sample 9,TimesFM,0.4999530017375946
Sample 10,Timer,0.500256359577179
Sample 10,Time-MoE,0.49974361062049866
Sample 11,TimesFM,0.5025891661643982
Sample 11,Chronos,0.4974108338356018
Sample 12,Moirai,0.5004570484161377
Sample 12,Chronos,0.4995429813861847
Sample 13,Moirai,0.5001696348190308
Sample 13,TimesFM,0.49983036518096924
Sample 14,TimesFM,0.5010405778884888
Sample 14,Timer,0.49895939230918884
Sample 15,Moirai,0.5126997828483582
Sample 15,Time-MoE,0.48730018734931946
Sample 0,Moirai,0.5550712943077087
Sample 0,Timer,0.44492870569229126
Sample 1,TimesFM,0.5009497404098511
Sample 1,Chronos,0.4990502893924713
Sample 2,Timer,0.5000612735748291
Sample 2,Time-MoE,0.4999387562274933
Sample 3,TimesFM,0.5026124715805054
Sample 3,Timer,0.49738749861717224
Sample 4,Moirai,0.5003750920295715
Sample 4,Chronos,0.49962490797042847
Sample 5,TimesFM,0.5009263753890991
Sample 5,Chronos,0.4990736246109009
Sample 6,TimesFM,0.500373363494873
Sample 6,Timer,0.49962663650512695
Sample 7,Moirai,0.5155751705169678
Sample 7,Time-MoE,0.4844248294830322
Sample 8,Moirai,0.5526214838027954
Sample 8,Timer,0.4473785161972046
Sample 9,TimesFM,0.5012452006340027
Sample 9,Chronos,0.4987547695636749
Sample 10,Moirai,0.5011733174324036
Sample 10,Time-MoE,0.4988267123699188
Sample 11,TimesFM,0.5029635429382324
Sample 11,Timer,0.4970364272594452
Sample 12,Moirai,0.5113420486450195
Sample 12,Chronos,0.4886579215526581
Sample 13,TimesFM,0.502330482006073
Sample 13,Chronos,0.4976694881916046
Sample 14,TimesFM,0.5004975199699402
Sample 14,Chronos,0.4995024800300598
Sample 15,Moirai,0.5155021548271179
Sample 15,Time-MoE,0.4844978153705597
Sample 16,Moirai,0.5371152758598328
Sample 16,Timer,0.46288472414016724
Sample 17,Moirai,0.5015584230422974
Sample 17,TimesFM,0.498441606760025
Sample 18,Moirai,0.5039621591567993
Sample 18,Chronos,0.4960378408432007
Sample 19,TimesFM,0.5020230412483215
Sample 19,Chronos,0.4979769289493561
Sample 20,Moirai,0.5138934254646301
Sample 20,Timer,0.4861065745353699
Sample 21,TimesFM,0.5029866099357605
Sample 21,Timer,0.4970134496688843
Sample 22,Chronos,0.5001397728919983
Sample 22,TimesFM,0.4998602271080017
Sample 23,Timer,0.5004750490188599
Sample 23,Time-MoE,0.49952495098114014
Sample 24,Moirai,0.5393931865692139
Sample 24,Time-MoE,0.46060681343078613
Sample 25,TimesFM,0.5013355016708374
Sample 25,Chronos,0.4986645579338074
Sample 26,Moirai,0.5181397795677185
Sample 26,Timer,0.4818602204322815
Sample 27,Moirai,0.5092700123786926
Sample 27,TimesFM,0.490729957818985
Sample 28,Time-MoE,0.5005804896354675
Sample 28,Chronos,0.4994194507598877
Sample 29,TimesFM,0.5010110139846802
Sample 29,Moirai,0.4989890158176422
Sample 30,TimesFM,0.5014534592628479
Sample 30,Timer,0.4985465705394745
Sample 31,Moirai,0.508473813533783
Sample 31,Time-MoE,0.49152612686157227
Sample 0,Moirai,0.5397480726242065
Sample 0,Timer,0.46025192737579346
Sample 1,Moirai,0.5031135678291321
Sample 1,TimesFM,0.4968864321708679
Sample 2,Chronos,0.5005490183830261
Sample 2,Timer,0.4994509518146515
Sample 3,TimesFM,0.5007972121238708
Sample 3,Moirai,0.49920278787612915
Sample 4,Time-MoE,0.5001845955848694
Sample 4,TimesFM,0.499815434217453
Sample 5,TimesFM,0.501334547996521
Sample 5,Moirai,0.4986654818058014
Sample 6,Chronos,0.5011409521102905
Sample 6,Timer,0.4988590478897095
Sample 7,Moirai,0.5174785852432251
Sample 7,Time-MoE,0.4825214743614197
Sample 8,Moirai,0.5404282212257385
Sample 8,Timer,0.45957180857658386
Sample 9,Moirai,0.5009011030197144
Sample 9,TimesFM,0.49909892678260803
Sample 10,Moirai,0.5049740672111511
Sample 10,Chronos,0.4950259327888489
Sample 11,Moirai,0.505469560623169
Sample 11,Timer,0.49453040957450867
Sample 12,Chronos,0.5018723011016846
Sample 12,Timer,0.49812769889831543
Sample 13,Moirai,0.5039061307907104
Sample 13,TimesFM,0.49609386920928955
Sample 14,TimesFM,0.5031301379203796
Sample 14,Chronos,0.49686989188194275
Sample 15,Moirai,0.5168219208717346
Sample 15,Time-MoE,0.48317810893058777
Sample 16,Moirai,0.5497148633003235
Sample 16,Timer,0.4502851366996765
Sample 17,Moirai,0.5029591917991638
Sample 17,TimesFM,0.4970408082008362
Sample 18,Time-MoE,0.5008113384246826
Sample 18,Chronos,0.49918869137763977
Sample 19,Moirai,0.5006186962127686
Sample 19,TimesFM,0.49938127398490906
Sample 20,Moirai,0.5030478835105896
Sample 20,TimesFM,0.4969521462917328
Sample 21,Moirai,0.5036957859992981
Sample 21,TimesFM,0.4963041841983795
Sample 22,Chronos,0.5008706450462341
Sample 22,Timer,0.4991292953491211
Sample 23,Time-MoE,0.5009480714797974
Sample 23,Timer,0.499051958322525
Sample 24,Moirai,0.5314106345176697
Sample 24,Timer,0.46858933568000793
Sample 25,TimesFM,0.5017924308776855
Sample 25,Chronos,0.49820756912231445
Sample 26,Chronos,0.5000741481781006
Sample 26,TimesFM,0.499925822019577
Sample 27,TimesFM,0.5035775899887085
Sample 27,Timer,0.49642235040664673
Sample 28,Chronos,0.5009474754333496
Sample 28,Timer,0.4990525245666504
Sample 29,TimesFM,0.5024259686470032
Sample 29,Moirai,0.4975740611553192
Sample 30,TimesFM,0.5005922317504883
Sample 30,Chronos,0.49940773844718933
Sample 31,Moirai,0.514022707939148
Sample 31,Time-MoE,0.48597732186317444
Sample 0,Moirai,0.5346452593803406
Sample 0,Time-MoE,0.46535471081733704
Sample 1,Moirai,0.5030701160430908
Sample 1,TimesFM,0.4969298839569092
Sample 2,Moirai,0.5011376142501831
Sample 2,TimesFM,0.4988623559474945
Sample 3,TimesFM,0.5024502277374268
Sample 3,Chronos,0.49754971265792847
Sample 4,Moirai,0.5149524807929993
Sample 4,Time-MoE,0.48504751920700073
Sample 5,Chronos,0.500070333480835
Sample 5,TimesFM,0.4999296963214874
Sample 6,Timer,0.5002720355987549
Sample 6,Chronos,0.4997279644012451
Sample 7,Moirai,0.5161375403404236
Sample 7,Time-MoE,0.48386242985725403
Sample 8,Moirai,0.5317270755767822
Sample 8,Time-MoE,0.4682728946208954
Sample 9,TimesFM,0.5014646649360657
Sample 9,Chronos,0.49853530526161194
Sample 10,Moirai,0.5035110712051392
Sample 10,Chronos,0.49648889899253845
Sample 11,TimesFM,0.5017419457435608
Sample 11,Chronos,0.49825799465179443
Sample 12,Time-MoE,0.5003800988197327
Sample 12,Chronos,0.49961987137794495
Sample 13,TimesFM,0.5028462409973145
Sample 13,Chronos,0.49715372920036316
Sample 14,TimesFM,0.5006723403930664
Sample 14,Timer,0.499327689409256
Sample 15,Moirai,0.507396399974823
Sample 15,Time-MoE,0.4926036298274994
Sample 16,Moirai,0.5226742029190063
Sample 16,TimesFM,0.47732582688331604
Sample 17,TimesFM,0.5015355944633484
Sample 17,Chronos,0.4984644055366516
Sample 18,Time-MoE,0.5000737309455872
Sample 18,Chronos,0.49992626905441284
Sample 19,Moirai,0.5186198949813843
Sample 19,TimesFM,0.4813801348209381
Sample 20,Chronos,0.5008887052536011
Sample 20,Timer,0.4991112947463989
Sample 21,TimesFM,0.5018500685691833
Sample 21,Moirai,0.49814993143081665
Sample 22,Chronos,0.5021080374717712
Sample 22,Moirai,0.49789193272590637
Sample 23,Time-MoE,0.5006000399589539
Sample 23,TimesFM,0.49939996004104614
Sample 24,Moirai,0.5289765000343323
Sample 24,Time-MoE,0.47102344036102295
Sample 25,TimesFM,0.5013079643249512
Sample 25,Chronos,0.49869197607040405
Sample 26,Moirai,0.5026482939720154
Sample 26,Time-MoE,0.497351735830307
Sample 27,TimesFM,0.5035004615783691
Sample 27,Timer,0.4964994788169861
Sample 28,Time-MoE,0.5005075931549072
Sample 28,Timer,0.49949246644973755
Sample 29,TimesFM,0.5021681189537048
Sample 29,Chronos,0.4978318512439728
Sample 30,TimesFM,0.500948429107666
Sample 30,Timer,0.49905160069465637
Sample 31,Moirai,0.5034298896789551
Sample 31,Time-MoE,0.4965701401233673
Sample 0,Moirai,0.539477527141571
Sample 0,Time-MoE,0.46052250266075134
Sample 1,Moirai,0.5046824812889099
Sample 1,TimesFM,0.4953174889087677
Sample 2,Moirai,0.5136365294456482
Sample 2,Chronos,0.4863634705543518
Sample 3,Moirai,0.50233393907547
Sample 3,TimesFM,0.49766606092453003
Sample 4,Chronos,0.5006317496299744
Sample 4,Timer,0.49936822056770325
Sample 5,Moirai,0.5196452140808105
Sample 5,Chronos,0.4803547263145447
Sample 6,Moirai,0.5088110566139221
Sample 6,Timer,0.4911889433860779
Sample 7,Moirai,0.5101283192634583
Sample 7,Timer,0.4898717403411865
Sample 8,Moirai,0.5568540096282959
Sample 8,Timer,0.4431460201740265
Sample 9,TimesFM,0.5011951923370361
Sample 9,Chronos,0.49880483746528625
Sample 10,TimesFM,0.5000861883163452
Sample 10,Chronos,0.4999138414859772
Sample 11,TimesFM,0.5032982230186462
Sample 11,Timer,0.49670183658599854
Sample 12,Moirai,0.508327305316925
Sample 12,Chronos,0.4916727542877197
Sample 13,TimesFM,0.5010607838630676
Sample 13,Chronos,0.4989392161369324
Sample 14,TimesFM,0.5010589361190796
Sample 14,Chronos,0.4989410936832428
Sample 15,Moirai,0.5157057642936707
Sample 15,Time-MoE,0.48429426550865173
Sample 16,Moirai,0.5534931421279907
Sample 16,Chronos,0.44650688767433167
Sample 17,Chronos,0.5005229711532593
Sample 17,TimesFM,0.4994770288467407
Sample 18,Moirai,0.509556233882904
Sample 18,Chronos,0.49044373631477356
Sample 19,TimesFM,0.5028735399246216
Sample 19,Timer,0.4971264600753784
Sample 20,Chronos,0.5001006722450256
Sample 20,Timer,0.499899297952652
Sample 21,TimesFM,0.5018684267997742
Sample 21,Chronos,0.4981316328048706
Sample 22,Moirai,0.5095824003219604
Sample 22,Timer,0.49041759967803955
Sample 23,Moirai,0.5098887085914612
Sample 23,Time-MoE,0.4901112914085388
Sample 24,Moirai,0.5396855473518372
Sample 24,Timer,0.46031448245048523
Sample 25,TimesFM,0.5021200180053711
Sample 25,Timer,0.4978800117969513
Sample 26,Moirai,0.5053597092628479
Sample 26,Chronos,0.4946402907371521
Sample 27,TimesFM,0.5028853416442871
Sample 27,Timer,0.4971146881580353
Sample 28,Moirai,0.5099753737449646
Sample 28,Chronos,0.4900246858596802
Sample 29,TimesFM,0.5029184222221375
Sample 29,Timer,0.49708157777786255
Sample 30,TimesFM,0.5002390742301941
Sample 30,Timer,0.4997609555721283
Sample 31,Moirai,0.5158845782279968
Sample 31,Time-MoE,0.4841153919696808
Sample 0,Moirai,0.5496313571929932
Sample 0,Chronos,0.4503686726093292
Sample 1,TimesFM,0.5008201003074646
Sample 1,Moirai,0.4991799294948578
Sample 2,Chronos,0.5006543397903442
Sample 2,TimesFM,0.499345600605011
Sample 3,TimesFM,0.5027174949645996
Sample 3,Timer,0.4972824454307556
Sample 4,Moirai,0.5041862726211548
Sample 4,Chronos,0.4958137571811676
Sample 5,TimesFM,0.5017727613449097
Sample 5,Timer,0.49822720885276794
Sample 6,Moirai,0.5023148655891418
Sample 6,TimesFM,0.49768516421318054
Sample 7,Moirai,0.5183791518211365
Sample 7,Time-MoE,0.4816208481788635
Sample 8,Moirai,0.5488179922103882
Sample 8,Time-MoE,0.4511820077896118
Sample 9,TimesFM,0.5008763074874878
Sample 9,Moirai,0.4991236925125122
Sample 10,Moirai,0.5062745213508606
Sample 10,Time-MoE,0.4937254786491394
Sample 11,Moirai,0.5193256735801697
Sample 11,TimesFM,0.4806743264198303
Sample 12,Chronos,0.5017232894897461
Sample 12,Moirai,0.4982767105102539
Sample 13,Moirai,0.5013862252235413
Sample 13,TimesFM,0.49861374497413635
Sample 14,Chronos,0.5004823803901672
Sample 14,TimesFM,0.4995175898075104
Sample 15,Time-MoE,0.500550389289856
Sample 15,Timer,0.49944964051246643
Sample 16,Moirai,0.5355353951454163
Sample 16,TimesFM,0.46446457505226135
Sample 17,TimesFM,0.5015496015548706
Sample 17,Chronos,0.498450368642807
Sample 18,Moirai,0.5064464211463928
Sample 18,Timer,0.49355363845825195
Sample 19,TimesFM,0.503302276134491
Sample 19,Timer,0.4966977834701538
Sample 20,Chronos,0.5001161694526672
Sample 20,Time-MoE,0.49988383054733276
Sample 21,TimesFM,0.5032325387001038
Sample 21,Timer,0.49676743149757385
Sample 22,TimesFM,0.5004404187202454
Sample 22,Chronos,0.499559611082077
Sample 23,Moirai,0.5022852420806885
Sample 23,Time-MoE,0.49771469831466675
Sample 24,Moirai,0.557067334651947
Sample 24,Time-MoE,0.442932665348053
Sample 25,TimesFM,0.5009661316871643
Sample 25,Chronos,0.4990338087081909
Sample 26,Moirai,0.5056416988372803
Sample 26,Time-MoE,0.4943583309650421
Sample 27,TimesFM,0.5029628276824951
Sample 27,Timer,0.4970371723175049
Sample 28,Moirai,0.5117328763008118
Sample 28,Time-MoE,0.48826712369918823
Sample 29,TimesFM,0.5000153183937073
Sample 29,Time-MoE,0.49998465180397034
Sample 30,Moirai,0.5003145337104797
Sample 30,Chronos,0.49968546628952026
Sample 31,Moirai,0.5233270525932312
Sample 31,Time-MoE,0.4766729176044464
Sample 0,Moirai,0.5504251718521118
Sample 0,Chronos,0.4495748281478882
Sample 1,TimesFM,0.5012384653091431
Sample 1,Chronos,0.49876153469085693
Sample 2,Timer,0.5008504986763
Sample 2,Time-MoE,0.49914953112602234
Sample 3,TimesFM,0.5024813413619995
Sample 3,Timer,0.4975186884403229
Sample 4,Moirai,0.5010932087898254
Sample 4,Chronos,0.4989067614078522
Sample 5,TimesFM,0.5016375184059143
Sample 5,Chronos,0.49836254119873047
Sample 6,Moirai,0.5039207935333252
Sample 6,Chronos,0.4960791766643524
Sample 7,Moirai,0.5110273957252502
Sample 7,Time-MoE,0.48897260427474976
Sample 8,Moirai,0.5479956865310669
Sample 8,Time-MoE,0.4520043134689331
Sample 9,Moirai,0.5014784336090088
Sample 9,TimesFM,0.4985215365886688
Sample 10,Moirai,0.509041428565979
Sample 10,TimesFM,0.490958571434021
Sample 11,Moirai,0.5035251975059509
Sample 11,TimesFM,0.4964747726917267
Sample 12,TimesFM,0.5000693202018738
Sample 12,Timer,0.49993064999580383
Sample 13,TimesFM,0.5018692016601562
Sample 13,Chronos,0.49813079833984375
Sample 14,Chronos,0.501131534576416
Sample 14,Timer,0.498868465423584
Sample 15,Moirai,0.5125532150268555
Sample 15,Chronos,0.4874468147754669
Sample 16,Moirai,0.5446388125419617
Sample 16,Time-MoE,0.45536118745803833
Sample 17,Moirai,0.5030185580253601
Sample 17,TimesFM,0.4969814121723175
Sample 18,Moirai,0.5172332525253296
Sample 18,Chronos,0.482766717672348
Sample 19,TimesFM,0.5012262463569641
Sample 19,Moirai,0.4987736940383911
Sample 20,TimesFM,0.5019197463989258
Sample 20,Timer,0.4980802834033966
Sample 21,TimesFM,0.5003143548965454
Sample 21,Moirai,0.4996856153011322
Sample 22,Chronos,0.5006187558174133
Sample 22,Timer,0.49938124418258667
Sample 23,Moirai,0.5150544047355652
Sample 23,Time-MoE,0.4849455654621124
Sample 24,Moirai,0.5451963543891907
Sample 24,TimesFM,0.4548036754131317
Sample 25,TimesFM,0.5020171403884888
Sample 25,Timer,0.4979828894138336
Sample 26,Moirai,0.5046693682670593
Sample 26,Timer,0.4953306317329407
Sample 27,TimesFM,0.502083420753479
Sample 27,Chronos,0.4979166090488434
Sample 28,TimesFM,0.5001763105392456
Sample 28,Time-MoE,0.4998237192630768
Sample 29,TimesFM,0.5018512606620789
Sample 29,Chronos,0.49814873933792114
Sample 30,Moirai,0.5055547952651978
Sample 30,Timer,0.49444517493247986
Sample 31,Time-MoE,0.5005459785461426
Sample 31,Timer,0.4994540512561798
Sample 0,Moirai,0.5254213809967041
Sample 0,TimesFM,0.4745785892009735
Sample 1,TimesFM,0.5016350150108337
Sample 1,Chronos,0.49836495518684387
Sample 2,Moirai,0.5029593706130981
Sample 2,Chronos,0.49704059958457947
Sample 3,TimesFM,0.5023900270462036
Sample 3,Timer,0.4976100027561188
Sample 4,TimesFM,0.5000923871994019
Sample 4,Chronos,0.49990755319595337
Sample 5,TimesFM,0.5001992583274841
Sample 5,Moirai,0.4998007118701935
Sample 6,TimesFM,0.500761866569519
Sample 6,Chronos,0.49923810362815857
Sample 7,Moirai,0.5076144337654114
Sample 7,Time-MoE,0.49238550662994385
Sample 8,Moirai,0.5600828528404236
Sample 8,Time-MoE,0.4399171471595764
Sample 9,Moirai,0.5002318620681763
Sample 9,TimesFM,0.49976810812950134
Sample 10,Timer,0.5001952648162842
Sample 10,Time-MoE,0.4998047351837158
Sample 11,TimesFM,0.5024355053901672
Sample 11,Timer,0.49756452441215515
Sample 12,Moirai,0.5007333159446716
Sample 12,Chronos,0.49926671385765076
Sample 13,Moirai,0.5003588795661926
Sample 13,TimesFM,0.499641090631485
Sample 14,TimesFM,0.5005404353141785
Sample 14,Timer,0.49945953488349915
Sample 15,Moirai,0.5150278806686401
Sample 15,Time-MoE,0.48497211933135986
Sample 0,Moirai,0.5611914992332458
Sample 0,Time-MoE,0.43880850076675415
Sample 1,TimesFM,0.5008267760276794
Sample 1,Chronos,0.49917319416999817
Sample 2,Chronos,0.5001671314239502
Sample 2,Timer,0.4998328685760498
Sample 3,TimesFM,0.502333402633667
Sample 3,Timer,0.497666597366333
Sample 4,Moirai,0.500484049320221
Sample 4,Chronos,0.49951595067977905
Sample 5,TimesFM,0.5008191466331482
Sample 5,Chronos,0.4991808533668518
Sample 6,TimesFM,0.5000439286231995
Sample 6,Timer,0.49995604157447815
Sample 7,Moirai,0.5182675719261169
Sample 7,Time-MoE,0.48173242807388306
Sample 8,Moirai,0.558106005191803
Sample 8,Time-MoE,0.4418940246105194
Sample 9,TimesFM,0.5011416673660278
Sample 9,Chronos,0.49885839223861694
Sample 10,Moirai,0.5010263919830322
Sample 10,Time-MoE,0.498973548412323
Sample 11,TimesFM,0.5027721524238586
Sample 11,Timer,0.49722784757614136
Sample 12,Moirai,0.5128066539764404
Sample 12,Chronos,0.4871933162212372
Sample 13,TimesFM,0.5021412968635559
Sample 13,Timer,0.4978586733341217
Sample 14,TimesFM,0.5001344680786133
Sample 14,Timer,0.4998655915260315
Sample 15,Moirai,0.518143355846405
Sample 15,Time-MoE,0.48185664415359497
Sample 16,Moirai,0.5413439273834229
Sample 16,Time-MoE,0.45865607261657715
Sample 17,Moirai,0.5018882155418396
Sample 17,TimesFM,0.498111754655838
Sample 18,Moirai,0.5044614672660828
Sample 18,Chronos,0.49553850293159485
Sample 19,TimesFM,0.5018320679664612
Sample 19,Timer,0.4981679618358612
Sample 20,Moirai,0.5155206322669983
Sample 20,Timer,0.4844793677330017
Sample 21,TimesFM,0.5029137134552002
Sample 21,Timer,0.4970863163471222
Sample 22,Chronos,0.5002012252807617
Sample 22,TimesFM,0.4997987151145935
Sample 23,Timer,0.5006187558174133
Sample 23,Time-MoE,0.49938124418258667
Sample 24,Moirai,0.5442890524864197
Sample 24,Time-MoE,0.4557109475135803
Sample 25,TimesFM,0.5012420415878296
Sample 25,Chronos,0.4987579882144928
Sample 26,Moirai,0.520018994808197
Sample 26,Timer,0.479981005191803
Sample 27,Moirai,0.5103010535240173
Sample 27,TimesFM,0.48969897627830505
Sample 28,Chronos,0.5004164576530457
Sample 28,Time-MoE,0.49958351254463196
Sample 29,TimesFM,0.5009800791740417
Sample 29,Moirai,0.49901992082595825
Sample 30,TimesFM,0.5010594725608826
Sample 30,Timer,0.4989405870437622
Sample 31,Moirai,0.5101794600486755
Sample 31,Time-MoE,0.48982056975364685
Sample 0,Moirai,0.544236421585083
Sample 0,Time-MoE,0.455763578414917
Sample 1,Moirai,0.5035848021507263
Sample 1,TimesFM,0.4964151680469513
Sample 2,Chronos,0.5007480978965759
Sample 2,Timer,0.4992518723011017
Sample 3,TimesFM,0.5007805228233337
Sample 3,Moirai,0.49921947717666626
Sample 4,Time-MoE,0.5000251531600952
Sample 4,TimesFM,0.4999748468399048
Sample 5,TimesFM,0.5013295412063599
Sample 5,Moirai,0.49867042899131775
Sample 6,Chronos,0.501021146774292
Sample 6,Timer,0.4989788830280304
Sample 7,Moirai,0.5203128457069397
Sample 7,Time-MoE,0.4796871542930603
Sample 8,Moirai,0.5443839430809021
Sample 8,Time-MoE,0.4556160569190979
Sample 9,Moirai,0.5011258721351624
Sample 9,TimesFM,0.49887409806251526
Sample 10,Moirai,0.5054574608802795
Sample 10,Chronos,0.49454259872436523
Sample 11,Moirai,0.506064772605896
Sample 11,Timer,0.49393516778945923
Sample 12,Chronos,0.5020456910133362
Sample 12,Timer,0.4979543387889862
Sample 13,Moirai,0.5044056177139282
Sample 13,TimesFM,0.4955943822860718
Sample 14,TimesFM,0.5031309127807617
Sample 14,Chronos,0.4968690574169159
Sample 15,Moirai,0.5191100239753723
Sample 15,Time-MoE,0.48089003562927246
Sample 16,Moirai,0.5550146698951721
Sample 16,Time-MoE,0.44498538970947266
Sample 17,Moirai,0.5034012794494629
Sample 17,TimesFM,0.4965987205505371
Sample 18,Time-MoE,0.5007954835891724
Sample 18,Chronos,0.49920454621315
Sample 19,Moirai,0.5007843375205994
Sample 19,TimesFM,0.4992157220840454
Sample 20,Moirai,0.5033213496208191
Sample 20,Chronos,0.4966786503791809
Sample 21,Moirai,0.5042116045951843
Sample 21,TimesFM,0.4957883954048157
Sample 22,Chronos,0.5007859468460083
Sample 22,Timer,0.4992140531539917
Sample 23,Time-MoE,0.5001964569091797
Sample 23,Timer,0.4998035430908203
Sample 24,Moirai,0.5346654653549194
Sample 24,Timer,0.46533453464508057
Sample 25,TimesFM,0.5016703009605408
Sample 25,Chronos,0.49832969903945923
Sample 26,Chronos,0.5000147223472595
Sample 26,Timer,0.49998530745506287
Sample 27,TimesFM,0.5034025311470032
Sample 27,Timer,0.4965974688529968
Sample 28,Chronos,0.5011568069458008
Sample 28,Timer,0.49884316325187683
Sample 29,TimesFM,0.5025801658630371
Sample 29,Moirai,0.4974198639392853
Sample 30,TimesFM,0.5001398324966431
Sample 30,Timer,0.49986016750335693
Sample 31,Moirai,0.5166277289390564
Sample 31,Time-MoE,0.4833722710609436
Sample 0,Moirai,0.5388719439506531
Sample 0,Time-MoE,0.46112799644470215
Sample 1,Moirai,0.5034835934638977
Sample 1,TimesFM,0.4965164065361023
Sample 2,Moirai,0.501309335231781
Sample 2,TimesFM,0.4986906349658966
Sample 3,TimesFM,0.502400815486908
Sample 3,Chronos,0.49759915471076965
Sample 4,Moirai,0.5168559551239014
Sample 4,Time-MoE,0.48314404487609863
Sample 5,Chronos,0.5004722476005554
Sample 5,TimesFM,0.4995277523994446
Sample 6,Timer,0.500365138053894
Sample 6,Chronos,0.49963483214378357
Sample 7,Moirai,0.5183037519454956
Sample 7,Time-MoE,0.4816962480545044
Sample 8,Moirai,0.5360230207443237
Sample 8,Time-MoE,0.46397700905799866
Sample 9,TimesFM,0.5012694001197815
Sample 9,Timer,0.4987305700778961
Sample 10,Moirai,0.5038001537322998
Sample 10,Chronos,0.4961998760700226
Sample 11,TimesFM,0.5017936825752258
Sample 11,Chronos,0.49820631742477417
Sample 12,Chronos,0.5004149675369263
Sample 12,Timer,0.49958500266075134
Sample 13,TimesFM,0.5027495622634888
Sample 13,Timer,0.49725043773651123
Sample 14,TimesFM,0.5001116394996643
Sample 14,Time-MoE,0.4998883605003357
Sample 15,Moirai,0.5094039440155029
Sample 15,Time-MoE,0.49059605598449707
Sample 16,Moirai,0.5250638723373413
Sample 16,TimesFM,0.4749361276626587
Sample 17,TimesFM,0.5013758540153503
Sample 17,Chronos,0.49862414598464966
Sample 18,Chronos,0.5003093481063843
Sample 18,Timer,0.4996906816959381
Sample 19,Moirai,0.5204226970672607
Sample 19,Time-MoE,0.47957733273506165
Sample 20,Chronos,0.5011130571365356
Sample 20,Timer,0.49888694286346436
Sample 21,TimesFM,0.5019686222076416
Sample 21,Moirai,0.4980314373970032
Sample 22,Chronos,0.5023348331451416
Sample 22,Moirai,0.4976651966571808
Sample 23,Time-MoE,0.5004881024360657
Sample 23,TimesFM,0.4995118975639343
Sample 24,Moirai,0.533135175704956
Sample 24,Time-MoE,0.46686485409736633
Sample 25,TimesFM,0.5011135339736938
Sample 25,Timer,0.4988865256309509
Sample 26,Moirai,0.5029214024543762
Sample 26,Time-MoE,0.49707865715026855
Sample 27,TimesFM,0.5034690499305725
Sample 27,Timer,0.4965309500694275
Sample 28,Chronos,0.5000025033950806
Sample 28,Timer,0.49999746680259705
Sample 29,TimesFM,0.5021167993545532
Sample 29,Chronos,0.4978832006454468
Sample 30,TimesFM,0.5005055069923401
Sample 30,Timer,0.4994944930076599
Sample 31,Moirai,0.5050187706947327
Sample 31,Time-MoE,0.4949812591075897
Sample 0,Moirai,0.5442500114440918
Sample 0,Time-MoE,0.4557499885559082
Sample 1,Moirai,0.5052695274353027
Sample 1,TimesFM,0.4947304427623749
Sample 2,Moirai,0.51495760679245
Sample 2,Chronos,0.48504242300987244
Sample 3,Moirai,0.5026701092720032
Sample 3,TimesFM,0.49732986092567444
Sample 4,Chronos,0.5007997155189514
Sample 4,Timer,0.4992002844810486
Sample 5,Moirai,0.5218403339385986
Sample 5,Chronos,0.47815969586372375
Sample 6,Moirai,0.5096034407615662
Sample 6,Timer,0.49039652943611145
Sample 7,Moirai,0.5112473368644714
Sample 7,Timer,0.4887526035308838
Sample 8,Moirai,0.5628017783164978
Sample 8,Timer,0.4371982514858246
Sample 9,TimesFM,0.500880241394043
Sample 9,Timer,0.4991197884082794
Sample 10,TimesFM,0.5000636577606201
Sample 10,Chronos,0.49993637204170227
Sample 11,TimesFM,0.502994179725647
Sample 11,Timer,0.4970058500766754
Sample 12,Moirai,0.5094672441482544
Sample 12,Chronos,0.490532785654068
Sample 13,TimesFM,0.5006603598594666
Sample 13,Timer,0.49933964014053345
Sample 14,TimesFM,0.5008587837219238
Sample 14,Chronos,0.49914121627807617
Sample 15,Moirai,0.5180858969688416
Sample 15,Timer,0.48191410303115845
Sample 16,Moirai,0.559290885925293
Sample 16,Chronos,0.4407091438770294
Sample 17,Chronos,0.5007187128067017
Sample 17,TimesFM,0.49928125739097595
Sample 18,Moirai,0.5105828046798706
Sample 18,Chronos,0.489417165517807
Sample 19,TimesFM,0.5027506351470947
Sample 19,Timer,0.4972493648529053
Sample 20,Chronos,0.500367283821106
Sample 20,Timer,0.4996327757835388
Sample 21,TimesFM,0.5015511512756348
Sample 21,Chronos,0.49844878911972046
Sample 22,Moirai,0.5105365514755249
Sample 22,Timer,0.4894634187221527
Sample 23,Moirai,0.5118926763534546
Sample 23,Time-MoE,0.4881073534488678
Sample 24,Moirai,0.5441533923149109
Sample 24,Timer,0.4558466374874115
Sample 25,TimesFM,0.5016083717346191
Sample 25,Timer,0.49839162826538086
Sample 26,Moirai,0.5060092806816101
Sample 26,Chronos,0.4939907193183899
Sample 27,TimesFM,0.5024938583374023
Sample 27,Timer,0.49750614166259766
Sample 28,Moirai,0.5113248825073242
Sample 28,Chronos,0.48867514729499817
Sample 29,TimesFM,0.5025796890258789
Sample 29,Timer,0.4974203407764435
Sample 30,Timer,0.5002339482307434
Sample 30,Chronos,0.4997660517692566
Sample 31,Moirai,0.5185158848762512
Sample 31,Chronos,0.48148414492607117
Sample 0,Moirai,0.5545647740364075
Sample 0,Timer,0.44543522596359253
Sample 1,TimesFM,0.5007463693618774
Sample 1,Moirai,0.49925363063812256
Sample 2,Chronos,0.5006811022758484
Sample 2,Timer,0.4993189573287964
Sample 3,TimesFM,0.5022907257080078
Sample 3,Timer,0.4977092146873474
Sample 4,Moirai,0.5045562982559204
Sample 4,Chronos,0.4954436421394348
Sample 5,TimesFM,0.5012643337249756
Sample 5,Timer,0.4987356662750244
Sample 6,Moirai,0.502305805683136
Sample 6,Time-MoE,0.497694194316864
Sample 7,Moirai,0.5204671025276184
Sample 7,Timer,0.4795328378677368
Sample 8,Moirai,0.5533624887466431
Sample 8,Time-MoE,0.44663751125335693
Sample 9,TimesFM,0.5008065700531006
Sample 9,Moirai,0.4991934299468994
Sample 10,Moirai,0.5070632696151733
Sample 10,Time-MoE,0.49293678998947144
Sample 11,Moirai,0.5212474465370178
Sample 11,TimesFM,0.4787525236606598
Sample 12,Chronos,0.5018499493598938
Sample 12,Moirai,0.4981500506401062
Sample 13,Moirai,0.5015972852706909
Sample 13,TimesFM,0.4984027147293091
Sample 14,Chronos,0.5007633566856384
Sample 14,TimesFM,0.4992366433143616
Sample 15,Time-MoE,0.5006193518638611
Sample 15,Timer,0.4993806481361389
Sample 16,Moirai,0.5390169620513916
Sample 16,Timer,0.4609830677509308
Sample 17,TimesFM,0.5012750625610352
Sample 17,Chronos,0.49872493743896484
Sample 18,Moirai,0.5067711472511292
Sample 18,Timer,0.49322882294654846
Sample 19,TimesFM,0.5031635761260986
Sample 19,Timer,0.49683648347854614
Sample 20,Chronos,0.5008336305618286
Sample 20,Timer,0.499166339635849
Sample 21,TimesFM,0.5028541684150696
Sample 21,Timer,0.4971458613872528
Sample 22,TimesFM,0.5001207590103149
Sample 22,Timer,0.49987921118736267
Sample 23,Moirai,0.5036455988883972
Sample 23,Time-MoE,0.49635446071624756
Sample 24,Moirai,0.5632845163345337
Sample 24,Time-MoE,0.43671542406082153
Sample 25,TimesFM,0.500747799873352
Sample 25,Timer,0.49925222992897034
Sample 26,Moirai,0.5061315298080444
Sample 26,Time-MoE,0.49386849999427795
Sample 27,TimesFM,0.502628743648529
Sample 27,Timer,0.4973713159561157
Sample 28,Moirai,0.5135365724563599
Sample 28,Chronos,0.48646339774131775
Sample 29,Time-MoE,0.5009203553199768
Sample 29,Timer,0.4990796446800232
Sample 30,Moirai,0.500152051448822
Sample 30,Time-MoE,0.49984797835350037
Sample 31,Moirai,0.5261965990066528
Sample 31,Timer,0.47380343079566956
Sample 0,Moirai,0.5557886362075806
Sample 0,Chronos,0.44421133399009705
Sample 1,TimesFM,0.5009990930557251
Sample 1,Timer,0.4990009069442749
Sample 2,Timer,0.5006104111671448
Sample 2,Time-MoE,0.4993895888328552
Sample 3,TimesFM,0.502246081829071
Sample 3,Timer,0.49775391817092896
Sample 4,Moirai,0.5015403032302856
Sample 4,Chronos,0.49845969676971436
Sample 5,TimesFM,0.5014212727546692
Sample 5,Chronos,0.4985787272453308
Sample 6,Moirai,0.5040952563285828
Sample 6,Chronos,0.4959047734737396
Sample 7,Moirai,0.5128260254859924
Sample 7,Time-MoE,0.4871739447116852
Sample 8,Moirai,0.552772045135498
Sample 8,Timer,0.4472278952598572
Sample 9,Moirai,0.5016254782676697
Sample 9,TimesFM,0.4983745217323303
Sample 10,Moirai,0.509794294834137
Sample 10,Chronos,0.49020567536354065
Sample 11,Moirai,0.5038385391235352
Sample 11,TimesFM,0.49616149067878723
Sample 12,Time-MoE,0.5000112652778625
Sample 12,TimesFM,0.49998873472213745
Sample 13,TimesFM,0.5019007921218872
Sample 13,Chronos,0.4980992078781128
Sample 14,Chronos,0.5013641119003296
Sample 14,Timer,0.4986358880996704
Sample 15,Moirai,0.5138192772865295
Sample 15,Chronos,0.48618072271347046
Sample 16,Moirai,0.5495385527610779
Sample 16,Chronos,0.45046141743659973
Sample 17,Moirai,0.503338634967804
Sample 17,TimesFM,0.4966614246368408
Sample 18,Moirai,0.5190420150756836
Sample 18,Chronos,0.480957955121994
Sample 19,TimesFM,0.5013327598571777
Sample 19,Moirai,0.49866724014282227
Sample 20,TimesFM,0.5013591647148132
Sample 20,Time-MoE,0.4986408054828644
Sample 21,TimesFM,0.5003066658973694
Sample 21,Moirai,0.4996933341026306
Sample 22,Chronos,0.5010054707527161
Sample 22,Timer,0.49899449944496155
Sample 23,Moirai,0.5172504782676697
Sample 23,Chronos,0.4827495217323303
Sample 24,Moirai,0.5494042634963989
Sample 24,Time-MoE,0.4505957067012787
Sample 25,TimesFM,0.5016986131668091
Sample 25,Timer,0.49830135703086853
Sample 26,Moirai,0.5052576661109924
Sample 26,Chronos,0.49474236369132996
Sample 27,TimesFM,0.501863956451416
Sample 27,Timer,0.498136043548584
Sample 28,TimesFM,0.500141441822052
Sample 28,Time-MoE,0.499858558177948
Sample 29,TimesFM,0.5017714500427246
Sample 29,Chronos,0.4982285499572754
Sample 30,Moirai,0.505966305732727
Sample 30,Chronos,0.49403369426727295
Sample 31,Time-MoE,0.5003687143325806
Sample 31,Timer,0.4996313154697418
Sample 0,Moirai,0.5276300311088562
Sample 0,TimesFM,0.4723699688911438
Sample 1,TimesFM,0.5014959573745728
Sample 1,Chronos,0.49850401282310486
Sample 2,Moirai,0.5029242038726807
Sample 2,Chronos,0.49707576632499695
Sample 3,TimesFM,0.5023794174194336
Sample 3,Timer,0.497620552778244
Sample 4,Chronos,0.5001164674758911
Sample 4,TimesFM,0.4998835325241089
Sample 5,TimesFM,0.5003838539123535
Sample 5,Moirai,0.4996161162853241
Sample 6,TimesFM,0.5006946921348572
Sample 6,Chronos,0.4993053078651428
Sample 7,Moirai,0.5092493295669556
Sample 7,Time-MoE,0.49075061082839966
Sample 8,Moirai,0.5662150382995605
Sample 8,Timer,0.43378493189811707
Sample 9,Moirai,0.5000980496406555
Sample 9,TimesFM,0.4999019503593445
Sample 10,Time-MoE,0.5001915693283081
Sample 10,Timer,0.4998084604740143
Sample 11,TimesFM,0.5024431347846985
Sample 11,Timer,0.4975568652153015
Sample 12,Moirai,0.5006847381591797
Sample 12,Chronos,0.4993153214454651
Sample 13,Moirai,0.5002015829086304
Sample 13,TimesFM,0.49979841709136963
Sample 14,TimesFM,0.5001046061515808
Sample 14,Time-MoE,0.4998953938484192
Sample 15,Moirai,0.5175203680992126
Sample 15,Timer,0.48247963190078735
Sample 0,Moirai,0.5673754215240479
Sample 0,Timer,0.43262457847595215
Sample 1,TimesFM,0.5008583664894104
Sample 1,Chronos,0.4991416931152344
Sample 2,Chronos,0.5001235008239746
Sample 2,Timer,0.4998764991760254
Sample 3,TimesFM,0.502601683139801
Sample 3,Timer,0.49739834666252136
Sample 4,Moirai,0.5002384781837463
Sample 4,Chronos,0.4997614920139313
Sample 5,TimesFM,0.5007663369178772
Sample 5,Chronos,0.4992337226867676
Sample 6,TimesFM,0.500211238861084
Sample 6,Timer,0.499788761138916
Sample 7,Moirai,0.520962655544281
Sample 7,Timer,0.479037344455719
Sample 8,Moirai,0.5636405348777771
Sample 8,Time-MoE,0.4363594651222229
Sample 9,TimesFM,0.5011925101280212
Sample 9,Chronos,0.49880751967430115
Sample 10,Moirai,0.5007468461990356
Sample 10,Time-MoE,0.49925315380096436
Sample 11,TimesFM,0.5029612183570862
Sample 11,Time-MoE,0.4970387816429138
Sample 12,Moirai,0.5141168832778931
Sample 12,Chronos,0.48588311672210693
Sample 13,TimesFM,0.5022417902946472
Sample 13,Chronos,0.4977581799030304
Sample 14,Time-MoE,0.5006107687950134
Sample 14,Chronos,0.49938929080963135
Sample 15,Moirai,0.5206350684165955
Sample 15,Timer,0.47936493158340454
Sample 16,Moirai,0.5454853773117065
Sample 16,Timer,0.45451462268829346
Sample 17,Moirai,0.501732587814331
Sample 17,TimesFM,0.49826738238334656
Sample 18,Moirai,0.5048862099647522
Sample 18,Chronos,0.4951137900352478
Sample 19,TimesFM,0.5020532608032227
Sample 19,Timer,0.49794670939445496
Sample 20,Moirai,0.5167858004570007
Sample 20,Timer,0.48321419954299927
Sample 21,TimesFM,0.5031579732894897
Sample 21,Timer,0.49684208631515503
Sample 22,Chronos,0.5000685453414917
Sample 22,TimesFM,0.4999314546585083
Sample 23,Timer,0.5007084608078003
Sample 23,Chronos,0.4992915689945221
Sample 24,Moirai,0.5486992597579956
Sample 24,Timer,0.4513007402420044
Sample 25,TimesFM,0.5012841820716858
Sample 25,Chronos,0.4987158477306366
Sample 26,Moirai,0.5218327045440674
Sample 26,Timer,0.478167325258255
Sample 27,Moirai,0.5111005306243896
Sample 27,TimesFM,0.48889946937561035
Sample 28,Chronos,0.5005771517753601
Sample 28,Timer,0.4994228482246399
Sample 29,TimesFM,0.5013979077339172
Sample 29,Moirai,0.498602032661438
Sample 30,TimesFM,0.5004873871803284
Sample 30,Time-MoE,0.49951261281967163
Sample 31,Moirai,0.5120232105255127
Sample 31,Time-MoE,0.4879768490791321
Sample 0,Moirai,0.5481580495834351
Sample 0,TimesFM,0.45184195041656494
Sample 1,Moirai,0.5034410953521729
Sample 1,TimesFM,0.49655890464782715
Sample 2,Chronos,0.5008014440536499
Sample 2,Time-MoE,0.4991985559463501
Sample 3,TimesFM,0.5012627840042114
Sample 3,Moirai,0.4987371563911438
Sample 4,Time-MoE,0.5001547932624817
Sample 4,TimesFM,0.4998451769351959
Sample 5,TimesFM,0.5018794536590576
Sample 5,Moirai,0.49812057614326477
Sample 6,Chronos,0.5012862086296082
Sample 6,Timer,0.49871373176574707
Sample 7,Moirai,0.5228149890899658
Sample 7,Timer,0.4771850109100342
Sample 8,Moirai,0.5480993986129761
Sample 8,Time-MoE,0.4519006013870239
Sample 9,Moirai,0.5007927417755127
Sample 9,TimesFM,0.4992072284221649
Sample 10,Moirai,0.5051805377006531
Sample 10,Time-MoE,0.4948194622993469
Sample 11,Moirai,0.5066819190979004
Sample 11,Timer,0.4933180510997772
Sample 12,Chronos,0.5024134516716003
Sample 12,Timer,0.49758660793304443
Sample 13,Moirai,0.5043948888778687
Sample 13,TimesFM,0.49560511112213135
Sample 14,TimesFM,0.5030791759490967
Sample 14,Time-MoE,0.49692079424858093
Sample 15,Moirai,0.5214439630508423
Sample 15,Timer,0.4785560071468353
Sample 16,Moirai,0.5603618621826172
Sample 16,Time-MoE,0.4396381080150604
Sample 17,Moirai,0.5032634139060974
Sample 17,TimesFM,0.496736615896225
Sample 18,Time-MoE,0.501196026802063
Sample 18,Chronos,0.4988039433956146
Sample 19,Moirai,0.5004212856292725
Sample 19,TimesFM,0.49957868456840515
Sample 20,Moirai,0.5031176805496216
Sample 20,Chronos,0.4968823492527008
Sample 21,Moirai,0.5041618347167969
Sample 21,TimesFM,0.49583810567855835
Sample 22,Chronos,0.5010227560997009
Sample 22,Timer,0.49897727370262146
Sample 23,Timer,0.5002540349960327
Sample 23,Chronos,0.4997459948062897
Sample 24,Moirai,0.5373508930206299
Sample 24,Time-MoE,0.4626491069793701
Sample 25,TimesFM,0.5017732977867126
Sample 25,Chronos,0.49822667241096497
Sample 26,Time-MoE,0.5000041723251343
Sample 26,Chronos,0.4999958574771881
Sample 27,TimesFM,0.5037043690681458
Sample 27,Timer,0.49629566073417664
Sample 28,Chronos,0.5011011958122253
Sample 28,Timer,0.49889883399009705
Sample 29,TimesFM,0.5031681060791016
Sample 29,Chronos,0.4968319535255432
Sample 30,Chronos,0.5000060200691223
Sample 30,TimesFM,0.4999939799308777
Sample 31,Moirai,0.5189865231513977
Sample 31,Timer,0.4810134172439575
Sample 0,Moirai,0.5429226160049438
Sample 0,Time-MoE,0.45707738399505615
Sample 1,Moirai,0.5032727122306824
Sample 1,TimesFM,0.4967272877693176
Sample 2,Moirai,0.5012166500091553
Sample 2,TimesFM,0.4987833499908447
Sample 3,TimesFM,0.5025108456611633
Sample 3,Chronos,0.4974891245365143
Sample 4,Moirai,0.5187656283378601
Sample 4,Time-MoE,0.4812343716621399
Sample 5,Chronos,0.5007836818695068
Sample 5,TimesFM,0.49921631813049316
Sample 6,Timer,0.5002663731575012
Sample 6,Chronos,0.4997336268424988
Sample 7,Moirai,0.5205378532409668
Sample 7,Time-MoE,0.4794621765613556
Sample 8,Moirai,0.5399414896965027
Sample 8,Timer,0.4600584805011749
Sample 9,TimesFM,0.5014796853065491
Sample 9,Time-MoE,0.49852025508880615
Sample 10,Moirai,0.5036147236824036
Sample 10,Chronos,0.49638521671295166
Sample 11,TimesFM,0.5020478963851929
Sample 11,Chronos,0.49795210361480713
Sample 12,Chronos,0.5001525282859802
Sample 12,Timer,0.4998474419116974
Sample 13,TimesFM,0.5028713345527649
Sample 13,Chronos,0.4971286952495575
Sample 14,Time-MoE,0.500458836555481
Sample 14,TimesFM,0.49954116344451904
Sample 15,Moirai,0.5112943649291992
Sample 15,Timer,0.48870569467544556
Sample 16,Moirai,0.5267179012298584
Sample 16,TimesFM,0.473282128572464
Sample 17,TimesFM,0.5014286637306213
Sample 17,Chronos,0.4985712766647339
Sample 18,Chronos,0.500080406665802
Sample 18,Timer,0.4999196231365204
Sample 19,Moirai,0.5219717621803284
Sample 19,TimesFM,0.478028267621994
Sample 20,Chronos,0.5008943676948547
Sample 20,Timer,0.49910566210746765
Sample 21,TimesFM,0.5025482773780823
Sample 21,Moirai,0.49745169281959534
Sample 22,Chronos,0.5029840469360352
Sample 22,Time-MoE,0.49701598286628723
Sample 23,Time-MoE,0.5007286667823792
Sample 23,TimesFM,0.49927136301994324
Sample 24,Moirai,0.5368606448173523
Sample 24,Chronos,0.4631393253803253
Sample 25,TimesFM,0.50135737657547
Sample 25,Chronos,0.49864262342453003
Sample 26,Moirai,0.5029585957527161
Sample 26,Time-MoE,0.4970414340496063
Sample 27,TimesFM,0.5036191940307617
Sample 27,Timer,0.4963807761669159
Sample 28,Timer,0.5002726316452026
Sample 28,Chronos,0.499727338552475
Sample 29,TimesFM,0.5022246241569519
Sample 29,Chronos,0.4977753758430481
Sample 30,TimesFM,0.5005461573600769
Sample 30,Time-MoE,0.4994538128376007
Sample 31,Moirai,0.5062624216079712
Sample 31,Timer,0.4937376081943512
Sample 0,Moirai,0.5483673810958862
Sample 0,Chronos,0.45163267850875854
Sample 1,Moirai,0.5051337480545044
Sample 1,TimesFM,0.4948662519454956
Sample 2,Moirai,0.5160263776779175
Sample 2,Chronos,0.4839736521244049
Sample 3,Moirai,0.5023655891418457
Sample 3,TimesFM,0.4976344108581543
Sample 4,Chronos,0.5011189579963684
Sample 4,Timer,0.4988810122013092
Sample 5,Moirai,0.5237239003181458
Sample 5,Chronos,0.47627609968185425
Sample 6,Moirai,0.51015704870224
Sample 6,TimesFM,0.4898429811000824
Sample 7,Moirai,0.5124229192733765
Sample 7,Timer,0.48757708072662354
Sample 8,Moirai,0.5686284899711609
Sample 8,Chronos,0.4313714802265167
Sample 9,TimesFM,0.501142680644989
Sample 9,Chronos,0.498857319355011
Sample 10,TimesFM,0.5000113248825073
Sample 10,Chronos,0.49998870491981506
Sample 11,TimesFM,0.5033161640167236
Sample 11,Timer,0.49668389558792114
Sample 12,Moirai,0.5108596086502075
Sample 12,Chronos,0.4891403913497925
Sample 13,TimesFM,0.5006124377250671
Sample 13,Time-MoE,0.49938756227493286
Sample 14,TimesFM,0.500459611415863
Sample 14,Time-MoE,0.4995403587818146
Sample 15,Moirai,0.5201510787010193
Sample 15,Timer,0.47984886169433594
Sample 16,Moirai,0.5643361210823059
Sample 16,Chronos,0.4356639087200165
Sample 17,Chronos,0.5006619095802307
Sample 17,TimesFM,0.49933815002441406
Sample 18,Moirai,0.5115536451339722
Sample 18,Chronos,0.48844632506370544
Sample 19,TimesFM,0.5029255747795105
Sample 19,Timer,0.4970744848251343
Sample 20,Chronos,0.5000671744346619
Sample 20,Timer,0.4999328553676605
Sample 21,TimesFM,0.5014405846595764
Sample 21,Chronos,0.4985594153404236
Sample 22,Moirai,0.5109858512878418
Sample 22,Chronos,0.4890141487121582
Sample 23,Moirai,0.5137805938720703
Sample 23,Time-MoE,0.4862193465232849
Sample 24,Moirai,0.5486405491828918
Sample 24,Chronos,0.45135942101478577
Sample 25,TimesFM,0.501902163028717
Sample 25,Timer,0.49809786677360535
Sample 26,Moirai,0.5067906975746155
Sample 26,Chronos,0.4932093322277069
Sample 27,TimesFM,0.5027095675468445
Sample 27,Timer,0.4972904622554779
Sample 28,Moirai,0.5129099488258362
Sample 28,Chronos,0.4870900809764862
Sample 29,TimesFM,0.5024547576904297
Sample 29,Timer,0.4975452721118927
Sample 30,Chronos,0.5001172423362732
Sample 30,Time-MoE,0.49988269805908203
Sample 31,Moirai,0.5206676721572876
Sample 31,Chronos,0.4793323278427124
Sample 0,Moirai,0.559495747089386
Sample 0,Chronos,0.4405042231082916
Sample 1,TimesFM,0.5012865662574768
Sample 1,Chronos,0.4987134337425232
Sample 2,Chronos,0.5008557438850403
Sample 2,Time-MoE,0.4991442561149597
Sample 3,TimesFM,0.5028403997421265
Sample 3,Chronos,0.4971596300601959
Sample 4,Moirai,0.5044538378715515
Sample 4,Chronos,0.4955461621284485
Sample 5,TimesFM,0.5011692047119141
Sample 5,Time-MoE,0.49883076548576355
Sample 6,Moirai,0.50165855884552
Sample 6,Time-MoE,0.4983414113521576
Sample 7,Moirai,0.5224428176879883
Sample 7,Chronos,0.4775571823120117
Sample 8,Moirai,0.5576320886611938
Sample 8,Time-MoE,0.44236794114112854
Sample 9,TimesFM,0.5012728571891785
Sample 9,Chronos,0.49872711300849915
Sample 10,Moirai,0.5075432658195496
Sample 10,Time-MoE,0.49245670437812805
Sample 11,Moirai,0.5225363373756409
Sample 11,TimesFM,0.4774636924266815
Sample 12,Chronos,0.5020655989646912
Sample 12,Moirai,0.49793440103530884
Sample 13,Moirai,0.501152753829956
Sample 13,TimesFM,0.49884721636772156
Sample 14,Chronos,0.5008938908576965
Sample 14,TimesFM,0.49910613894462585
Sample 15,Time-MoE,0.5002798438072205
Sample 15,Timer,0.49972015619277954
Sample 16,Moirai,0.5419118404388428
Sample 16,TimesFM,0.4580881893634796
Sample 17,TimesFM,0.5012250542640686
Sample 17,Chronos,0.4987749755382538
Sample 18,Moirai,0.5066120028495789
Sample 18,Chronos,0.49338796734809875
Sample 19,TimesFM,0.5028502345085144
Sample 19,Timer,0.4971497356891632
Sample 20,Chronos,0.5003407001495361
Sample 20,Timer,0.49965932965278625
Sample 21,TimesFM,0.5031704306602478
Sample 21,Chronos,0.4968295395374298
Sample 22,TimesFM,0.5000883936882019
Sample 22,Chronos,0.4999115467071533
Sample 23,Moirai,0.5047915577888489
Sample 23,Time-MoE,0.49520841240882874
Sample 24,Moirai,0.5687801837921143
Sample 24,Chronos,0.43121981620788574
Sample 25,TimesFM,0.500924825668335
Sample 25,Chronos,0.4990752041339874
Sample 26,Moirai,0.5065858960151672
Sample 26,Time-MoE,0.49341410398483276
Sample 27,TimesFM,0.5032274723052979
Sample 27,Timer,0.49677252769470215
Sample 28,Moirai,0.5152527093887329
Sample 28,Chronos,0.4847473204135895
Sample 29,Time-MoE,0.5013559460639954
Sample 29,TimesFM,0.49864405393600464
Sample 30,Time-MoE,0.5001014471054077
Sample 30,Chronos,0.4998985528945923
Sample 31,Moirai,0.5287896394729614
Sample 31,Chronos,0.4712103605270386
Sample 0,Moirai,0.5609511137008667
Sample 0,Chronos,0.4390489161014557
Sample 1,TimesFM,0.501192033290863
Sample 1,Chronos,0.49880796670913696
Sample 2,Timer,0.5004967451095581
Sample 2,Time-MoE,0.4995032250881195
Sample 3,TimesFM,0.5027601718902588
Sample 3,Timer,0.4972398281097412
Sample 4,Moirai,0.502422034740448
Sample 4,Chronos,0.4975779354572296
Sample 5,TimesFM,0.5014014840126038
Sample 5,Chronos,0.49859854578971863
Sample 6,Moirai,0.5037646889686584
Sample 6,Chronos,0.49623534083366394
Sample 7,Moirai,0.5143610835075378
Sample 7,Timer,0.48563894629478455
Sample 8,Moirai,0.5575447678565979
Sample 8,TimesFM,0.4424551725387573
Sample 9,Moirai,0.5009248852729797
Sample 9,TimesFM,0.49907514452934265
Sample 10,Moirai,0.5101302266120911
Sample 10,TimesFM,0.48986974358558655
Sample 11,Moirai,0.5034196972846985
Sample 11,TimesFM,0.4965803027153015
Sample 12,Time-MoE,0.5000932812690735
Sample 12,Timer,0.4999066889286041
Sample 13,TimesFM,0.5015883445739746
Sample 13,Timer,0.4984115958213806
Sample 14,Chronos,0.5012702941894531
Sample 14,Timer,0.49872973561286926
Sample 15,Moirai,0.5150852799415588
Sample 15,Chronos,0.4849146902561188
Sample 16,Moirai,0.5541654229164124
Sample 16,Chronos,0.44583457708358765
Sample 17,Moirai,0.5028288960456848
Sample 17,TimesFM,0.4971710741519928
Sample 18,Moirai,0.5210310220718384
Sample 18,Chronos,0.478969007730484
Sample 19,TimesFM,0.5019673109054565
Sample 19,Chronos,0.49803268909454346
Sample 20,TimesFM,0.5009773969650269
Sample 20,Time-MoE,0.49902260303497314
Sample 21,TimesFM,0.5010502338409424
Sample 21,Moirai,0.4989497661590576
Sample 22,Chronos,0.5009832978248596
Sample 22,Time-MoE,0.4990167021751404
Sample 23,Moirai,0.5194326043128967
Sample 23,Chronos,0.48056739568710327
Sample 24,Moirai,0.5530160069465637
Sample 24,TimesFM,0.4469839632511139
Sample 25,TimesFM,0.5022004246711731
Sample 25,Chronos,0.4977995753288269
Sample 26,Moirai,0.5056716799736023
Sample 26,Chronos,0.49432826042175293
Sample 27,TimesFM,0.5018210411071777
Sample 27,Chronos,0.4981789290904999
Sample 28,Time-MoE,0.5004081726074219
Sample 28,TimesFM,0.4995918273925781
Sample 29,TimesFM,0.5019251108169556
Sample 29,Chronos,0.49807485938072205
Sample 30,Moirai,0.5062099695205688
Sample 30,Chronos,0.49379003047943115
Sample 31,Timer,0.5002383589744568
Sample 31,Time-MoE,0.4997616112232208
Sample 0,Moirai,0.5291457772254944
Sample 0,TimesFM,0.470854252576828
Sample 1,TimesFM,0.5014346837997437
Sample 1,Chronos,0.49856528639793396
Sample 2,Moirai,0.5025221109390259
Sample 2,Chronos,0.49747785925865173
Sample 3,TimesFM,0.5025363564491272
Sample 3,Timer,0.4974636733531952
Sample 4,Chronos,0.5000767707824707
Sample 4,Timer,0.4999232590198517
Sample 5,TimesFM,0.5011863112449646
Sample 5,Moirai,0.498813658952713
Sample 6,TimesFM,0.5007848143577576
Sample 6,Chronos,0.49921518564224243
Sample 7,Moirai,0.5106495022773743
Sample 7,Time-MoE,0.48935046792030334
Sample 8,Moirai,0.5718564987182617
Sample 8,Time-MoE,0.4281435012817383
Sample 9,TimesFM,0.5007099509239197
Sample 9,Moirai,0.4992900490760803
Sample 10,Time-MoE,0.5003471970558167
Sample 10,Timer,0.49965283274650574
Sample 11,TimesFM,0.5028579235076904
Sample 11,Timer,0.49714213609695435
Sample 12,Moirai,0.5005063414573669
Sample 12,Chronos,0.49949365854263306
Sample 13,TimesFM,0.5006635785102844
Sample 13,Moirai,0.4993363916873932
Sample 14,Time-MoE,0.5001415014266968
Sample 14,TimesFM,0.499858558177948
Sample 15,Moirai,0.5197889804840088
Sample 15,Timer,0.4802110195159912
Sample 0,Moirai,0.5728065967559814
Sample 0,Time-MoE,0.42719337344169617
Sample 1,TimesFM,0.5009916424751282
Sample 1,Chronos,0.4990083873271942
Sample 2,Timer,0.5001387596130371
Sample 2,Chronos,0.49986129999160767
Sample 3,TimesFM,0.5029290318489075
Sample 3,Timer,0.49707093834877014
Sample 4,Chronos,0.5002145171165466
Sample 4,Moirai,0.49978554248809814
Sample 5,TimesFM,0.5008127689361572
Sample 5,Chronos,0.49918726086616516
Sample 6,TimesFM,0.5004541873931885
Sample 6,Timer,0.4995458126068115
Sample 7,Moirai,0.5235357284545898
Sample 7,Timer,0.47646430134773254
Sample 8,Moirai,0.5684484243392944
Sample 8,Time-MoE,0.4315515458583832
Sample 9,TimesFM,0.501318097114563
Sample 9,Chronos,0.4986818730831146
Sample 10,Moirai,0.5001926422119141
Sample 10,Time-MoE,0.4998073875904083
Sample 11,TimesFM,0.5030295848846436
Sample 11,Time-MoE,0.49697041511535645
Sample 12,Moirai,0.5157207250595093
Sample 12,Chronos,0.48427924513816833
Sample 13,TimesFM,0.5022853016853333
Sample 13,Chronos,0.49771466851234436
Sample 14,Time-MoE,0.5007509589195251
Sample 14,Chronos,0.49924901127815247
Sample 15,Moirai,0.5232067108154297
Sample 15,Timer,0.4767933189868927
Sample 16,Moirai,0.5494017601013184
Sample 16,Time-MoE,0.45059826970100403
Sample 17,Moirai,0.5010449290275574
Sample 17,TimesFM,0.4989551305770874
Sample 18,Moirai,0.505481481552124
Sample 18,Chronos,0.4945184588432312
Sample 19,TimesFM,0.5022892951965332
Sample 19,Chronos,0.4977107346057892
Sample 20,Moirai,0.5177720785140991
Sample 20,Time-MoE,0.4822279214859009
Sample 21,TimesFM,0.5033681988716125
Sample 21,Timer,0.49663177132606506
Sample 22,TimesFM,0.5001481175422668
Sample 22,Chronos,0.49985191226005554
Sample 23,Timer,0.5007744431495667
Sample 23,Chronos,0.49922558665275574
Sample 24,Moirai,0.5533480644226074
Sample 24,Chronos,0.4466519355773926
Sample 25,TimesFM,0.5013955235481262
Sample 25,Chronos,0.49860450625419617
Sample 26,Moirai,0.5235567688941956
Sample 26,Time-MoE,0.47644317150115967
Sample 27,Moirai,0.5115792751312256
Sample 27,TimesFM,0.4884207546710968
Sample 28,Chronos,0.5005308985710144
Sample 28,Timer,0.4994690716266632
Sample 29,TimesFM,0.5023029446601868
Sample 29,Moirai,0.49769702553749084
Sample 30,TimesFM,0.5001430511474609
Sample 30,Time-MoE,0.49985694885253906
Sample 31,Moirai,0.5136541724205017
Sample 31,Time-MoE,0.4863458275794983
Sample 0,Moirai,0.5520579218864441
Sample 0,TimesFM,0.4479421377182007
Sample 1,Moirai,0.5028207302093506
Sample 1,TimesFM,0.4971792697906494
Sample 2,Chronos,0.5005723834037781
Sample 2,Time-MoE,0.4994276165962219
Sample 3,TimesFM,0.5020131468772888
Sample 3,Chronos,0.4979868233203888
Sample 4,Time-MoE,0.5001731514930725
Sample 4,TimesFM,0.4998268187046051
Sample 5,TimesFM,0.5019379258155823
Sample 5,Time-MoE,0.4980621337890625
Sample 6,Chronos,0.5013949871063232
Sample 6,Timer,0.49860498309135437
Sample 7,Moirai,0.5254465937614441
Sample 7,Timer,0.4745533764362335
Sample 8,Moirai,0.55124431848526
Sample 8,Time-MoE,0.4487557113170624
Sample 9,Moirai,0.50003582239151
Sample 9,TimesFM,0.49996417760849
Sample 10,Moirai,0.5045890212059021
Sample 10,Time-MoE,0.4954110085964203
Sample 11,Moirai,0.5069996118545532
Sample 11,Timer,0.4930003881454468
Sample 12,Chronos,0.5025942325592041
Sample 12,Timer,0.4974057674407959
Sample 13,Moirai,0.5040515065193176
Sample 13,TimesFM,0.4959484338760376
Sample 14,TimesFM,0.5033203363418579
Sample 14,Time-MoE,0.4966796636581421
Sample 15,Moirai,0.523626983165741
Sample 15,Time-MoE,0.47637301683425903
Sample 16,Moirai,0.564992368221283
Sample 16,Time-MoE,0.43500757217407227
Sample 17,Moirai,0.5026835799217224
Sample 17,TimesFM,0.4973164200782776
Sample 18,Time-MoE,0.5014779567718506
Sample 18,Timer,0.4985220730304718
Sample 19,TimesFM,0.5003159046173096
Sample 19,Moirai,0.49968406558036804
Sample 20,Moirai,0.5025734901428223
Sample 20,Chronos,0.49742650985717773
Sample 21,Moirai,0.5037174820899963
Sample 21,TimesFM,0.4962824583053589
Sample 22,Chronos,0.5011082887649536
Sample 22,Timer,0.4988917410373688
Sample 23,Timer,0.5003715753555298
Sample 23,Chronos,0.4996284544467926
Sample 24,Moirai,0.5395656228065491
Sample 24,Time-MoE,0.4604344367980957
Sample 25,TimesFM,0.5018841028213501
Sample 25,Chronos,0.4981158971786499
Sample 26,Time-MoE,0.5000419616699219
Sample 26,Chronos,0.4999580383300781
Sample 27,TimesFM,0.5038594603538513
Sample 27,Timer,0.49614056944847107
Sample 28,Chronos,0.5007972121238708
Sample 28,Moirai,0.4992027282714844
Sample 29,TimesFM,0.5033489465713501
Sample 29,Chronos,0.4966510236263275
Sample 30,Chronos,0.5001610517501831
Sample 30,TimesFM,0.4998389780521393
Sample 31,Moirai,0.5213420987129211
Sample 31,Timer,0.47865787148475647
Sample 0,Moirai,0.5464954376220703
Sample 0,Time-MoE,0.4535045325756073
Sample 1,Moirai,0.5026832818984985
Sample 1,TimesFM,0.49731671810150146
Sample 2,Moirai,0.5011355876922607
Sample 2,TimesFM,0.49886444211006165
Sample 3,TimesFM,0.5026958584785461
Sample 3,Chronos,0.49730420112609863
Sample 4,Moirai,0.5204601287841797
Sample 4,Time-MoE,0.47953981161117554
Sample 5,Chronos,0.5009956955909729
Sample 5,TimesFM,0.4990043342113495
Sample 6,Timer,0.5001547932624817
Sample 6,Chronos,0.4998452067375183
Sample 7,Moirai,0.5224742889404297
Sample 7,Time-MoE,0.4775256812572479
Sample 8,Moirai,0.5434747934341431
Sample 8,Time-MoE,0.45652520656585693
Sample 9,TimesFM,0.5017920732498169
Sample 9,Chronos,0.4982079267501831
Sample 10,Moirai,0.503247082233429
Sample 10,Chronos,0.49675291776657104
Sample 11,TimesFM,0.5023195147514343
Sample 11,Chronos,0.4976804852485657
Sample 12,Chronos,0.5002025365829468
Sample 12,Timer,0.49979743361473083
Sample 13,TimesFM,0.5030390620231628
Sample 13,Chronos,0.49696096777915955
Sample 14,Time-MoE,0.5003013610839844
Sample 14,TimesFM,0.499698668718338
Sample 15,Moirai,0.5129069685935974
Sample 15,Time-MoE,0.487093061208725
Sample 16,Moirai,0.5281078219413757
Sample 16,TimesFM,0.47189220786094666
Sample 17,TimesFM,0.5015900135040283
Sample 17,Chronos,0.49841004610061646
Sample 18,Chronos,0.5000710487365723
Sample 18,Time-MoE,0.4999289810657501
Sample 19,Moirai,0.5231475234031677
Sample 19,TimesFM,0.4768524467945099
Sample 20,Chronos,0.5009193420410156
Sample 20,Timer,0.4990806579589844
Sample 21,TimesFM,0.5034292936325073
Sample 21,Moirai,0.4965706765651703
Sample 22,Chronos,0.5029468536376953
Sample 22,Time-MoE,0.4970531761646271
Sample 23,Time-MoE,0.5008090734481812
Sample 23,TimesFM,0.49919089674949646
Sample 24,Moirai,0.5404441356658936
Sample 24,Time-MoE,0.45955586433410645
Sample 25,TimesFM,0.5016655921936035
Sample 25,Chronos,0.4983344078063965
Sample 26,Moirai,0.5028849244117737
Sample 26,Time-MoE,0.4971150755882263
Sample 27,TimesFM,0.5038103461265564
Sample 27,Timer,0.49618959426879883
Sample 28,Timer,0.5002272725105286
Sample 28,Chronos,0.4997727870941162
Sample 29,TimesFM,0.50246262550354
Sample 29,Chronos,0.49753737449645996
Sample 30,TimesFM,0.5006672739982605
Sample 30,Time-MoE,0.4993326961994171
Sample 31,Moirai,0.5075830817222595
Sample 31,Timer,0.4924169182777405
Sample 0,Moirai,0.552829921245575
Sample 0,Time-MoE,0.44717004895210266
Sample 1,Moirai,0.5046443343162537
Sample 1,TimesFM,0.49535563588142395
Sample 2,Moirai,0.5172364115715027
Sample 2,Chronos,0.4827636182308197
Sample 3,Moirai,0.5017431974411011
Sample 3,TimesFM,0.4982568025588989
Sample 4,Chronos,0.501124918460846
Sample 4,Timer,0.49887508153915405
Sample 5,Moirai,0.5256450772285461
Sample 5,TimesFM,0.47435495257377625
Sample 6,Moirai,0.5105174779891968
Sample 6,TimesFM,0.4894825220108032
Sample 7,Moirai,0.5134972929954529
Sample 7,Timer,0.48650267720222473
Sample 8,Moirai,0.5745994448661804
Sample 8,Time-MoE,0.42540058493614197
Sample 9,TimesFM,0.5015279054641724
Sample 9,Chronos,0.49847212433815
Sample 10,Chronos,0.5001696348190308
Sample 10,TimesFM,0.49983036518096924
Sample 11,TimesFM,0.503504753112793
Sample 11,Timer,0.49649524688720703
Sample 12,Moirai,0.5126686692237854
Sample 12,Chronos,0.4873312711715698
Sample 13,TimesFM,0.5007620453834534
Sample 13,Chronos,0.49923795461654663
Sample 14,TimesFM,0.5007688403129578
Sample 14,Time-MoE,0.4992311894893646
Sample 15,Moirai,0.522502601146698
Sample 15,Timer,0.4774974286556244
Sample 16,Moirai,0.5701335072517395
Sample 16,Chronos,0.4298664629459381
Sample 17,Chronos,0.5003411769866943
Sample 17,TimesFM,0.4996587932109833
Sample 18,Moirai,0.5127567648887634
Sample 18,Chronos,0.48724329471588135
Sample 19,TimesFM,0.5031442642211914
Sample 19,Timer,0.4968557357788086
Sample 20,Chronos,0.5001470446586609
Sample 20,Timer,0.4998530149459839
Sample 21,TimesFM,0.5015313625335693
Sample 21,Chronos,0.4984686076641083
Sample 22,Moirai,0.5115329623222351
Sample 22,Chronos,0.4884670376777649
Sample 23,Moirai,0.5153026580810547
Sample 23,Time-MoE,0.4846973419189453
Sample 24,Moirai,0.55344158411026
Sample 24,Timer,0.44655841588974
Sample 25,TimesFM,0.5020774602890015
Sample 25,Timer,0.4979225695133209
Sample 26,Moirai,0.5078843832015991
Sample 26,Chronos,0.4921156167984009
Sample 27,TimesFM,0.5029028058052063
Sample 27,Timer,0.4970972239971161
Sample 28,Moirai,0.5149900913238525
Sample 28,Chronos,0.4850098490715027
Sample 29,TimesFM,0.502505362033844
Sample 29,Timer,0.4974946975708008
Sample 30,TimesFM,0.5000432133674622
Sample 30,Chronos,0.49995681643486023
Sample 31,Moirai,0.5232702493667603
Sample 31,Chronos,0.47672972083091736
Sample 0,Moirai,0.5641912221908569
Sample 0,Time-MoE,0.43580877780914307
Sample 1,TimesFM,0.5017384886741638
Sample 1,Timer,0.4982615113258362
Sample 2,Chronos,0.5006259083747864
Sample 2,TimesFM,0.4993740916252136
Sample 3,TimesFM,0.5031065940856934
Sample 3,Timer,0.49689337611198425
Sample 4,Moirai,0.5045221447944641
Sample 4,Chronos,0.4954778552055359
Sample 5,TimesFM,0.5016849637031555
Sample 5,Timer,0.4983150064945221
Sample 6,Moirai,0.5011171698570251
Sample 6,TimesFM,0.49888285994529724
Sample 7,Moirai,0.5246986150741577
Sample 7,Chronos,0.4753013551235199
Sample 8,Moirai,0.5616998076438904
Sample 8,Time-MoE,0.43830016255378723
Sample 9,TimesFM,0.5017433166503906
Sample 9,Timer,0.4982566833496094
Sample 10,Moirai,0.5079860091209412
Sample 10,Time-MoE,0.49201393127441406
Sample 11,Moirai,0.5238381028175354
Sample 11,TimesFM,0.4761618673801422
Sample 12,Chronos,0.5021044015884399
Sample 12,Moirai,0.49789556860923767
Sample 13,Moirai,0.5005277991294861
Sample 13,TimesFM,0.4994722008705139
Sample 14,Chronos,0.5007789731025696
Sample 14,TimesFM,0.4992210268974304
Sample 15,Time-MoE,0.5005040168762207
Sample 15,Timer,0.4994960129261017
Sample 16,Moirai,0.5448691844940186
Sample 16,TimesFM,0.45513081550598145
Sample 17,TimesFM,0.5016353130340576
Sample 17,Chronos,0.4983646869659424
Sample 18,Moirai,0.506575345993042
Sample 18,Chronos,0.4934246838092804
Sample 19,TimesFM,0.5031529664993286
Sample 19,Timer,0.4968469738960266
Sample 20,Chronos,0.5007126927375793
Sample 20,Timer,0.49928727746009827
Sample 21,TimesFM,0.5035378932952881
Sample 21,Timer,0.4964621365070343
Sample 22,TimesFM,0.5005937218666077
Sample 22,Chronos,0.49940624833106995
Sample 23,Moirai,0.5055700540542603
Sample 23,Time-MoE,0.49442997574806213
Sample 24,Moirai,0.5745834708213806
Sample 24,Time-MoE,0.4254165589809418
Sample 25,TimesFM,0.5014897584915161
Sample 25,Chronos,0.4985101819038391
Sample 26,Moirai,0.5069511532783508
Sample 26,Timer,0.49304887652397156
Sample 27,TimesFM,0.5034655332565308
Sample 27,Timer,0.4965344965457916
Sample 28,Moirai,0.5171610116958618
Sample 28,Chronos,0.4828389585018158
Sample 29,Time-MoE,0.5010261535644531
Sample 29,TimesFM,0.4989738166332245
Sample 30,Chronos,0.5001116394996643
Sample 30,Time-MoE,0.4998883008956909
Sample 31,Moirai,0.5315741896629333
Sample 31,Timer,0.46842581033706665
Sample 0,Moirai,0.566390335559845
Sample 0,Time-MoE,0.43360963463783264
Sample 1,TimesFM,0.5015779733657837
Sample 1,Timer,0.4984219968318939
Sample 2,Timer,0.5004159212112427
Sample 2,Time-MoE,0.49958404898643494
Sample 3,TimesFM,0.5028257369995117
Sample 3,Timer,0.4971742630004883
Sample 4,Moirai,0.5033743977546692
Sample 4,Chronos,0.4966256618499756
Sample 5,TimesFM,0.5018404722213745
Sample 5,Chronos,0.4981595575809479
Sample 6,Moirai,0.5037031173706055
Sample 6,Chronos,0.49629685282707214
Sample 7,Moirai,0.5156393051147461
Sample 7,Time-MoE,0.4843606948852539
Sample 8,Moirai,0.5623311996459961
Sample 8,TimesFM,0.4376688301563263
Sample 9,Moirai,0.5000183582305908
Sample 9,TimesFM,0.4999816119670868
Sample 10,Moirai,0.510391116142273
Sample 10,TimesFM,0.48960885405540466
Sample 11,Moirai,0.5029019713401794
Sample 11,TimesFM,0.49709799885749817
Sample 12,Time-MoE,0.5002198219299316
Sample 12,Timer,0.49978017807006836
Sample 13,TimesFM,0.5019140243530273
Sample 13,Timer,0.49808597564697266
Sample 14,Chronos,0.5012115836143494
Sample 14,Time-MoE,0.498788446187973
Sample 15,Moirai,0.5164676904678345
Sample 15,Chronos,0.4835323095321655
Sample 16,Moirai,0.5590835809707642
Sample 16,Chronos,0.44091641902923584
Sample 17,Moirai,0.5021281838417053
Sample 17,TimesFM,0.4978718161582947
Sample 18,Moirai,0.5231457352638245
Sample 18,Chronos,0.4768542945384979
Sample 19,TimesFM,0.5024096965789795
Sample 19,Timer,0.4975902736186981
Sample 20,TimesFM,0.5014010667800903
Sample 20,Timer,0.49859893321990967
Sample 21,TimesFM,0.5019849538803101
Sample 21,Moirai,0.4980151057243347
Sample 22,Chronos,0.5011182427406311
Sample 22,Time-MoE,0.4988817274570465
Sample 23,Moirai,0.5216636657714844
Sample 23,Chronos,0.4783363342285156
Sample 24,Moirai,0.5569317936897278
Sample 24,TimesFM,0.4430682361125946
Sample 25,TimesFM,0.5022658705711365
Sample 25,Timer,0.4977341294288635
Sample 26,Moirai,0.5061815977096558
Sample 26,Chronos,0.493818461894989
Sample 27,TimesFM,0.5022110342979431
Sample 27,Chronos,0.4977889657020569
Sample 28,Time-MoE,0.500788688659668
Sample 28,TimesFM,0.49921128153800964
Sample 29,TimesFM,0.5025156736373901
Sample 29,Chronos,0.4974842667579651
Sample 30,Moirai,0.5066068768501282
Sample 30,Chronos,0.4933931231498718
Sample 31,Time-MoE,0.5006205439567566
Sample 31,Timer,0.499379426240921
Sample 0,Moirai,0.5307661890983582
Sample 0,TimesFM,0.46923378109931946
Sample 1,TimesFM,0.5017881989479065
Sample 1,Timer,0.4982118308544159
Sample 2,Moirai,0.5023165941238403
Sample 2,Chronos,0.49768340587615967
Sample 3,TimesFM,0.502547025680542
Sample 3,Timer,0.497452974319458
Sample 4,Chronos,0.5008049011230469
Sample 4,TimesFM,0.4991951584815979
Sample 5,TimesFM,0.5020536184310913
Sample 5,Moirai,0.4979463815689087
Sample 6,TimesFM,0.5013081431388855
Sample 6,Chronos,0.4986918568611145
Sample 7,Moirai,0.5115220546722412
Sample 7,Time-MoE,0.488477885723114
Sample 8,Moirai,0.5775437951087952
Sample 8,Time-MoE,0.42245620489120483
Sample 9,TimesFM,0.5014957189559937
Sample 9,Timer,0.49850431084632874
Sample 10,Time-MoE,0.500527024269104
Sample 10,Timer,0.499472975730896
Sample 11,TimesFM,0.5028865933418274
Sample 11,Timer,0.4971134066581726
Sample 12,Moirai,0.5004538893699646
Sample 12,Chronos,0.499546080827713
Sample 13,TimesFM,0.5016211271286011
Sample 13,Moirai,0.4983788728713989
Sample 14,TimesFM,0.5006064772605896
Sample 14,Timer,0.499393492937088
Sample 15,Moirai,0.5216070413589478
Sample 15,Time-MoE,0.47839292883872986
Sample 0,Moirai,0.5784432291984558
Sample 0,Timer,0.4215568006038666
Sample 1,TimesFM,0.5013104677200317
Sample 1,Timer,0.4986894726753235
Sample 2,Chronos,0.5003620386123657
Sample 2,Time-MoE,0.4996379613876343
Sample 3,TimesFM,0.5029398798942566
Sample 3,Timer,0.497060090303421
Sample 4,Chronos,0.5004316568374634
Sample 4,Moirai,0.499568372964859
Sample 5,TimesFM,0.501217246055603
Sample 5,Timer,0.498782753944397
Sample 6,TimesFM,0.5003963708877563
Sample 6,Timer,0.49960359930992126
Sample 7,Moirai,0.5254405736923218
Sample 7,Time-MoE,0.474559485912323
Sample 8,Moirai,0.5738722085952759
Sample 8,Time-MoE,0.4261277914047241
Sample 9,TimesFM,0.5014206171035767
Sample 9,Timer,0.49857938289642334
Sample 10,Time-MoE,0.5000929236412048
Sample 10,Moirai,0.49990707635879517
Sample 11,TimesFM,0.5031732320785522
Sample 11,Timer,0.49682679772377014
Sample 12,Moirai,0.5170385837554932
Sample 12,Chronos,0.48296135663986206
Sample 13,TimesFM,0.5024219155311584
Sample 13,Timer,0.49757811427116394
Sample 14,Time-MoE,0.5007358193397522
Sample 14,Chronos,0.4992641806602478
Sample 15,Moirai,0.5253123641014099
Sample 15,Chronos,0.4746876060962677
Sample 16,Moirai,0.5530441999435425
Sample 16,Time-MoE,0.44695577025413513
Sample 17,Moirai,0.5004516243934631
Sample 17,TimesFM,0.4995483458042145
Sample 18,Moirai,0.5059542655944824
Sample 18,Chronos,0.49404576420783997
Sample 19,TimesFM,0.5022926330566406
Sample 19,Timer,0.4977073669433594
Sample 20,Moirai,0.518877387046814
Sample 20,Timer,0.48112261295318604
Sample 21,TimesFM,0.5032573342323303
Sample 21,Timer,0.49674272537231445
Sample 22,TimesFM,0.5006604790687561
Sample 22,Chronos,0.4993395507335663
Sample 23,Timer,0.5006383657455444
Sample 23,Time-MoE,0.49936169385910034
Sample 24,Moirai,0.5574698448181152
Sample 24,Chronos,0.4425301253795624
Sample 25,TimesFM,0.5015398263931274
Sample 25,Timer,0.49846017360687256
Sample 26,Moirai,0.5246655344963074
Sample 26,Timer,0.4753344655036926
Sample 27,Moirai,0.512127697467804
Sample 27,TimesFM,0.48787230253219604
Sample 28,Chronos,0.500602126121521
Sample 28,Time-MoE,0.499397873878479
Sample 29,TimesFM,0.502781867980957
Sample 29,Timer,0.49721816182136536
Sample 30,TimesFM,0.5006868243217468
Sample 30,Time-MoE,0.4993131756782532
Sample 31,Moirai,0.5147615671157837
Sample 31,Time-MoE,0.4852384030818939
Sample 0,Moirai,0.5561510324478149
Sample 0,TimesFM,0.44384896755218506
Sample 1,Moirai,0.5024020075798035
Sample 1,TimesFM,0.49759799242019653
Sample 2,Chronos,0.50025475025177
Sample 2,Time-MoE,0.49974527955055237
Sample 3,TimesFM,0.5023477077484131
Sample 3,Timer,0.4976522624492645
Sample 4,Time-MoE,0.500386655330658
Sample 4,TimesFM,0.49961331486701965
Sample 5,TimesFM,0.5019137263298035
Sample 5,Timer,0.49808621406555176
Sample 6,Chronos,0.5009579658508301
Sample 6,Timer,0.4990420937538147
Sample 7,Moirai,0.5275443196296692
Sample 7,Chronos,0.4724556803703308
Sample 8,Moirai,0.5551326870918274
Sample 8,Time-MoE,0.444867342710495
Sample 9,TimesFM,0.500523030757904
Sample 9,Moirai,0.49947696924209595
Sample 10,Moirai,0.5048624277114868
Sample 10,Time-MoE,0.4951375722885132
Sample 11,Moirai,0.5070706605911255
Sample 11,Timer,0.4929293692111969
Sample 12,Chronos,0.5027436017990112
Sample 12,Timer,0.4972563683986664
Sample 13,Moirai,0.5038935542106628
Sample 13,TimesFM,0.49610650539398193
Sample 14,TimesFM,0.5041344165802002
Sample 14,Time-MoE,0.4958656132221222
Sample 15,Moirai,0.5253742933273315
Sample 15,Timer,0.47462567687034607
Sample 16,Moirai,0.5696235299110413
Sample 16,Timer,0.43037647008895874
Sample 17,Moirai,0.5023127198219299
Sample 17,TimesFM,0.49768730998039246
Sample 18,Time-MoE,0.5019723176956177
Sample 18,Chronos,0.49802765250205994
Sample 19,TimesFM,0.5008347034454346
Sample 19,Moirai,0.49916529655456543
Sample 20,Moirai,0.5023385286331177
Sample 20,TimesFM,0.4976615309715271
Sample 21,Moirai,0.5034608840942383
Sample 21,TimesFM,0.4965391159057617
Sample 22,Chronos,0.5007694363594055
Sample 22,Timer,0.49923059344291687
Sample 23,Time-MoE,0.5004193186759949
Sample 23,Chronos,0.4995806813240051
Sample 24,Moirai,0.5425006151199341
Sample 24,Timer,0.4574993848800659
Sample 25,TimesFM,0.5020706653594971
Sample 25,Timer,0.49792930483818054
Sample 26,Chronos,0.5000267028808594
Sample 26,Timer,0.4999732971191406
Sample 27,TimesFM,0.5040634870529175
Sample 27,Timer,0.4959365129470825
Sample 28,Chronos,0.5004026889801025
Sample 28,Moirai,0.4995972514152527
Sample 29,TimesFM,0.5035910606384277
Sample 29,Timer,0.49640893936157227
Sample 30,TimesFM,0.5002694129943848
Sample 30,Timer,0.49973055720329285
Sample 31,Moirai,0.5230497121810913
Sample 31,Time-MoE,0.4769502878189087
Sample 0,Moirai,0.5498836636543274
Sample 0,Time-MoE,0.4501163959503174
Sample 1,Moirai,0.5025456547737122
Sample 1,TimesFM,0.49745434522628784
Sample 2,Moirai,0.50111323595047
Sample 2,TimesFM,0.49888676404953003
Sample 3,TimesFM,0.5030263066291809
Sample 3,Timer,0.4969736933708191
Sample 4,Moirai,0.5220340490341187
Sample 4,Time-MoE,0.47796598076820374
Sample 5,Chronos,0.500666618347168
Sample 5,TimesFM,0.49933335185050964
Sample 6,Timer,0.5003026127815247
Sample 6,Chronos,0.49969741702079773
Sample 7,Moirai,0.5242229700088501
Sample 7,Time-MoE,0.4757770299911499
Sample 8,Moirai,0.5465639233589172
Sample 8,Time-MoE,0.45343607664108276
Sample 9,TimesFM,0.5017331838607788
Sample 9,Timer,0.4982667863368988
Sample 10,Moirai,0.5033361315727234
Sample 10,Chronos,0.4966638386249542
Sample 11,TimesFM,0.5028071999549866
Sample 11,Chronos,0.4971928000450134
Sample 12,Chronos,0.5003975033760071
Sample 12,Time-MoE,0.49960243701934814
Sample 13,TimesFM,0.5031837224960327
Sample 13,Timer,0.4968162477016449
Sample 14,TimesFM,0.5002965331077576
Sample 14,Time-MoE,0.49970343708992004
Sample 15,Moirai,0.5137635469436646
Sample 15,Time-MoE,0.48623648285865784
Sample 16,Moirai,0.5299358367919922
Sample 16,TimesFM,0.4700641632080078
Sample 17,TimesFM,0.5021229982376099
Sample 17,Chronos,0.49787700176239014
Sample 18,Time-MoE,0.5004618763923645
Sample 18,Chronos,0.4995381236076355
Sample 19,Moirai,0.5246525406837463
Sample 19,TimesFM,0.47534745931625366
Sample 20,Chronos,0.5010782480239868
Sample 20,TimesFM,0.4989217221736908
Sample 21,TimesFM,0.5037418603897095
Sample 21,Timer,0.4962581396102905
Sample 22,Chronos,0.5026623606681824
Sample 22,Timer,0.4973376393318176
Sample 23,Time-MoE,0.5010444521903992
Sample 23,TimesFM,0.4989555776119232
Sample 24,Moirai,0.5433489680290222
Sample 24,Time-MoE,0.45665106177330017
Sample 25,TimesFM,0.5016914010047913
Sample 25,Timer,0.49830859899520874
Sample 26,Moirai,0.503054678440094
Sample 26,Time-MoE,0.4969453513622284
Sample 27,TimesFM,0.5043461918830872
Sample 27,Timer,0.49565380811691284
Sample 28,Time-MoE,0.5001901388168335
Sample 28,Chronos,0.4998098909854889
Sample 29,TimesFM,0.502849280834198
Sample 29,Timer,0.497150719165802
Sample 30,TimesFM,0.5009327530860901
Sample 30,Timer,0.4990672767162323
Sample 31,Moirai,0.507968544960022
Sample 31,Time-MoE,0.4920314848423004
Sample 0,Moirai,0.5563061833381653
Sample 0,Timer,0.44369375705718994
Sample 1,Moirai,0.5048639178276062
Sample 1,TimesFM,0.4951361119747162
Sample 2,Moirai,0.5181276798248291
Sample 2,Chronos,0.4818723201751709
Sample 3,Moirai,0.5017953515052795
Sample 3,TimesFM,0.49820464849472046
Sample 4,Chronos,0.5010526180267334
Sample 4,Timer,0.498947411775589
Sample 5,Moirai,0.5276045203208923
Sample 5,Chronos,0.47239550948143005
Sample 6,Moirai,0.5111485719680786
Sample 6,TimesFM,0.4888514280319214
Sample 7,Moirai,0.5143114924430847
Sample 7,Timer,0.4856884479522705
Sample 8,Moirai,0.5794676542282104
Sample 8,Timer,0.42053234577178955
Sample 9,TimesFM,0.5015700459480286
Sample 9,Timer,0.49842992424964905
Sample 10,TimesFM,0.500007152557373
Sample 10,Chronos,0.49999287724494934
Sample 11,TimesFM,0.5037724375724792
Sample 11,Timer,0.49622759222984314
Sample 12,Moirai,0.5137327313423157
Sample 12,Chronos,0.4862672686576843
Sample 13,TimesFM,0.5010480284690857
Sample 13,Chronos,0.4989520013332367
Sample 14,TimesFM,0.5012179613113403
Sample 14,Time-MoE,0.49878203868865967
Sample 15,Moirai,0.5241402387619019
Sample 15,Timer,0.47585976123809814
Sample 16,Moirai,0.5746942162513733
Sample 16,Chronos,0.4253057837486267
Sample 17,TimesFM,0.5001437067985535
Sample 17,Chronos,0.4998563230037689
Sample 18,Moirai,0.5136216282844543
Sample 18,Chronos,0.48637840151786804
Sample 19,TimesFM,0.5035755634307861
Sample 19,Timer,0.49642446637153625
Sample 20,Chronos,0.5002935528755188
Sample 20,Timer,0.4997064471244812
Sample 21,TimesFM,0.501978874206543
Sample 21,Chronos,0.49802112579345703
Sample 22,Moirai,0.5122398138046265
Sample 22,Chronos,0.4877602159976959
Sample 23,Moirai,0.516311764717102
Sample 23,Time-MoE,0.48368820548057556
Sample 24,Moirai,0.5569555759429932
Sample 24,Timer,0.44304442405700684
Sample 25,TimesFM,0.5023043155670166
Sample 25,Timer,0.4976956248283386
Sample 26,Moirai,0.5084863305091858
Sample 26,Chronos,0.4915136396884918
Sample 27,TimesFM,0.5032459497451782
Sample 27,Timer,0.4967540204524994
Sample 28,Moirai,0.5162667632102966
Sample 28,Chronos,0.48373326659202576
Sample 29,TimesFM,0.5029590725898743
Sample 29,Timer,0.4970409572124481
Sample 30,TimesFM,0.5004014372825623
Sample 30,Chronos,0.49959856271743774
Sample 31,Moirai,0.5249819755554199
Sample 31,Chronos,0.4750179946422577
Sample 0,Moirai,0.5682706236839294
Sample 0,Timer,0.43172937631607056
Sample 1,TimesFM,0.5017809867858887
Sample 1,Timer,0.49821898341178894
Sample 2,Chronos,0.5004228353500366
Sample 2,TimesFM,0.499577134847641
Sample 3,TimesFM,0.5032911896705627
Sample 3,Timer,0.49670884013175964
Sample 4,Moirai,0.504593014717102
Sample 4,Chronos,0.49540698528289795
Sample 5,TimesFM,0.5019206404685974
Sample 5,Timer,0.4980793595314026
Sample 6,Moirai,0.5010262131690979
Sample 6,TimesFM,0.4989737868309021
Sample 7,Moirai,0.5262060761451721
Sample 7,Timer,0.4737938940525055
Sample 8,Moirai,0.5659192204475403
Sample 8,Chronos,0.43408074975013733
Sample 9,TimesFM,0.5017732381820679
Sample 9,Timer,0.4982267916202545
Sample 10,Moirai,0.508516252040863
Sample 10,Time-MoE,0.4914837181568146
Sample 11,Moirai,0.5255919694900513
Sample 11,TimesFM,0.47440800070762634
Sample 12,Chronos,0.5023509860038757
Sample 12,Moirai,0.49764901399612427
Sample 13,Moirai,0.500617265701294
Sample 13,TimesFM,0.49938270449638367
Sample 14,Chronos,0.5003212690353394
Sample 14,TimesFM,0.49967873096466064
Sample 15,Time-MoE,0.5011509656906128
Sample 15,Timer,0.49884897470474243
Sample 16,Moirai,0.5482636094093323
Sample 16,TimesFM,0.45173633098602295
Sample 17,TimesFM,0.5019362568855286
Sample 17,Chronos,0.49806368350982666
Sample 18,Moirai,0.5068134665489197
Sample 18,Chronos,0.4931865334510803
Sample 19,TimesFM,0.5037447810173035
Sample 19,Time-MoE,0.49625521898269653
Sample 20,Chronos,0.5003435611724854
Sample 20,Time-MoE,0.49965640902519226
Sample 21,TimesFM,0.5037546753883362
Sample 21,Timer,0.4962453842163086
Sample 22,TimesFM,0.5007866621017456
Sample 22,Chronos,0.49921339750289917
Sample 23,Moirai,0.5057826042175293
Sample 23,Time-MoE,0.4942174255847931
Sample 24,Moirai,0.5795179605484009
Sample 24,Timer,0.42048200964927673
Sample 25,TimesFM,0.5015595555305481
Sample 25,Timer,0.4984404444694519
Sample 26,Moirai,0.5072227716445923
Sample 26,Timer,0.4927772283554077
Sample 27,TimesFM,0.5037084817886353
Sample 27,Timer,0.49629151821136475
Sample 28,Moirai,0.5181064605712891
Sample 28,Chronos,0.4818935692310333
Sample 29,Time-MoE,0.5008415579795837
Sample 29,Timer,0.49915844202041626
Sample 30,Chronos,0.5002541542053223
Sample 30,Timer,0.49974581599235535
Sample 31,Moirai,0.5334571003913879
Sample 31,Timer,0.4665428698062897
Sample 0,Moirai,0.5706352591514587
Sample 0,Timer,0.4293646812438965
Sample 1,TimesFM,0.5016999244689941
Sample 1,Chronos,0.49830013513565063
Sample 2,Timer,0.5002196431159973
Sample 2,Time-MoE,0.49978041648864746
Sample 3,TimesFM,0.5031050443649292
Sample 3,Timer,0.4968949854373932
Sample 4,Moirai,0.5038442611694336
Sample 4,Chronos,0.496155709028244
Sample 5,TimesFM,0.5018323063850403
Sample 5,Chronos,0.49816766381263733
Sample 6,Moirai,0.5038632750511169
Sample 6,Chronos,0.49613669514656067
Sample 7,Moirai,0.5167379379272461
Sample 7,Time-MoE,0.4832620620727539
Sample 8,Moirai,0.5662878751754761
Sample 8,Timer,0.4337121248245239
Sample 9,Moirai,0.5000333786010742
Sample 9,TimesFM,0.49996665120124817
Sample 10,Moirai,0.5110769271850586
Sample 10,TimesFM,0.488923043012619
Sample 11,Moirai,0.5031790137290955
Sample 11,TimesFM,0.49682101607322693
Sample 12,Time-MoE,0.5002849102020264
Sample 12,TimesFM,0.49971508979797363
Sample 13,TimesFM,0.5023024678230286
Sample 13,Time-MoE,0.4976975619792938
Sample 14,Chronos,0.501078188419342
Sample 14,Time-MoE,0.49892178177833557
Sample 15,Moirai,0.5175151228904724
Sample 15,Chronos,0.4824848771095276
Sample 16,Moirai,0.5628552436828613
Sample 16,Chronos,0.43714475631713867
Sample 17,Moirai,0.5023249983787537
Sample 17,TimesFM,0.49767500162124634
Sample 18,Moirai,0.524630606174469
Sample 18,Chronos,0.4753694534301758
Sample 19,TimesFM,0.5024217963218689
Sample 19,Chronos,0.4975782334804535
Sample 20,TimesFM,0.501603364944458
Sample 20,Time-MoE,0.4983966052532196
Sample 21,TimesFM,0.5020869374275208
Sample 21,Moirai,0.497913122177124
Sample 22,Chronos,0.5009168982505798
Sample 22,TimesFM,0.49908313155174255
Sample 23,Moirai,0.5230394601821899
Sample 23,Timer,0.47696056962013245
Sample 24,Moirai,0.5612031817436218
Sample 24,TimesFM,0.43879684805870056
Sample 25,TimesFM,0.5024827122688293
Sample 25,Timer,0.49751725792884827
Sample 26,Moirai,0.5065240859985352
Sample 26,Timer,0.49347591400146484
Sample 27,TimesFM,0.50225830078125
Sample 27,Chronos,0.49774169921875
Sample 28,Time-MoE,0.5009518265724182
Sample 28,TimesFM,0.4990481734275818
Sample 29,TimesFM,0.5027949810028076
Sample 29,Chronos,0.49720504879951477
Sample 30,Moirai,0.5069504976272583
Sample 30,Time-MoE,0.4930494725704193
Sample 31,Time-MoE,0.5013090968132019
Sample 31,Timer,0.4986908733844757
Sample 0,Moirai,0.5331413745880127
Sample 0,TimesFM,0.4668586254119873
Sample 1,TimesFM,0.5019752979278564
Sample 1,Chronos,0.4980246424674988
Sample 2,Moirai,0.5022165775299072
Sample 2,Chronos,0.4977834224700928
Sample 3,TimesFM,0.502814769744873
Sample 3,Timer,0.4971851706504822
Sample 4,Chronos,0.5001168847084045
Sample 4,TimesFM,0.49988308548927307
Sample 5,TimesFM,0.502098798751831
Sample 5,Moirai,0.49790117144584656
Sample 6,TimesFM,0.5013511180877686
Sample 6,Chronos,0.49864888191223145
Sample 7,Moirai,0.5122313499450684
Sample 7,Time-MoE,0.48776867985725403
Sample 8,Moirai,0.5826000571250916
Sample 8,Chronos,0.41739991307258606
Sample 9,TimesFM,0.5016034245491028
Sample 9,Moirai,0.49839654564857483
Sample 10,Time-MoE,0.5008426308631897
Sample 10,Timer,0.4991573393344879
Sample 11,TimesFM,0.5031923055648804
Sample 11,Timer,0.496807724237442
Sample 12,Moirai,0.5002753734588623
Sample 12,Chronos,0.4997246265411377
Sample 13,TimesFM,0.5016831159591675
Sample 13,Moirai,0.4983169138431549
Sample 14,TimesFM,0.5008044242858887
Sample 14,Time-MoE,0.4991956353187561
Sample 15,Moirai,0.5231186747550964
Sample 15,Time-MoE,0.47688132524490356
Sample 0,Moirai,0.5837352871894836
Sample 0,Timer,0.41626474261283875
Sample 1,TimesFM,0.5012615323066711
Sample 1,Chronos,0.49873846769332886
Sample 2,Chronos,0.5000086426734924
Sample 2,Time-MoE,0.49999135732650757
Sample 3,TimesFM,0.5033091902732849
Sample 3,Timer,0.4966908395290375
Sample 4,Chronos,0.5006892681121826
Sample 4,Moirai,0.4993107318878174
Sample 5,TimesFM,0.500872790813446
Sample 5,Chronos,0.49912720918655396
Sample 6,TimesFM,0.5006069540977478
Sample 6,Timer,0.4993930160999298
Sample 7,Moirai,0.5271729826927185
Sample 7,Time-MoE,0.4728270471096039
Sample 8,Moirai,0.5788425207138062
Sample 8,Chronos,0.42115747928619385
Sample 9,TimesFM,0.5015681982040405
Sample 9,Chronos,0.4984317719936371
Sample 10,Time-MoE,0.5003228783607483
Sample 10,Moirai,0.49967706203460693
Sample 11,TimesFM,0.5034666061401367
Sample 11,Timer,0.4965333342552185
Sample 12,Moirai,0.5182762742042542
Sample 12,Chronos,0.48172375559806824
Sample 13,TimesFM,0.5025310516357422
Sample 13,Chronos,0.4974689185619354
Sample 14,Time-MoE,0.5006511807441711
Sample 14,TimesFM,0.49934884905815125
Sample 15,Moirai,0.5270622372627258
Sample 15,Time-MoE,0.47293776273727417
Sample 16,Moirai,0.5565190315246582
Sample 16,Timer,0.4434809684753418
Sample 17,Moirai,0.5006837248802185
Sample 17,TimesFM,0.4993162751197815
Sample 18,Moirai,0.5063937902450562
Sample 18,Chronos,0.4936061501502991
Sample 19,TimesFM,0.5025556683540344
Sample 19,Timer,0.49744436144828796
Sample 20,Moirai,0.5200422406196594
Sample 20,Timer,0.47995778918266296
Sample 21,TimesFM,0.5034618973731995
Sample 21,Timer,0.49653810262680054
Sample 22,TimesFM,0.5010395050048828
Sample 22,Chronos,0.4989604949951172
Sample 23,Timer,0.5005632042884827
Sample 23,Time-MoE,0.49943679571151733
Sample 24,Moirai,0.5613112449645996
Sample 24,Chronos,0.438688725233078
Sample 25,TimesFM,0.5015528202056885
Sample 25,Chronos,0.4984471797943115
Sample 26,Moirai,0.5266569256782532
Sample 26,Chronos,0.4733431041240692
Sample 27,Moirai,0.5131177306175232
Sample 27,TimesFM,0.4868822693824768
Sample 28,Chronos,0.5002720355987549
Sample 28,Time-MoE,0.4997279644012451
Sample 29,TimesFM,0.5024733543395996
Sample 29,Chronos,0.4975265860557556
Sample 30,TimesFM,0.50079345703125
Sample 30,Time-MoE,0.49920654296875
Sample 31,Moirai,0.5158330798149109
Sample 31,Time-MoE,0.4841669201850891
Sample 0,Moirai,0.5604256987571716
Sample 0,TimesFM,0.4395742416381836
Sample 1,Moirai,0.5028499960899353
Sample 1,TimesFM,0.4971500337123871
Sample 2,Chronos,0.5001343488693237
Sample 2,Time-MoE,0.49986568093299866
Sample 3,TimesFM,0.5021607875823975
Sample 3,Chronos,0.49783918261528015
Sample 4,Time-MoE,0.5002958178520203
Sample 4,TimesFM,0.49970415234565735
Sample 5,TimesFM,0.5019909143447876
Sample 5,Timer,0.4980090856552124
Sample 6,Chronos,0.5013973712921143
Sample 6,Timer,0.49860262870788574
Sample 7,Moirai,0.5294095277786255
Sample 7,Timer,0.4705904722213745
Sample 8,Moirai,0.5587754845619202
Sample 8,Time-MoE,0.4412245452404022
Sample 9,TimesFM,0.5002667903900146
Sample 9,Moirai,0.4997331500053406
Sample 10,Moirai,0.5049765706062317
Sample 10,Time-MoE,0.4950233995914459
Sample 11,Moirai,0.5076442956924438
Sample 11,Timer,0.4923556447029114
Sample 12,Chronos,0.5028901100158691
Sample 12,TimesFM,0.49710988998413086
Sample 13,Moirai,0.504490077495575
Sample 13,TimesFM,0.49550992250442505
Sample 14,TimesFM,0.5041894912719727
Sample 14,Chronos,0.49581050872802734
Sample 15,Moirai,0.5270393490791321
Sample 15,Timer,0.47296062111854553
Sample 16,Moirai,0.5743502974510193
Sample 16,Timer,0.4256497323513031
Sample 17,Moirai,0.5027807354927063
Sample 17,TimesFM,0.4972192645072937
Sample 18,Time-MoE,0.5021608471870422
Sample 18,TimesFM,0.49783915281295776
Sample 19,TimesFM,0.5006052851676941
Sample 19,Moirai,0.49939465522766113
Sample 20,Moirai,0.5023139119148254
Sample 20,Chronos,0.4976860582828522
Sample 21,Moirai,0.5040165781974792
Sample 21,TimesFM,0.49598339200019836
Sample 22,Chronos,0.5010136961936951
Sample 22,Timer,0.49898630380630493
Sample 23,Time-MoE,0.5004598498344421
Sample 23,Timer,0.49954017996788025
Sample 24,Moirai,0.5456417798995972
Sample 24,Timer,0.45435822010040283
Sample 25,TimesFM,0.5022072196006775
Sample 25,Chronos,0.4977927803993225
Sample 26,Chronos,0.5002226829528809
Sample 26,Time-MoE,0.49977734684944153
Sample 27,TimesFM,0.5043520331382751
Sample 27,Timer,0.49564793705940247
Sample 28,Chronos,0.5000957250595093
Sample 28,Moirai,0.49990421533584595
Sample 29,TimesFM,0.5035185813903809
Sample 29,Chronos,0.4964814782142639
Sample 30,TimesFM,0.5004384517669678
Sample 30,Chronos,0.4995615482330322
Sample 31,Moirai,0.5245485305786133
Sample 31,Time-MoE,0.4754514694213867
Sample 0,Moirai,0.5531164407730103
Sample 0,Time-MoE,0.44688355922698975
Sample 1,Moirai,0.5031440258026123
Sample 1,TimesFM,0.4968560039997101
Sample 2,Moirai,0.5013097524642944
Sample 2,TimesFM,0.4986901879310608
Sample 3,TimesFM,0.5028594732284546
Sample 3,Chronos,0.4971405267715454
Sample 4,Moirai,0.5235362648963928
Sample 4,Time-MoE,0.4764637351036072
Sample 5,Chronos,0.5007747411727905
Sample 5,TimesFM,0.49922528862953186
Sample 6,Timer,0.5001584887504578
Sample 6,Chronos,0.49984151124954224
Sample 7,Moirai,0.5258532762527466
Sample 7,Time-MoE,0.4741467535495758
Sample 8,Moirai,0.5496479868888855
Sample 8,Time-MoE,0.4503520429134369
Sample 9,TimesFM,0.5016626715660095
Sample 9,Timer,0.4983372986316681
Sample 10,Moirai,0.503339946269989
Sample 10,Chronos,0.496660053730011
Sample 11,TimesFM,0.5029670596122742
Sample 11,Chronos,0.49703294038772583
Sample 12,Chronos,0.5002821087837219
Sample 12,Time-MoE,0.49971792101860046
Sample 13,TimesFM,0.5030598640441895
Sample 13,Chronos,0.49694007635116577
Sample 14,TimesFM,0.5002400875091553
Sample 14,Time-MoE,0.49975988268852234
Sample 15,Moirai,0.5147220492362976
Sample 15,Time-MoE,0.48527801036834717
Sample 16,Moirai,0.5324856042861938
Sample 16,TimesFM,0.46751442551612854
Sample 17,TimesFM,0.501801609992981
Sample 17,Chronos,0.4981984496116638
Sample 18,Time-MoE,0.5005755424499512
Sample 18,Chronos,0.49942442774772644
Sample 19,Moirai,0.5267198085784912
Sample 19,TimesFM,0.4732801616191864
Sample 20,Chronos,0.5006605982780457
Sample 20,TimesFM,0.49933940172195435
Sample 21,TimesFM,0.5035203695297241
Sample 21,Chronos,0.49647966027259827
Sample 22,Chronos,0.5031813979148865
Sample 22,TimesFM,0.4968186020851135
Sample 23,Time-MoE,0.5008800625801086
Sample 23,TimesFM,0.49911990761756897
Sample 24,Moirai,0.5462345480918884
Sample 24,Time-MoE,0.4537654221057892
Sample 25,TimesFM,0.5016734600067139
Sample 25,Timer,0.49832653999328613
Sample 26,Moirai,0.5032616257667542
Sample 26,Time-MoE,0.49673837423324585
Sample 27,TimesFM,0.5046656727790833
Sample 27,Timer,0.49533432722091675
Sample 28,Time-MoE,0.5002039670944214
Sample 28,Timer,0.4997960329055786
Sample 29,TimesFM,0.5024696588516235
Sample 29,Chronos,0.49753034114837646
Sample 30,TimesFM,0.5010477304458618
Sample 30,Timer,0.4989522695541382
Sample 31,Moirai,0.508490264415741
Sample 31,Time-MoE,0.49150973558425903
Sample 0,Moirai,0.5603495240211487
Sample 0,Time-MoE,0.4396505355834961
Sample 1,Moirai,0.5057812929153442
Sample 1,TimesFM,0.49421873688697815
Sample 2,Moirai,0.5191488862037659
Sample 2,Chronos,0.48085108399391174
Sample 3,Moirai,0.5024617314338684
Sample 3,TimesFM,0.4975382685661316
Sample 4,Chronos,0.5012468695640564
Sample 4,Timer,0.4987531006336212
Sample 5,Moirai,0.5293138027191162
Sample 5,Chronos,0.4706861972808838
Sample 6,Moirai,0.5121043920516968
Sample 6,TimesFM,0.4878956079483032
Sample 7,Moirai,0.5153765082359314
Sample 7,Timer,0.4846234917640686
Sample 8,Moirai,0.5853105783462524
Sample 8,Chronos,0.41468939185142517
Sample 9,TimesFM,0.5012488961219788
Sample 9,Chronos,0.49875107407569885
Sample 10,TimesFM,0.5002967119216919
Sample 10,Chronos,0.4997032880783081
Sample 11,TimesFM,0.5036388635635376
Sample 11,Timer,0.4963611662387848
Sample 12,Moirai,0.5148013234138489
Sample 12,Chronos,0.4851986765861511
Sample 13,TimesFM,0.5005193948745728
Sample 13,Chronos,0.49948060512542725
Sample 14,TimesFM,0.5012460350990295
Sample 14,Time-MoE,0.49875393509864807
Sample 15,Moirai,0.5258998274803162
Sample 15,Timer,0.47410017251968384
Sample 16,Moirai,0.5798766016960144
Sample 16,Chronos,0.4201233983039856
Sample 17,Chronos,0.5000689625740051
Sample 17,TimesFM,0.49993106722831726
Sample 18,Moirai,0.5146170854568481
Sample 18,Chronos,0.48538297414779663
Sample 19,TimesFM,0.5036216974258423
Sample 19,Timer,0.4963783025741577
Sample 20,Chronos,0.5001469850540161
Sample 20,Timer,0.4998530447483063
Sample 21,TimesFM,0.5016759634017944
Sample 21,Chronos,0.49832403659820557
Sample 22,Moirai,0.5132213830947876
Sample 22,Chronos,0.48677858710289
Sample 23,Moirai,0.5173587799072266
Sample 23,Time-MoE,0.4826412796974182
Sample 24,Moirai,0.5611024498939514
Sample 24,Timer,0.43889760971069336
Sample 25,TimesFM,0.5020490884780884
Sample 25,Timer,0.4979509115219116
Sample 26,Moirai,0.5091782212257385
Sample 26,Chronos,0.49082180857658386
Sample 27,TimesFM,0.5030638575553894
Sample 27,Timer,0.4969361424446106
Sample 28,Moirai,0.5175480246543884
Sample 28,Chronos,0.4824519753456116
Sample 29,TimesFM,0.5027569532394409
Sample 29,Timer,0.4972430467605591
Sample 30,TimesFM,0.5001116991043091
Sample 30,Chronos,0.4998883008956909
Sample 31,Moirai,0.5267428755760193
Sample 31,Time-MoE,0.4732571244239807
Sample 0,Moirai,0.5735025405883789
Sample 0,Chronos,0.4264974296092987
Sample 1,TimesFM,0.501237154006958
Sample 1,Timer,0.498762845993042
Sample 2,Chronos,0.5006738901138306
Sample 2,TimesFM,0.4993261396884918
Sample 3,TimesFM,0.5028906464576721
Sample 3,Timer,0.4971093535423279
Sample 4,Moirai,0.5049207806587219
Sample 4,Chronos,0.49507924914360046
Sample 5,TimesFM,0.501370370388031
Sample 5,Timer,0.498629629611969
Sample 6,Moirai,0.5015329122543335
Sample 6,Timer,0.4984670877456665
Sample 7,Moirai,0.5282303094863892
Sample 7,Timer,0.4717697203159332
Sample 8,Moirai,0.5701299905776978
Sample 8,Time-MoE,0.42986994981765747
Sample 9,TimesFM,0.5012412071228027
Sample 9,Timer,0.49875879287719727
Sample 10,Moirai,0.5090942978858948
Sample 10,Time-MoE,0.4909057021141052
Sample 11,Moirai,0.5277549028396606
Sample 11,TimesFM,0.47224506735801697
Sample 12,Chronos,0.5025128722190857
Sample 12,Moirai,0.4974870979785919
Sample 13,Moirai,0.5012703537940979
Sample 13,TimesFM,0.4987296462059021
Sample 14,Chronos,0.5003753900527954
Sample 14,TimesFM,0.4996246099472046
Sample 15,Time-MoE,0.5008553266525269
Sample 15,Timer,0.49914467334747314
Sample 16,Moirai,0.552125096321106
Sample 16,TimesFM,0.44787493348121643
Sample 17,TimesFM,0.5014330744743347
Sample 17,Chronos,0.49856695532798767
Sample 18,Moirai,0.5073131918907166
Sample 18,Chronos,0.49268680810928345
Sample 19,TimesFM,0.5037721395492554
Sample 19,Timer,0.49622783064842224
Sample 20,Chronos,0.5005440711975098
Sample 20,Time-MoE,0.4994559586048126
Sample 21,TimesFM,0.5033169388771057
Sample 21,Timer,0.4966830909252167
Sample 22,TimesFM,0.5002926588058472
Sample 22,Chronos,0.49970731139183044
Sample 23,Moirai,0.5062610507011414
Sample 23,Time-MoE,0.49373891949653625
Sample 24,Moirai,0.5851643085479736
Sample 24,Chronos,0.414835661649704
Sample 25,TimesFM,0.5009397864341736
Sample 25,Chronos,0.4990602433681488
Sample 26,Moirai,0.5077903270721436
Sample 26,Time-MoE,0.49220967292785645
Sample 27,TimesFM,0.5033493041992188
Sample 27,Timer,0.49665069580078125
Sample 28,Moirai,0.5193590521812439
Sample 28,Chronos,0.4806410074234009
Sample 29,Time-MoE,0.5008592009544373
Sample 29,Timer,0.4991408586502075
Sample 30,Chronos,0.500329852104187
Sample 30,Timer,0.4996701776981354
Sample 31,Moirai,0.535902738571167
Sample 31,Time-MoE,0.4640972912311554
Sample 0,Moirai,0.575686514377594
Sample 0,Time-MoE,0.424313485622406
Sample 1,TimesFM,0.5010760426521301
Sample 1,Timer,0.4989239573478699
Sample 2,Timer,0.5000231266021729
Sample 2,Time-MoE,0.49997684359550476
Sample 3,TimesFM,0.5025479197502136
Sample 3,Timer,0.4974520802497864
Sample 4,Moirai,0.5041886568069458
Sample 4,Chronos,0.4958113133907318
Sample 5,TimesFM,0.5012381076812744
Sample 5,Chronos,0.4987618923187256
Sample 6,Moirai,0.504235565662384
Sample 6,Chronos,0.49576446413993835
Sample 7,Moirai,0.5178741216659546
Sample 7,Time-MoE,0.482125848531723
Sample 8,Moirai,0.57126784324646
Sample 8,Time-MoE,0.42873215675354004
Sample 9,Moirai,0.5007067918777466
Sample 9,TimesFM,0.4992932081222534
Sample 10,Moirai,0.5119460821151733
Sample 10,Chronos,0.4880538880825043
Sample 11,Moirai,0.5040015578269958
Sample 11,TimesFM,0.49599841237068176
Sample 12,Time-MoE,0.5001178979873657
Sample 12,TimesFM,0.4998821020126343
Sample 13,TimesFM,0.5022454857826233
Sample 13,Timer,0.4977545142173767
Sample 14,Chronos,0.5012392401695251
Sample 14,TimesFM,0.49876073002815247
Sample 15,Moirai,0.518823504447937
Sample 15,Chronos,0.481176495552063
Sample 16,Moirai,0.5674673914909363
Sample 16,Time-MoE,0.43253257870674133
Sample 17,Moirai,0.5031632781028748
Sample 17,TimesFM,0.49683678150177
Sample 18,Moirai,0.5264748930931091
Sample 18,Chronos,0.47352510690689087
Sample 19,TimesFM,0.501907467842102
Sample 19,Chronos,0.49809253215789795
Sample 20,TimesFM,0.5012180805206299
Sample 20,Timer,0.4987819194793701
Sample 21,TimesFM,0.5015806555747986
Sample 21,Moirai,0.4984194040298462
Sample 22,Chronos,0.5012341737747192
Sample 22,Time-MoE,0.4987657964229584
Sample 23,Moirai,0.5248833894729614
Sample 23,Time-MoE,0.4751165509223938
Sample 24,Moirai,0.5657904744148254
Sample 24,Time-MoE,0.4342094957828522
Sample 25,TimesFM,0.5018373727798462
Sample 25,Timer,0.4981626272201538
Sample 26,Moirai,0.506882905960083
Sample 26,Time-MoE,0.4931171238422394
Sample 27,TimesFM,0.5017322897911072
Sample 27,Chronos,0.4982677102088928
Sample 28,Time-MoE,0.5004899501800537
Sample 28,TimesFM,0.4995100200176239
Sample 29,TimesFM,0.5024164319038391
Sample 29,Timer,0.4975835978984833
Sample 30,Moirai,0.5075035691261292
Sample 30,Chronos,0.49249643087387085
Sample 31,Time-MoE,0.5007358193397522
Sample 31,Timer,0.4992641806602478
Sample 0,Moirai,0.535954475402832
Sample 0,TimesFM,0.46404552459716797
Sample 1,TimesFM,0.5014357566833496
Sample 1,Chronos,0.498564213514328
Sample 2,Moirai,0.5022878646850586
Sample 2,Chronos,0.497712105512619
Sample 3,TimesFM,0.5022643804550171
Sample 3,Timer,0.4977356195449829
Sample 4,Chronos,0.5002447366714478
Sample 4,TimesFM,0.49975529313087463
Sample 5,TimesFM,0.5016500353813171
Sample 5,Moirai,0.49834999442100525
Sample 6,TimesFM,0.5008929371833801
Sample 6,Chronos,0.4991070628166199
Sample 7,Moirai,0.5131574869155884
Sample 7,Time-MoE,0.48684248328208923
Sample 8,Moirai,0.588344931602478
Sample 8,Time-MoE,0.4116550385951996
Sample 9,TimesFM,0.5009729266166687
Sample 9,Timer,0.4990271031856537
Sample 10,Time-MoE,0.5008739233016968
Sample 10,Timer,0.499126136302948
Sample 11,TimesFM,0.502647340297699
Sample 11,Timer,0.49735262989997864
Sample 12,Moirai,0.5002186894416809
Sample 12,Chronos,0.49978137016296387
Sample 13,TimesFM,0.5012091994285583
Sample 13,Moirai,0.49879083037376404
Sample 14,TimesFM,0.5001741051673889
Sample 14,Time-MoE,0.49982592463493347
Sample 15,Moirai,0.5247520208358765
Sample 15,Time-MoE,0.47524794936180115
Sample 0,Moirai,0.5893710255622864
Sample 0,Time-MoE,0.4106289744377136
Sample 1,TimesFM,0.5007985234260559
Sample 1,Timer,0.4992014169692993
Sample 2,Chronos,0.5003864169120789
Sample 2,Timer,0.49961361289024353
Sample 3,TimesFM,0.5027777552604675
Sample 3,Timer,0.49722224473953247
Sample 4,Chronos,0.5006818175315857
Sample 4,Moirai,0.4993181824684143
Sample 5,TimesFM,0.5003595352172852
Sample 5,Chronos,0.49964040517807007
Sample 6,TimesFM,0.5000306963920593
Sample 6,Timer,0.49996933341026306
Sample 7,Moirai,0.529129683971405
Sample 7,Time-MoE,0.47087034583091736
Sample 8,Moirai,0.5837270617485046
Sample 8,Time-MoE,0.41627293825149536
Sample 9,TimesFM,0.5009210705757141
Sample 9,Timer,0.4990788698196411
Sample 10,Time-MoE,0.5005103945732117
Sample 10,Moirai,0.4994896352291107
Sample 11,TimesFM,0.5029647350311279
Sample 11,Timer,0.49703529477119446
Sample 12,Moirai,0.5195411443710327
Sample 12,Chronos,0.4804588556289673
Sample 13,TimesFM,0.5020232200622559
Sample 13,Timer,0.49797675013542175
Sample 14,Time-MoE,0.5005742311477661
Sample 14,Chronos,0.4994257986545563
Sample 15,Moirai,0.5289895534515381
Sample 15,Time-MoE,0.4710104465484619
Sample 16,Moirai,0.5601761341094971
Sample 16,Time-MoE,0.43982386589050293
Sample 17,Moirai,0.5013136267662048
Sample 17,TimesFM,0.49868643283843994
Sample 18,Moirai,0.5067563056945801
Sample 18,Chronos,0.4932436943054199
Sample 19,TimesFM,0.5019729137420654
Sample 19,Timer,0.49802708625793457
Sample 20,Moirai,0.5211965441703796
Sample 20,Time-MoE,0.47880345582962036
Sample 21,TimesFM,0.5029870271682739
Sample 21,Timer,0.4970129728317261
Sample 22,TimesFM,0.5008096098899841
Sample 22,Chronos,0.4991903603076935
Sample 23,Timer,0.5005559921264648
Sample 23,Time-MoE,0.4994439482688904
Sample 24,Moirai,0.5657598972320557
Sample 24,Chronos,0.43424010276794434
Sample 25,TimesFM,0.50101238489151
Sample 25,Timer,0.49898761510849
Sample 26,Moirai,0.5284410715103149
Sample 26,Timer,0.47155895829200745
Sample 27,Moirai,0.5142505168914795
Sample 27,TimesFM,0.4857494831085205
Sample 28,Chronos,0.5008872747421265
Sample 28,Time-MoE,0.49911272525787354
Sample 29,TimesFM,0.5020879507064819
Sample 29,Chronos,0.49791207909584045
Sample 30,TimesFM,0.5002906322479248
Sample 30,Time-MoE,0.4997093379497528
Sample 31,Moirai,0.5170900821685791
Sample 31,Time-MoE,0.4829098582267761
Sample 0,Moirai,0.5644708275794983
Sample 0,TimesFM,0.4355292022228241
Sample 1,Moirai,0.5035393834114075
Sample 1,TimesFM,0.49646061658859253
Sample 2,Chronos,0.5002949237823486
Sample 2,Time-MoE,0.49970507621765137
Sample 3,TimesFM,0.5019099712371826
Sample 3,Chronos,0.498089998960495
Sample 4,Time-MoE,0.5001738667488098
Sample 4,TimesFM,0.4998261034488678
Sample 5,TimesFM,0.5013821125030518
Sample 5,Timer,0.49861785769462585
Sample 6,Chronos,0.5013313293457031
Sample 6,Timer,0.4986686110496521
Sample 7,Moirai,0.5315307974815369
Sample 7,Timer,0.46846920251846313
Sample 8,Moirai,0.5623183846473694
Sample 8,Time-MoE,0.4376815855503082
Sample 9,Moirai,0.5002254247665405
Sample 9,TimesFM,0.4997745752334595
Sample 10,Moirai,0.5047793388366699
Sample 10,Time-MoE,0.49522069096565247
Sample 11,Moirai,0.5080559253692627
Sample 11,Timer,0.4919440448284149
Sample 12,Chronos,0.5033468008041382
Sample 12,Timer,0.4966531991958618
Sample 13,Moirai,0.5052748918533325
Sample 13,TimesFM,0.49472513794898987
Sample 14,TimesFM,0.5037879943847656
Sample 14,Chronos,0.496211975812912
Sample 15,Moirai,0.528900146484375
Sample 15,Timer,0.4710998833179474
Sample 16,Moirai,0.5792065262794495
Sample 16,Time-MoE,0.42079347372055054
Sample 17,Moirai,0.503471851348877
Sample 17,TimesFM,0.49652817845344543
Sample 18,Time-MoE,0.5022512078285217
Sample 18,Chronos,0.49774879217147827
Sample 19,TimesFM,0.5001429915428162
Sample 19,Moirai,0.49985700845718384
Sample 20,Moirai,0.5024909973144531
Sample 20,Chronos,0.4975089728832245
Sample 21,Moirai,0.5047773718833923
Sample 21,TimesFM,0.49522265791893005
Sample 22,Chronos,0.5009540319442749
Sample 22,Timer,0.4990459382534027
Sample 23,Time-MoE,0.5003561973571777
Sample 23,Timer,0.4996437430381775
Sample 24,Moirai,0.5483217239379883
Sample 24,Time-MoE,0.4516782760620117
Sample 25,TimesFM,0.5015600919723511
Sample 25,Timer,0.4984399080276489
Sample 26,Chronos,0.5000244975090027
Sample 26,Time-MoE,0.4999754726886749
Sample 27,TimesFM,0.5040516257286072
Sample 27,Timer,0.4959483742713928
Sample 28,Chronos,0.5001389384269714
Sample 28,Moirai,0.49986106157302856
Sample 29,TimesFM,0.5032683610916138
Sample 29,Timer,0.49673160910606384
Sample 30,Chronos,0.5001097917556763
Sample 30,Timer,0.49989020824432373
Sample 31,Moirai,0.5264080166816711
Sample 31,Time-MoE,0.47359195351600647
Sample 0,Moirai,0.5567037463188171
Sample 0,Time-MoE,0.44329625368118286
Sample 1,Moirai,0.5037844181060791
Sample 1,TimesFM,0.4962156116962433
Sample 2,Moirai,0.5014062523841858
Sample 2,TimesFM,0.4985937774181366
Sample 3,TimesFM,0.5025667548179626
Sample 3,Chronos,0.49743327498435974
Sample 4,Moirai,0.5252051949501038
Sample 4,Time-MoE,0.47479477524757385
Sample 5,Chronos,0.5013222098350525
Sample 5,Timer,0.4986778497695923
Sample 6,Timer,0.5001022815704346
Sample 6,Chronos,0.49989768862724304
Sample 7,Moirai,0.5277086496353149
Sample 7,Time-MoE,0.4722912907600403
Sample 8,Moirai,0.5531188249588013
Sample 8,Time-MoE,0.44688117504119873
Sample 9,TimesFM,0.5011245012283325
Sample 9,Timer,0.4988754391670227
Sample 10,Moirai,0.5035446286201477
Sample 10,Chronos,0.4964553713798523
Sample 11,TimesFM,0.5027270317077637
Sample 11,Chronos,0.4972729980945587
Sample 12,Chronos,0.5005897879600525
Sample 12,Timer,0.4994102120399475
Sample 13,TimesFM,0.5027233958244324
Sample 13,Timer,0.4972766637802124
Sample 14,Time-MoE,0.5004372000694275
Sample 14,TimesFM,0.4995627701282501
Sample 15,Moirai,0.5160256624221802
Sample 15,Time-MoE,0.48397430777549744
Sample 16,Moirai,0.5349172353744507
Sample 16,TimesFM,0.4650827944278717
Sample 17,TimesFM,0.5013251304626465
Sample 17,Chronos,0.4986748993396759
Sample 18,Time-MoE,0.5003746747970581
Sample 18,Chronos,0.4996253252029419
Sample 19,Moirai,0.5286352038383484
Sample 19,TimesFM,0.4713647663593292
Sample 20,Chronos,0.5006107687950134
Sample 20,TimesFM,0.4993892312049866
Sample 21,TimesFM,0.5033748149871826
Sample 21,Chronos,0.4966251850128174
Sample 22,Chronos,0.5032849311828613
Sample 22,Timer,0.49671506881713867
Sample 23,Time-MoE,0.5007990598678589
Sample 23,TimesFM,0.4992009401321411
Sample 24,Moirai,0.5495342016220093
Sample 24,Time-MoE,0.45046573877334595
Sample 25,TimesFM,0.5011016726493835
Sample 25,Timer,0.49889835715293884
Sample 26,Moirai,0.5033671855926514
Sample 26,Time-MoE,0.496632844209671
Sample 27,TimesFM,0.5047305226325989
Sample 27,Timer,0.49526944756507874
Sample 28,Chronos,0.5000249743461609
Sample 28,Time-MoE,0.4999750554561615
Sample 29,TimesFM,0.5021805763244629
Sample 29,Chronos,0.4978193938732147
Sample 30,TimesFM,0.5004904866218567
Sample 30,Timer,0.4995095431804657
Sample 31,Moirai,0.5093525648117065
Sample 31,Time-MoE,0.49064743518829346
Sample 0,Moirai,0.5641244053840637
Sample 0,Timer,0.4358755648136139
Sample 1,Moirai,0.5064684152603149
Sample 1,TimesFM,0.49353161454200745
Sample 2,Moirai,0.5204032063484192
Sample 2,Chronos,0.4795967936515808
Sample 3,Moirai,0.5029342770576477
Sample 3,TimesFM,0.4970657527446747
Sample 4,Chronos,0.5013349056243896
Sample 4,Timer,0.49866509437561035
Sample 5,Moirai,0.5313761830329895
Sample 5,Chronos,0.4686238467693329
Sample 6,Moirai,0.5127934813499451
Sample 6,Timer,0.4872065484523773
Sample 7,Moirai,0.5163293480873108
Sample 7,Timer,0.48367059230804443
Sample 8,Moirai,0.5905287861824036
Sample 8,Timer,0.40947121381759644
Sample 9,TimesFM,0.5008670687675476
Sample 9,Timer,0.4991329312324524
Sample 10,TimesFM,0.500077486038208
Sample 10,Chronos,0.4999225437641144
Sample 11,TimesFM,0.50350421667099
Sample 11,Timer,0.4964957535266876
Sample 12,Moirai,0.5157825946807861
Sample 12,Chronos,0.4842173457145691
Sample 13,TimesFM,0.5000349879264832
Sample 13,Chronos,0.49996504187583923
Sample 14,TimesFM,0.500657856464386
Sample 14,Time-MoE,0.499342143535614
Sample 15,Moirai,0.5275754928588867
Sample 15,Timer,0.4724244773387909
Sample 16,Moirai,0.5851756930351257
Sample 16,Timer,0.41482433676719666
Sample 17,Chronos,0.5006073117256165
Sample 17,TimesFM,0.49939265847206116
Sample 18,Moirai,0.5155996680259705
Sample 18,Chronos,0.48440027236938477
Sample 19,TimesFM,0.5036829113960266
Sample 19,Timer,0.496317058801651
Sample 20,Chronos,0.5003343820571899
Sample 20,Timer,0.49966561794281006
Sample 21,TimesFM,0.5011996030807495
Sample 21,Chronos,0.4988003671169281
Sample 22,Moirai,0.5140488147735596
Sample 22,Chronos,0.4859512448310852
Sample 23,Moirai,0.5187790989875793
Sample 23,Time-MoE,0.48122087121009827
Sample 24,Moirai,0.5649221539497375
Sample 24,Timer,0.43507781624794006
Sample 25,TimesFM,0.5017328262329102
Sample 25,Timer,0.49826717376708984
Sample 26,Moirai,0.5096893906593323
Sample 26,Chronos,0.49031057953834534
Sample 27,TimesFM,0.5028794407844543
Sample 27,Timer,0.49712055921554565
Sample 28,Moirai,0.5186959505081177
Sample 28,Chronos,0.4813040792942047
Sample 29,TimesFM,0.5024608373641968
Sample 29,Time-MoE,0.49753913283348083
Sample 30,Chronos,0.5001504421234131
Sample 30,Timer,0.4998495280742645
Sample 31,Moirai,0.5286626219749451
Sample 31,Timer,0.47133734822273254
Sample 0,Moirai,0.5779317021369934
Sample 0,Timer,0.4220682680606842
Sample 1,TimesFM,0.5010311603546143
Sample 1,Timer,0.49896883964538574
Sample 2,Chronos,0.5009134411811829
Sample 2,Time-MoE,0.49908652901649475
Sample 3,TimesFM,0.502825915813446
Sample 3,Timer,0.49717408418655396
Sample 4,Moirai,0.5051023364067078
Sample 4,Chronos,0.49489766359329224
Sample 5,TimesFM,0.5010509490966797
Sample 5,Time-MoE,0.4989490211009979
Sample 6,Moirai,0.5015148520469666
Sample 6,Time-MoE,0.49848511815071106
Sample 7,Moirai,0.5299398899078369
Sample 7,Timer,0.4700601100921631
Sample 8,Moirai,0.5746766328811646
Sample 8,Time-MoE,0.4253233075141907
Sample 9,TimesFM,0.5010460019111633
Sample 9,Timer,0.49895399808883667
Sample 10,Moirai,0.5096626281738281
Sample 10,Time-MoE,0.4903373718261719
Sample 11,Moirai,0.5294413566589355
Sample 11,TimesFM,0.47055864334106445
Sample 12,Chronos,0.5029426217079163
Sample 12,Moirai,0.49705737829208374
Sample 13,Moirai,0.5015302896499634
Sample 13,TimesFM,0.49846968054771423
Sample 14,Chronos,0.5008752346038818
Sample 14,TimesFM,0.49912482500076294
Sample 15,Time-MoE,0.5011566281318665
Sample 15,Timer,0.49884337186813354
Sample 16,Moirai,0.5553762912750244
Sample 16,TimesFM,0.4446237087249756
Sample 17,TimesFM,0.5010863542556763
Sample 17,Chronos,0.49891364574432373
Sample 18,Moirai,0.5076711177825928
Sample 18,Chronos,0.4923288822174072
Sample 19,TimesFM,0.5034704208374023
Sample 19,Time-MoE,0.49652957916259766
Sample 20,Chronos,0.5009189248085022
Sample 20,Time-MoE,0.4990810453891754
Sample 21,TimesFM,0.5032537579536438
Sample 21,Timer,0.4967462718486786
Sample 22,Chronos,0.5000372529029846
Sample 22,TimesFM,0.49996277689933777
Sample 23,Moirai,0.5069646239280701
Sample 23,Time-MoE,0.4930354058742523
Sample 24,Moirai,0.5905369520187378
Sample 24,Timer,0.4094630181789398
Sample 25,TimesFM,0.5007652640342712
Sample 25,Chronos,0.49923479557037354
Sample 26,Moirai,0.5082668662071228
Sample 26,Time-MoE,0.4917331039905548
Sample 27,TimesFM,0.5033051371574402
Sample 27,Timer,0.4966948926448822
Sample 28,Moirai,0.5206126570701599
Sample 28,Chronos,0.4793873429298401
Sample 29,Time-MoE,0.5010362267494202
Sample 29,Timer,0.49896374344825745
Sample 30,Chronos,0.5002114176750183
Sample 30,Time-MoE,0.4997885823249817
Sample 31,Moirai,0.5381674766540527
Sample 31,Timer,0.46183252334594727
Sample 0,Moirai,0.580424427986145
Sample 0,Timer,0.419575572013855
Sample 1,TimesFM,0.5010350346565247
Sample 1,Chronos,0.49896496534347534
Sample 2,Time-MoE,0.5001760125160217
Sample 2,Timer,0.49982401728630066
Sample 3,TimesFM,0.5026348829269409
Sample 3,Timer,0.4973651170730591
Sample 4,Moirai,0.5044079422950745
Sample 4,Chronos,0.49559199810028076
Sample 5,TimesFM,0.5010747909545898
Sample 5,Chronos,0.49892523884773254
Sample 6,Moirai,0.5043374300003052
Sample 6,Chronos,0.49566254019737244
Sample 7,Moirai,0.5192046165466309
Sample 7,Timer,0.48079538345336914
Sample 8,Moirai,0.5754206776618958
Sample 8,Timer,0.42457929253578186
Sample 9,Moirai,0.500835657119751
Sample 9,TimesFM,0.49916431307792664
Sample 10,Moirai,0.5125595331192017
Sample 10,Chronos,0.4874404966831207
Sample 11,Moirai,0.504339337348938
Sample 11,TimesFM,0.495660662651062
Sample 12,Time-MoE,0.5002430081367493
Sample 12,TimesFM,0.49975699186325073
Sample 13,TimesFM,0.5020917057991028
Sample 13,Chronos,0.49790826439857483
Sample 14,Chronos,0.5014333128929138
Sample 14,Time-MoE,0.49856674671173096
Sample 15,Moirai,0.5200091600418091
Sample 15,Chronos,0.47999081015586853
Sample 16,Moirai,0.5715931057929993
Sample 16,Timer,0.4284069240093231
Sample 17,Moirai,0.5034437775611877
Sample 17,TimesFM,0.49655622243881226
Sample 18,Moirai,0.528052031993866
Sample 18,Chronos,0.47194796800613403
Sample 19,TimesFM,0.5018736124038696
Sample 19,Chronos,0.49812638759613037
Sample 20,TimesFM,0.5008032321929932
Sample 20,Time-MoE,0.49919676780700684
Sample 21,TimesFM,0.5015971064567566
Sample 21,Moirai,0.498402863740921
Sample 22,Chronos,0.5011212825775146
Sample 22,Time-MoE,0.49887874722480774
Sample 23,Moirai,0.5263805389404297
Sample 23,Timer,0.4736194610595703
Sample 24,Moirai,0.5697125196456909
Sample 24,TimesFM,0.4302874803543091
Sample 25,TimesFM,0.501878023147583
Sample 25,Timer,0.498121976852417
Sample 26,Moirai,0.5072845816612244
Sample 26,Time-MoE,0.49271541833877563
Sample 27,TimesFM,0.5016220211982727
Sample 27,Chronos,0.4983779489994049
Sample 28,Time-MoE,0.5005825161933899
Sample 28,TimesFM,0.4994174838066101
Sample 29,TimesFM,0.5022473335266113
Sample 29,Chronos,0.49775269627571106
Sample 30,Moirai,0.5077455639839172
Sample 30,Chronos,0.49225443601608276
Sample 31,Time-MoE,0.5009771585464478
Sample 31,Timer,0.49902287125587463
Sample 0,Moirai,0.5380262136459351
Sample 0,TimesFM,0.46197381615638733
Sample 1,TimesFM,0.5013352632522583
Sample 1,Chronos,0.4986647367477417
Sample 2,Moirai,0.5021567344665527
Sample 2,Chronos,0.4978432059288025
Sample 3,TimesFM,0.502360999584198
Sample 3,Timer,0.4976390302181244
Sample 4,Chronos,0.5005238056182861
Sample 4,TimesFM,0.49947622418403625
Sample 5,TimesFM,0.5017428994178772
Sample 5,Moirai,0.4982571303844452
Sample 6,TimesFM,0.5007308125495911
Sample 6,Chronos,0.49926915764808655
Sample 7,Moirai,0.5142339468002319
Sample 7,Time-MoE,0.4857660233974457
Sample 8,Moirai,0.5938721299171448
Sample 8,Timer,0.4061278998851776
Sample 9,TimesFM,0.5010446906089783
Sample 9,Timer,0.49895530939102173
Sample 10,Time-MoE,0.5010873675346375
Sample 10,Timer,0.49891266226768494
Sample 11,TimesFM,0.5027779340744019
Sample 11,Timer,0.49722209572792053
Sample 12,Chronos,0.5001856088638306
Sample 12,Moirai,0.49981436133384705
Sample 13,TimesFM,0.5012997984886169
Sample 13,Moirai,0.49870020151138306
Sample 14,Time-MoE,0.5002453327178955
Sample 14,TimesFM,0.4997546970844269
Sample 15,Moirai,0.5266571044921875
Sample 15,Time-MoE,0.4733428955078125
Sample 0,Moirai,0.5948165059089661
Sample 0,Time-MoE,0.4051835238933563
Sample 1,TimesFM,0.5008213520050049
Sample 1,Chronos,0.4991786479949951
Sample 2,Chronos,0.5003103613853455
Sample 2,Timer,0.49968963861465454
Sample 3,TimesFM,0.5029654502868652
Sample 3,Timer,0.49703454971313477
Sample 4,Chronos,0.5010097622871399
Sample 4,Moirai,0.4989902675151825
Sample 5,TimesFM,0.5002881288528442
Sample 5,Chronos,0.49971190094947815
Sample 6,TimesFM,0.5000137686729431
Sample 6,Timer,0.4999862611293793
Sample 7,Moirai,0.5311633944511414
Sample 7,Chronos,0.46883657574653625
Sample 8,Moirai,0.588688850402832
Sample 8,Time-MoE,0.4113110899925232
Sample 9,TimesFM,0.5010213851928711
Sample 9,Timer,0.4989786148071289
Sample 10,Time-MoE,0.5007867813110352
Sample 10,Moirai,0.4992132782936096
Sample 11,TimesFM,0.5031463503837585
Sample 11,Timer,0.49685367941856384
Sample 12,Moirai,0.520446240901947
Sample 12,Chronos,0.4795536994934082
Sample 13,TimesFM,0.5021517872810364
Sample 13,Timer,0.4978482723236084
Sample 14,Time-MoE,0.5009750723838806
Sample 14,Chronos,0.4990249574184418
Sample 15,Moirai,0.5308325886726379
Sample 15,Chronos,0.46916741132736206
Sample 16,Moirai,0.5639099478721619
Sample 16,Time-MoE,0.43609005212783813
Sample 17,Moirai,0.5013299584388733
Sample 17,TimesFM,0.4986700713634491
Sample 18,Moirai,0.5068469643592834
Sample 18,Chronos,0.49315306544303894
Sample 19,TimesFM,0.5021281838417053
Sample 19,Timer,0.4978718161582947
Sample 20,Moirai,0.5223280787467957
Sample 20,Time-MoE,0.47767195105552673
Sample 21,TimesFM,0.5031479597091675
Sample 21,Timer,0.49685198068618774
Sample 22,TimesFM,0.5007550120353699
Sample 22,Chronos,0.4992449879646301
Sample 23,Timer,0.5006024241447449
Sample 23,Time-MoE,0.4993976056575775
Sample 24,Moirai,0.5694289803504944
Sample 24,Chronos,0.4305710196495056
Sample 25,TimesFM,0.5010977387428284
Sample 25,Timer,0.49890220165252686
Sample 26,Moirai,0.5303717851638794
Sample 26,Timer,0.4696282744407654
Sample 27,Moirai,0.5149628520011902
Sample 27,TimesFM,0.4850371479988098
Sample 28,Chronos,0.501149594783783
Sample 28,Time-MoE,0.49885043501853943
Sample 29,TimesFM,0.5021593570709229
Sample 29,Chronos,0.49784061312675476
Sample 30,Time-MoE,0.5000054836273193
Sample 30,TimesFM,0.49999451637268066
Sample 31,Moirai,0.5183926224708557
Sample 31,Time-MoE,0.4816073477268219
Sample 0,Moirai,0.5681421160697937
Sample 0,TimesFM,0.4318578839302063
Sample 1,Moirai,0.5035845637321472
Sample 1,TimesFM,0.49641546607017517
Sample 2,Chronos,0.5002409219741821
Sample 2,Time-MoE,0.4997590482234955
Sample 3,TimesFM,0.5020111203193665
Sample 3,Chronos,0.49798890948295593
Sample 4,Time-MoE,0.5002022385597229
Sample 4,TimesFM,0.4997977614402771
Sample 5,TimesFM,0.5015457272529602
Sample 5,Timer,0.4984542429447174
Sample 6,Chronos,0.501587450504303
Sample 6,Timer,0.498412549495697
Sample 7,Moirai,0.5333712697029114
Sample 7,Chronos,0.4666287302970886
Sample 8,Moirai,0.5656270980834961
Sample 8,Time-MoE,0.4343729019165039
Sample 9,Moirai,0.5001160502433777
Sample 9,TimesFM,0.4998839497566223
Sample 10,Moirai,0.5045483112335205
Sample 10,Time-MoE,0.4954516589641571
Sample 11,Moirai,0.5085744857788086
Sample 11,Time-MoE,0.4914255142211914
Sample 12,Chronos,0.5036991834640503
Sample 12,Timer,0.4963008165359497
Sample 13,Moirai,0.5054797530174255
Sample 13,TimesFM,0.49452024698257446
Sample 14,TimesFM,0.5039494037628174
Sample 14,Time-MoE,0.49605053663253784
Sample 15,Moirai,0.5307575464248657
Sample 15,Time-MoE,0.4692424237728119
Sample 16,Moirai,0.5837269425392151
Sample 16,Time-MoE,0.4162730574607849
Sample 17,Moirai,0.5035412311553955
Sample 17,TimesFM,0.4964587986469269
Sample 18,Time-MoE,0.5025427937507629
Sample 18,Timer,0.49745723605155945
Sample 19,TimesFM,0.5002566576004028
Sample 19,Moirai,0.4997433125972748
Sample 20,Moirai,0.502407968044281
Sample 20,Chronos,0.4975920617580414
Sample 21,Moirai,0.5049170851707458
Sample 21,TimesFM,0.4950828552246094
Sample 22,Chronos,0.5011154413223267
Sample 22,Time-MoE,0.49888455867767334
Sample 23,Time-MoE,0.5000929832458496
Sample 23,Timer,0.4999069571495056
Sample 24,Moirai,0.5507627725601196
Sample 24,Time-MoE,0.44923725724220276
Sample 25,TimesFM,0.5016485452651978
Sample 25,Timer,0.49835142493247986
Sample 26,Time-MoE,0.5003616809844971
Sample 26,Chronos,0.49963831901550293
Sample 27,TimesFM,0.5042117834091187
Sample 27,Timer,0.49578821659088135
Sample 28,Chronos,0.5001570582389832
Sample 28,Moirai,0.49984294176101685
Sample 29,TimesFM,0.5035097002983093
Sample 29,Timer,0.4964902997016907
Sample 30,Timer,0.5000642538070679
Sample 30,Chronos,0.49993571639060974
Sample 31,Moirai,0.5282843112945557
Sample 31,Time-MoE,0.47171568870544434
Sample 0,Moirai,0.5599261522293091
Sample 0,Time-MoE,0.4400738477706909
Sample 1,Moirai,0.5038213133811951
Sample 1,TimesFM,0.49617865681648254
Sample 2,Moirai,0.5012830495834351
Sample 2,TimesFM,0.49871698021888733
Sample 3,TimesFM,0.5027293562889099
Sample 3,Timer,0.4972706437110901
Sample 4,Moirai,0.5267141461372375
Sample 4,Time-MoE,0.47328585386276245
Sample 5,Chronos,0.5012008547782898
Sample 5,Timer,0.4987991452217102
Sample 6,Timer,0.500336229801178
Sample 6,Chronos,0.49966374039649963
Sample 7,Moirai,0.5294074416160583
Sample 7,Time-MoE,0.47059258818626404
Sample 8,Moirai,0.5562651753425598
Sample 8,Time-MoE,0.4437348544597626
Sample 9,TimesFM,0.5012749433517456
Sample 9,Timer,0.4987250566482544
Sample 10,Moirai,0.5034964084625244
Sample 10,Chronos,0.4965035915374756
Sample 11,TimesFM,0.5029302835464478
Sample 11,Chronos,0.49706971645355225
Sample 12,Chronos,0.5006380677223206
Sample 12,Timer,0.49936193227767944
Sample 13,TimesFM,0.5028316378593445
Sample 13,Timer,0.4971684217453003
Sample 14,Time-MoE,0.5005866289138794
Sample 14,TimesFM,0.499413400888443
Sample 15,Moirai,0.5173102021217346
Sample 15,Time-MoE,0.4826897978782654
Sample 16,Moirai,0.5367074012756348
Sample 16,TimesFM,0.46329259872436523
Sample 17,TimesFM,0.5014891028404236
Sample 17,Chronos,0.4985109269618988
Sample 18,Time-MoE,0.5004867315292358
Sample 18,Chronos,0.49951326847076416
Sample 19,Moirai,0.53006911277771
Sample 19,TimesFM,0.46993085741996765
Sample 20,Chronos,0.5007666349411011
Sample 20,TimesFM,0.4992333650588989
Sample 21,TimesFM,0.5035582780838013
Sample 21,Chronos,0.49644169211387634
Sample 22,Chronos,0.5035781860351562
Sample 22,Time-MoE,0.49642181396484375
Sample 23,Time-MoE,0.5007774829864502
Sample 23,TimesFM,0.4992225170135498
Sample 24,Moirai,0.5524492263793945
Sample 24,Chronos,0.44755077362060547
Sample 25,TimesFM,0.5012863278388977
Sample 25,Timer,0.4987136423587799
Sample 26,Moirai,0.5033754706382751
Sample 26,Time-MoE,0.49662449955940247
Sample 27,TimesFM,0.5047675967216492
Sample 27,Timer,0.49523240327835083
Sample 28,Chronos,0.500129222869873
Sample 28,Timer,0.49987080693244934
Sample 29,TimesFM,0.502338171005249
Sample 29,Chronos,0.49766185879707336
Sample 30,TimesFM,0.5004587173461914
Sample 30,Time-MoE,0.499541312456131
Sample 31,Moirai,0.510222315788269
Sample 31,Time-MoE,0.48977771401405334
Sample 0,Moirai,0.5675369501113892
Sample 0,Chronos,0.43246302008628845
Sample 1,Moirai,0.5066311955451965
Sample 1,TimesFM,0.49336880445480347
Sample 2,Moirai,0.5211839079856873
Sample 2,Chronos,0.47881606221199036
Sample 3,Moirai,0.5029180645942688
Sample 3,TimesFM,0.4970819056034088
Sample 4,Chronos,0.5015267729759216
Sample 4,Timer,0.49847325682640076
Sample 5,Moirai,0.5328288674354553
Sample 5,Chronos,0.4671711325645447
Sample 6,Moirai,0.5134948492050171
Sample 6,TimesFM,0.4865051805973053
Sample 7,Moirai,0.5175610184669495
Sample 7,Timer,0.4824390113353729
Sample 8,Moirai,0.5955379605293274
Sample 8,Chronos,0.4044620990753174
Sample 9,TimesFM,0.5010525584220886
Sample 9,Timer,0.49894747138023376
Sample 10,TimesFM,0.5001941323280334
Sample 10,Chronos,0.49980583786964417
Sample 11,TimesFM,0.5034859776496887
Sample 11,Timer,0.4965139925479889
Sample 12,Moirai,0.516573429107666
Sample 12,Chronos,0.48342660069465637
Sample 13,TimesFM,0.5001675486564636
Sample 13,Time-MoE,0.499832421541214
Sample 14,TimesFM,0.5007014870643616
Sample 14,Time-MoE,0.49929845333099365
Sample 15,Moirai,0.5293998718261719
Sample 15,Chronos,0.4706001579761505
Sample 16,Moirai,0.5892712473869324
Sample 16,Chronos,0.4107287526130676
Sample 17,Chronos,0.5004813075065613
Sample 17,TimesFM,0.4995186924934387
Sample 18,Moirai,0.5163412690162659
Sample 18,Chronos,0.48365873098373413
Sample 19,TimesFM,0.5036216974258423
Sample 19,Timer,0.4963783025741577
Sample 20,Chronos,0.5004937648773193
Sample 20,Timer,0.49950626492500305
Sample 21,TimesFM,0.501563549041748
Sample 21,Chronos,0.49843642115592957
Sample 22,Moirai,0.5145344138145447
Sample 22,Chronos,0.4854656159877777
Sample 23,Moirai,0.5200632214546204
Sample 23,Time-MoE,0.47993677854537964
Sample 24,Moirai,0.5686177015304565
Sample 24,Chronos,0.43138226866722107
Sample 25,TimesFM,0.5017509460449219
Sample 25,Timer,0.4982490539550781
Sample 26,Moirai,0.5101325511932373
Sample 26,Chronos,0.4898674488067627
Sample 27,TimesFM,0.5028144121170044
Sample 27,Timer,0.4971855580806732
Sample 28,Moirai,0.5196179747581482
Sample 28,Chronos,0.48038196563720703
Sample 29,TimesFM,0.5022444128990173
Sample 29,Timer,0.49775558710098267
Sample 30,Time-MoE,0.5001380443572998
Sample 30,Chronos,0.49986201524734497
Sample 31,Moirai,0.5301552414894104
Sample 31,Chronos,0.4698447287082672
Sample 0,Moirai,0.5821415185928345
Sample 0,Chronos,0.41785845160484314
Sample 1,TimesFM,0.5012046098709106
Sample 1,Timer,0.49879539012908936
Sample 2,Chronos,0.5008037686347961
Sample 2,Time-MoE,0.49919623136520386
Sample 3,TimesFM,0.5029698610305786
Sample 3,Timer,0.4970301687717438
Sample 4,Moirai,0.504901111125946
Sample 4,Chronos,0.49509891867637634
Sample 5,TimesFM,0.5010354518890381
Sample 5,Time-MoE,0.4989645183086395
Sample 6,Moirai,0.501130998134613
Sample 6,Time-MoE,0.49886900186538696
Sample 7,Moirai,0.5316095352172852
Sample 7,Chronos,0.46839046478271484
Sample 8,Moirai,0.5779309868812561
Sample 8,Time-MoE,0.42206907272338867
Sample 9,TimesFM,0.5012334585189819
Sample 9,Timer,0.49876657128334045
Sample 10,Moirai,0.5100085139274597
Sample 10,Time-MoE,0.4899914860725403
Sample 11,Moirai,0.5308442711830139
Sample 11,TimesFM,0.46915575861930847
Sample 12,Chronos,0.5035165548324585
Sample 12,Moirai,0.4964834153652191
Sample 13,Moirai,0.5014002323150635
Sample 13,TimesFM,0.4985997974872589
Sample 14,Chronos,0.5005168318748474
Sample 14,TimesFM,0.499483197927475
Sample 15,Time-MoE,0.5006006956100464
Sample 15,Timer,0.499399334192276
Sample 16,Moirai,0.5583165287971497
Sample 16,TimesFM,0.44168341159820557
Sample 17,TimesFM,0.5013764500617981
Sample 17,Chronos,0.4986235201358795
Sample 18,Moirai,0.5077289342880249
Sample 18,Chronos,0.4922710359096527
Sample 19,TimesFM,0.5034565329551697
Sample 19,Timer,0.49654343724250793
Sample 20,Chronos,0.5009710192680359
Sample 20,Timer,0.4990290403366089
Sample 21,TimesFM,0.5033667683601379
Sample 21,Timer,0.4966332018375397
Sample 22,TimesFM,0.500164806842804
Sample 22,Chronos,0.49983519315719604
Sample 23,Moirai,0.5076870918273926
Sample 23,Time-MoE,0.4923129677772522
Sample 24,Moirai,0.595104992389679
Sample 24,Chronos,0.40489500761032104
Sample 25,TimesFM,0.5008314251899719
Sample 25,Chronos,0.4991685450077057
Sample 26,Moirai,0.5086607933044434
Sample 26,Time-MoE,0.49133920669555664
Sample 27,TimesFM,0.5034269690513611
Sample 27,Timer,0.49657297134399414
Sample 28,Moirai,0.521670401096344
Sample 28,Chronos,0.4783295691013336
Sample 29,Time-MoE,0.501139223575592
Sample 29,Timer,0.49886077642440796
Sample 30,Chronos,0.5000853538513184
Sample 30,Time-MoE,0.49991464614868164
Sample 31,Moirai,0.5403190851211548
Sample 31,Chronos,0.4596809148788452
Sample 0,Moirai,0.5844334363937378
Sample 0,Chronos,0.4155665338039398
Sample 1,TimesFM,0.5011549592018127
Sample 1,Chronos,0.49884504079818726
Sample 2,Time-MoE,0.5002386569976807
Sample 2,Timer,0.49976131319999695
Sample 3,TimesFM,0.5027436017990112
Sample 3,Timer,0.49725642800331116
Sample 4,Moirai,0.5047515034675598
Sample 4,Chronos,0.4952484965324402
Sample 5,TimesFM,0.5012500882148743
Sample 5,Chronos,0.49874991178512573
Sample 6,Moirai,0.5042552351951599
Sample 6,Chronos,0.4957447648048401
Sample 7,Moirai,0.5203337669372559
Sample 7,Time-MoE,0.47966620326042175
Sample 8,Moirai,0.5797695517539978
Sample 8,TimesFM,0.4202304184436798
Sample 9,Moirai,0.5005062818527222
Sample 9,TimesFM,0.4994937479496002
Sample 10,Moirai,0.5130417943000793
Sample 10,Chronos,0.48695823550224304
Sample 11,Moirai,0.5042818784713745
Sample 11,TimesFM,0.4957181513309479
Sample 12,Time-MoE,0.5001450181007385
Sample 12,TimesFM,0.49985504150390625
Sample 13,TimesFM,0.50169438123703
Sample 13,Timer,0.4983055889606476
Sample 14,Chronos,0.5013170838356018
Sample 14,TimesFM,0.4986829459667206
Sample 15,Moirai,0.5210002064704895
Sample 15,Chronos,0.4789997935295105
Sample 16,Moirai,0.5751834511756897
Sample 16,Chronos,0.4248164892196655
Sample 17,Moirai,0.5033024549484253
Sample 17,TimesFM,0.4966975450515747
Sample 18,Moirai,0.5294257402420044
Sample 18,Chronos,0.470574289560318
Sample 19,TimesFM,0.5019960403442383
Sample 19,Chronos,0.4980039894580841
Sample 20,TimesFM,0.500769853591919
Sample 20,Timer,0.49923011660575867
Sample 21,TimesFM,0.5019830465316772
Sample 21,Moirai,0.49801695346832275
Sample 22,Chronos,0.5010274052619934
Sample 22,Time-MoE,0.4989725947380066
Sample 23,Moirai,0.5280110836029053
Sample 23,Chronos,0.47198888659477234
Sample 24,Moirai,0.5731504559516907
Sample 24,Chronos,0.42684951424598694
Sample 25,TimesFM,0.5019629597663879
Sample 25,Timer,0.4980370104312897
Sample 26,Moirai,0.5075182318687439
Sample 26,Time-MoE,0.4924817681312561
Sample 27,TimesFM,0.5018677711486816
Sample 27,Chronos,0.49813222885131836
Sample 28,Time-MoE,0.5004948973655701
Sample 28,TimesFM,0.4995051324367523
Sample 29,TimesFM,0.5025790929794312
Sample 29,Chronos,0.49742093682289124
Sample 30,Moirai,0.5080626010894775
Sample 30,Chronos,0.49193739891052246
Sample 31,Time-MoE,0.5000934600830078
Sample 31,Timer,0.4999064803123474
Sample 0,Moirai,0.5396715998649597
Sample 0,TimesFM,0.4603283703327179
Sample 1,TimesFM,0.5015047788619995
Sample 1,Timer,0.4984951913356781
Sample 2,Moirai,0.5019704699516296
Sample 2,Time-MoE,0.498029500246048
Sample 3,TimesFM,0.50233393907547
Sample 3,Timer,0.49766606092453003
Sample 4,Chronos,0.5003033876419067
Sample 4,Timer,0.4996965825557709
Sample 5,TimesFM,0.5023293495178223
Sample 5,Moirai,0.49767065048217773
Sample 6,TimesFM,0.5009524822235107
Sample 6,Chronos,0.49904751777648926
Sample 7,Moirai,0.5152089595794678
Sample 7,Time-MoE,0.48479101061820984
Sample 8,Moirai,0.5984114408493042
Sample 8,Time-MoE,0.4015886187553406
Sample 9,TimesFM,0.5012454986572266
Sample 9,Timer,0.49875447154045105
Sample 10,Time-MoE,0.5011124014854431
Sample 10,Timer,0.4988875687122345
Sample 11,TimesFM,0.502944827079773
Sample 11,Timer,0.49705517292022705
Sample 12,Chronos,0.5005607008934021
Sample 12,Moirai,0.4994392991065979
Sample 13,TimesFM,0.5017351508140564
Sample 13,Timer,0.4982648491859436
Sample 14,Time-MoE,0.5001183152198792
Sample 14,TimesFM,0.49988165497779846
Sample 15,Moirai,0.5283180475234985
Sample 15,Time-MoE,0.4716819226741791
Sample 0,Moirai,0.5992414355278015
Sample 0,Time-MoE,0.4007585346698761
Sample 1,TimesFM,0.5009854435920715
Sample 1,Chronos,0.49901455640792847
Sample 2,Chronos,0.5000610947608948
Sample 2,Timer,0.49993887543678284
Sample 3,TimesFM,0.5032749772071838
Sample 3,Timer,0.49672508239746094
Sample 4,Chronos,0.5014614462852478
Sample 4,Moirai,0.4985384941101074
Sample 5,TimesFM,0.5004285573959351
Sample 5,Chronos,0.49957144260406494
Sample 6,TimesFM,0.5001795887947083
Sample 6,Timer,0.49982038140296936
Sample 7,Moirai,0.533138632774353
Sample 7,Time-MoE,0.466861367225647
Sample 8,Moirai,0.5925685167312622
Sample 8,Time-MoE,0.4074314832687378
Sample 9,TimesFM,0.501283586025238
Sample 9,Timer,0.49871644377708435
Sample 10,Time-MoE,0.5012286305427551
Sample 10,Moirai,0.49877142906188965
Sample 11,TimesFM,0.503397524356842
Sample 11,Timer,0.49660247564315796
Sample 12,Moirai,0.5217280983924866
Sample 12,Chronos,0.4782719016075134
Sample 13,TimesFM,0.5024051070213318
Sample 13,Timer,0.4975949227809906
Sample 14,Time-MoE,0.5007590055465698
Sample 14,Timer,0.4992409944534302
Sample 15,Moirai,0.5328547954559326
Sample 15,Chronos,0.4671452045440674
Sample 16,Moirai,0.5669209361076355
Sample 16,Time-MoE,0.4330790936946869
Sample 17,Moirai,0.5007711052894592
Sample 17,TimesFM,0.4992288649082184
Sample 18,Moirai,0.5073012113571167
Sample 18,Chronos,0.4926987588405609
Sample 19,TimesFM,0.502419650554657
Sample 19,Timer,0.497580349445343
Sample 20,Moirai,0.5231581926345825
Sample 20,Time-MoE,0.47684183716773987
Sample 21,TimesFM,0.503351628780365
Sample 21,Timer,0.4966483414173126
Sample 22,TimesFM,0.5009611248970032
Sample 22,Chronos,0.4990388751029968
Sample 23,Timer,0.5006651282310486
Sample 23,Time-MoE,0.4993348717689514
Sample 24,Moirai,0.5734049081802368
Sample 24,Chronos,0.4265950918197632
Sample 25,TimesFM,0.5013099908828735
Sample 25,Chronos,0.4986899793148041
Sample 26,Moirai,0.5317420959472656
Sample 26,Time-MoE,0.468257874250412
Sample 27,Moirai,0.5153704881668091
Sample 27,TimesFM,0.4846295416355133
Sample 28,Chronos,0.5013797879219055
Sample 28,Time-MoE,0.4986202120780945
Sample 29,TimesFM,0.5024021863937378
Sample 29,Chronos,0.4975978434085846
Sample 30,TimesFM,0.500166654586792
Sample 30,Time-MoE,0.4998333752155304
Sample 31,Moirai,0.5196070671081543
Sample 31,Time-MoE,0.4803929030895233
Sample 0,Moirai,0.5717695951461792
Sample 0,TimesFM,0.4282304346561432
Sample 1,Moirai,0.5030072331428528
Sample 1,TimesFM,0.4969927668571472
Sample 2,Chronos,0.5002721548080444
Sample 2,Time-MoE,0.49972784519195557
Sample 3,TimesFM,0.5022240877151489
Sample 3,Chronos,0.49777594208717346
Sample 4,Time-MoE,0.500131368637085
Sample 4,TimesFM,0.49986863136291504
Sample 5,TimesFM,0.5019001364707947
Sample 5,Timer,0.4980998635292053
Sample 6,Chronos,0.5018109679222107
Sample 6,Time-MoE,0.4981890618801117
Sample 7,Moirai,0.5356177687644958
Sample 7,Chronos,0.4643821716308594
Sample 8,Moirai,0.5683693885803223
Sample 8,Time-MoE,0.43163061141967773
Sample 9,TimesFM,0.5005887150764465
Sample 9,Moirai,0.49941128492355347
Sample 10,Moirai,0.5041449666023254
Sample 10,Time-MoE,0.49585506319999695
Sample 11,Moirai,0.5086529850959778
Sample 11,Time-MoE,0.4913470447063446
Sample 12,Chronos,0.5038998126983643
Sample 12,TimesFM,0.49610018730163574
Sample 13,Moirai,0.5051199197769165
Sample 13,TimesFM,0.49488013982772827
Sample 14,TimesFM,0.5043208599090576
Sample 14,Timer,0.4956791400909424
Sample 15,Moirai,0.5323857665061951
Sample 15,Time-MoE,0.46761420369148254
Sample 16,Moirai,0.587578296661377
Sample 16,Time-MoE,0.41242170333862305
Sample 17,Moirai,0.5030012726783752
Sample 17,TimesFM,0.49699872732162476
Sample 18,Time-MoE,0.5026569962501526
Sample 18,Timer,0.4973430037498474
Sample 19,TimesFM,0.500929057598114
Sample 19,Moirai,0.4990709722042084
Sample 20,Moirai,0.5019630193710327
Sample 20,Chronos,0.4980369508266449
Sample 21,Moirai,0.5044655799865723
Sample 21,TimesFM,0.49553442001342773
Sample 22,Chronos,0.5012384653091431
Sample 22,Time-MoE,0.49876153469085693
Sample 23,Timer,0.5000348687171936
Sample 23,Time-MoE,0.4999651610851288
Sample 24,Moirai,0.552726149559021
Sample 24,Time-MoE,0.447273850440979
Sample 25,TimesFM,0.5019550919532776
Sample 25,Timer,0.4980449378490448
Sample 26,Time-MoE,0.5003827214241028
Sample 26,Chronos,0.4996172785758972
Sample 27,TimesFM,0.5045263171195984
Sample 27,Timer,0.4954736828804016
Sample 28,Moirai,0.5003972053527832
Sample 28,Chronos,0.4996027946472168
Sample 29,TimesFM,0.5038437843322754
Sample 29,Chronos,0.4961561858654022
Sample 30,Chronos,0.5000107288360596
Sample 30,TimesFM,0.49998927116394043
Sample 31,Moirai,0.5300588011741638
Sample 31,Time-MoE,0.46994122862815857
Sample 0,Moirai,0.5629954934120178
Sample 0,Time-MoE,0.4370045065879822
Sample 1,Moirai,0.5032473206520081
Sample 1,TimesFM,0.49675270915031433
Sample 2,Moirai,0.5008999109268188
Sample 2,TimesFM,0.49910005927085876
Sample 3,TimesFM,0.503020167350769
Sample 3,Chronos,0.49697986245155334
Sample 4,Moirai,0.5281676054000854
Sample 4,Time-MoE,0.47183236479759216
Sample 5,Chronos,0.5014406442642212
Sample 5,Time-MoE,0.4985593557357788
Sample 6,Timer,0.5001120567321777
Sample 6,Chronos,0.4998879134654999
Sample 7,Moirai,0.5310111045837402
Sample 7,Time-MoE,0.46898889541625977
Sample 8,Moirai,0.5593295693397522
Sample 8,Time-MoE,0.4406704604625702
Sample 9,TimesFM,0.5017296075820923
Sample 9,Timer,0.4982704222202301
Sample 10,Moirai,0.5031636357307434
Sample 10,Chronos,0.49683642387390137
Sample 11,TimesFM,0.5029826164245605
Sample 11,Chronos,0.49701744318008423
Sample 12,Chronos,0.5004726648330688
Sample 12,Timer,0.49952730536460876
Sample 13,TimesFM,0.5032899379730225
Sample 13,Chronos,0.4967100918292999
Sample 14,Time-MoE,0.5002450346946716
Sample 14,TimesFM,0.49975499510765076
Sample 15,Moirai,0.518645167350769
Sample 15,Time-MoE,0.48135483264923096
Sample 16,Moirai,0.5379481911659241
Sample 16,TimesFM,0.46205177903175354
Sample 17,TimesFM,0.5016340613365173
Sample 17,Chronos,0.49836593866348267
Sample 18,Time-MoE,0.5004047751426697
Sample 18,Chronos,0.49959516525268555
Sample 19,Moirai,0.5310473442077637
Sample 19,TimesFM,0.46895262598991394
Sample 20,Chronos,0.5009430646896362
Sample 20,TimesFM,0.4990569055080414
Sample 21,TimesFM,0.5038926601409912
Sample 21,Chronos,0.4961073398590088
Sample 22,Chronos,0.5037303566932678
Sample 22,Time-MoE,0.4962696433067322
Sample 23,Time-MoE,0.5007280111312866
Sample 23,TimesFM,0.499271959066391
Sample 24,Moirai,0.5555174350738525
Sample 24,Time-MoE,0.4444825053215027
Sample 25,TimesFM,0.5017449259757996
Sample 25,Chronos,0.49825504422187805
Sample 26,Moirai,0.503392219543457
Sample 26,Time-MoE,0.49660778045654297
Sample 27,TimesFM,0.505094051361084
Sample 27,Timer,0.49490591883659363
Sample 28,Timer,0.5000239610671997
Sample 28,Chronos,0.4999760687351227
Sample 29,TimesFM,0.5026031732559204
Sample 29,Chronos,0.4973967969417572
Sample 30,TimesFM,0.5008401274681091
Sample 30,Time-MoE,0.49915990233421326
Sample 31,Moirai,0.5111960172653198
Sample 31,Time-MoE,0.4888039529323578
Sample 0,Moirai,0.5715187191963196
Sample 0,Time-MoE,0.4284813106060028
Sample 1,Moirai,0.5061627626419067
Sample 1,TimesFM,0.4938372075557709
Sample 2,Moirai,0.5221939086914062
Sample 2,Chronos,0.47780609130859375
Sample 3,Moirai,0.5023224949836731
Sample 3,TimesFM,0.4976775348186493
Sample 4,Chronos,0.5017994046211243
Sample 4,Timer,0.49820059537887573
Sample 5,Moirai,0.534679651260376
Sample 5,Chronos,0.4653203785419464
Sample 6,Moirai,0.5138524174690247
Sample 6,TimesFM,0.48614761233329773
Sample 7,Moirai,0.5185222029685974
Sample 7,Timer,0.4814777672290802
Sample 8,Moirai,0.6008443832397461
Sample 8,Time-MoE,0.3991555869579315
Sample 9,TimesFM,0.5014111399650574
Sample 9,Chronos,0.498588889837265
Sample 10,Chronos,0.5000087022781372
Sample 10,TimesFM,0.4999912977218628
Sample 11,TimesFM,0.504002034664154
Sample 11,Timer,0.49599793553352356
Sample 12,Moirai,0.5181729197502136
Sample 12,Chronos,0.48182711005210876
Sample 13,TimesFM,0.5002993941307068
Sample 13,Chronos,0.4997006356716156
Sample 14,TimesFM,0.501089334487915
Sample 14,Time-MoE,0.49891072511672974
Sample 15,Moirai,0.5314568281173706
Sample 15,Timer,0.468543142080307
Sample 16,Moirai,0.5945586562156677
Sample 16,Chronos,0.4054413437843323
Sample 17,Chronos,0.500488817691803
Sample 17,TimesFM,0.4995112121105194
Sample 18,Moirai,0.5174947381019592
Sample 18,Chronos,0.48250532150268555
Sample 19,TimesFM,0.503995418548584
Sample 19,Timer,0.49600455164909363
Sample 20,Chronos,0.5003161430358887
Sample 20,Timer,0.49968379735946655
Sample 21,TimesFM,0.5016677975654602
Sample 21,Chronos,0.4983322322368622
Sample 22,Moirai,0.5150854587554932
Sample 22,Chronos,0.48491454124450684
Sample 23,Moirai,0.5213765501976013
Sample 23,Time-MoE,0.4786234498023987
Sample 24,Moirai,0.5731804370880127
Sample 24,Timer,0.4268195629119873
Sample 25,TimesFM,0.5023258328437805
Sample 25,Timer,0.4976741671562195
Sample 26,Moirai,0.5111545324325562
Sample 26,Chronos,0.48884543776512146
Sample 27,TimesFM,0.5033682584762573
Sample 27,Timer,0.49663177132606506
Sample 28,Moirai,0.521450400352478
Sample 28,Chronos,0.4785495698451996
Sample 29,TimesFM,0.5026746988296509
Sample 29,Timer,0.49732527136802673
Sample 30,TimesFM,0.5000340342521667
Sample 30,Chronos,0.49996596574783325
Sample 31,Moirai,0.532515287399292
Sample 31,Chronos,0.4674846827983856
Sample 0,Moirai,0.5861949324607849
Sample 0,Time-MoE,0.4138050973415375
Sample 1,TimesFM,0.5016729235649109
Sample 1,Chronos,0.4983270764350891
Sample 2,Chronos,0.5007326006889343
Sample 2,TimesFM,0.4992673993110657
Sample 3,TimesFM,0.5036271810531616
Sample 3,Timer,0.4963728189468384
Sample 4,Moirai,0.5049023628234863
Sample 4,Chronos,0.49509766697883606
Sample 5,TimesFM,0.5014305710792542
Sample 5,Time-MoE,0.49856939911842346
Sample 6,Moirai,0.5006744265556335
Sample 6,Time-MoE,0.49932557344436646
Sample 7,Moirai,0.5337060689926147
Sample 7,Time-MoE,0.46629396080970764
Sample 8,Moirai,0.5814087390899658
Sample 8,Time-MoE,0.41859132051467896
Sample 9,TimesFM,0.5017358064651489
Sample 9,Chronos,0.4982641637325287
Sample 10,Moirai,0.5104097723960876
Sample 10,Time-MoE,0.48959025740623474
Sample 11,Moirai,0.5319017171859741
Sample 11,TimesFM,0.4680982828140259
Sample 12,Chronos,0.5036311745643616
Sample 12,Moirai,0.4963688552379608
Sample 13,Moirai,0.5007012486457825
Sample 13,TimesFM,0.49929875135421753
Sample 14,Chronos,0.5005844831466675
Sample 14,TimesFM,0.49941548705101013
Sample 15,Time-MoE,0.500638484954834
Sample 15,Timer,0.4993615448474884
Sample 16,Moirai,0.5609043836593628
Sample 16,TimesFM,0.4390955865383148
Sample 17,TimesFM,0.5015750527381897
Sample 17,Chronos,0.4984249174594879
Sample 18,Moirai,0.5077352523803711
Sample 18,Chronos,0.4922647774219513
Sample 19,TimesFM,0.5039578676223755
Sample 19,Timer,0.4960421323776245
Sample 20,Chronos,0.5008300542831421
Sample 20,Timer,0.4991699755191803
Sample 21,TimesFM,0.5040298700332642
Sample 21,Chronos,0.4959701597690582
Sample 22,TimesFM,0.5004812479019165
Sample 22,Chronos,0.4995187222957611
Sample 23,Moirai,0.5084874629974365
Sample 23,Time-MoE,0.4915125072002411
Sample 24,Moirai,0.6002728939056396
Sample 24,Time-MoE,0.39972710609436035
Sample 25,TimesFM,0.5011972188949585
Sample 25,Chronos,0.4988027513027191
Sample 26,Moirai,0.5089530348777771
Sample 26,Time-MoE,0.4910469055175781
Sample 27,TimesFM,0.504101037979126
Sample 27,Timer,0.4958989918231964
Sample 28,Moirai,0.5234068036079407
Sample 28,Chronos,0.4765931963920593
Sample 29,Time-MoE,0.5013605356216431
Sample 29,Timer,0.49863943457603455
Sample 30,Chronos,0.5001440644264221
Sample 30,Time-MoE,0.49985599517822266
Sample 31,Moirai,0.542701780796051
Sample 31,Time-MoE,0.457298219203949
Sample 0,Moirai,0.5894033908843994
Sample 0,Time-MoE,0.4105965793132782
Sample 1,TimesFM,0.5015955567359924
Sample 1,Chronos,0.49840447306632996
Sample 2,Time-MoE,0.5004660487174988
Sample 2,Timer,0.4995339512825012
Sample 3,TimesFM,0.5034653544425964
Sample 3,Timer,0.49653467535972595
Sample 4,Moirai,0.5056425333023071
Sample 4,Chronos,0.4943574070930481
Sample 5,TimesFM,0.5016742944717407
Sample 5,Chronos,0.4983257055282593
Sample 6,Moirai,0.5041323304176331
Sample 6,Chronos,0.49586763978004456
Sample 7,Moirai,0.5215962529182434
Sample 7,Time-MoE,0.478403776884079
Sample 8,Moirai,0.58404940366745
Sample 8,Time-MoE,0.41595059633255005
Sample 9,TimesFM,0.5004829168319702
Sample 9,Moirai,0.4995170533657074
Sample 10,Moirai,0.5132922530174255
Sample 10,TimesFM,0.48670777678489685
Sample 11,Moirai,0.503670871257782
Sample 11,TimesFM,0.49632909893989563
Sample 12,Time-MoE,0.5001715421676636
Sample 12,TimesFM,0.49982842803001404
Sample 13,TimesFM,0.5020613074302673
Sample 13,Timer,0.49793869256973267
Sample 14,Chronos,0.5013754963874817
Sample 14,TimesFM,0.4986244738101959
Sample 15,Moirai,0.5223500728607178
Sample 15,Chronos,0.4776499569416046
Sample 16,Moirai,0.5798379778862
Sample 16,Chronos,0.42016202211380005
Sample 17,Moirai,0.502485454082489
Sample 17,TimesFM,0.4975145161151886
Sample 18,Moirai,0.5314686298370361
Sample 18,Chronos,0.46853139996528625
Sample 19,TimesFM,0.5024404525756836
Sample 19,Chronos,0.497559517621994
Sample 20,TimesFM,0.5011599063873291
Sample 20,Time-MoE,0.4988401234149933
Sample 21,TimesFM,0.5027795433998108
Sample 21,Timer,0.4972204267978668
Sample 22,Chronos,0.5012407898902893
Sample 22,Time-MoE,0.4987592399120331
Sample 23,Moirai,0.5301868915557861
Sample 23,Chronos,0.46981310844421387
Sample 24,Moirai,0.5766577124595642
Sample 24,TimesFM,0.4233422875404358
Sample 25,TimesFM,0.5026777386665344
Sample 25,Timer,0.4973222613334656
Sample 26,Moirai,0.5078393816947937
Sample 26,Time-MoE,0.4921606183052063
Sample 27,TimesFM,0.5022320747375488
Sample 27,Chronos,0.49776792526245117
Sample 28,Time-MoE,0.5007431507110596
Sample 28,Timer,0.4992568790912628
Sample 29,TimesFM,0.5030549168586731
Sample 29,Chronos,0.4969451129436493
Sample 30,Moirai,0.5085877776145935
Sample 30,Chronos,0.4914122223854065
Sample 31,Time-MoE,0.5002020597457886
Sample 31,Timer,0.4997979402542114
Sample 0,Moirai,0.5409114360809326
Sample 0,TimesFM,0.459088534116745
Sample 1,TimesFM,0.5018699169158936
Sample 1,Chronos,0.49813011288642883
Sample 2,Moirai,0.5016964673995972
Sample 2,Time-MoE,0.49830353260040283
Sample 3,TimesFM,0.5029679536819458
Sample 3,Timer,0.4970320761203766
Sample 4,Chronos,0.5008856058120728
Sample 4,TimesFM,0.49911439418792725
Sample 5,TimesFM,0.503182053565979
Sample 5,Chronos,0.496817946434021
Sample 6,TimesFM,0.50132817029953
Sample 6,Chronos,0.49867185950279236
Sample 7,Moirai,0.516273021697998
Sample 7,Time-MoE,0.48372697830200195
Sample 8,Moirai,0.6036236882209778
Sample 8,Time-MoE,0.39637628197669983
Sample 9,TimesFM,0.5018757581710815
Sample 9,Chronos,0.49812430143356323
Sample 10,Time-MoE,0.5014601945877075
Sample 10,Timer,0.4985397458076477
Sample 11,TimesFM,0.5036125779151917
Sample 11,Timer,0.49638739228248596
Sample 12,Chronos,0.5006660223007202
Sample 12,Moirai,0.4993339478969574
Sample 13,TimesFM,0.5022650957107544
Sample 13,Chronos,0.4977349042892456
Sample 14,TimesFM,0.5003097057342529
Sample 14,Time-MoE,0.4996902644634247
Sample 15,Moirai,0.5302171111106873
Sample 15,Time-MoE,0.46978291869163513
Sample 0,Moirai,0.6045290231704712
Sample 0,Time-MoE,0.3954710066318512
Sample 1,TimesFM,0.5014324188232422
Sample 1,Chronos,0.4985676109790802
Sample 2,Chronos,0.500302255153656
Sample 2,Timer,0.4996977746486664
Sample 3,TimesFM,0.5039375424385071
Sample 3,Timer,0.4960624873638153
Sample 4,Chronos,0.5017696619033813
Sample 4,Moirai,0.49823036789894104
Sample 5,TimesFM,0.5008689761161804
Sample 5,Chronos,0.4991310238838196
Sample 6,TimesFM,0.5006555914878845
Sample 6,Timer,0.4993443489074707
Sample 7,Moirai,0.5352756381034851
Sample 7,Time-MoE,0.4647243618965149
Sample 8,Moirai,0.5972537398338318
Sample 8,Time-MoE,0.4027462303638458
Sample 9,TimesFM,0.5017894506454468
Sample 9,Chronos,0.4982105493545532
Sample 10,Time-MoE,0.50165855884552
Sample 10,Moirai,0.49834144115448
Sample 11,TimesFM,0.503877580165863
Sample 11,Time-MoE,0.49612247943878174
Sample 12,Moirai,0.5231803059577942
Sample 12,Chronos,0.4768196642398834
Sample 13,TimesFM,0.502926230430603
Sample 13,Chronos,0.497073769569397
Sample 14,Time-MoE,0.5008847117424011
Sample 14,Chronos,0.49911531805992126
Sample 15,Moirai,0.5350193381309509
Sample 15,Chronos,0.4649806618690491
Sample 16,Moirai,0.5704914927482605
Sample 16,Time-MoE,0.4295085072517395
Sample 17,TimesFM,0.5000165104866028
Sample 17,Moirai,0.4999835193157196
Sample 18,Moirai,0.5077724456787109
Sample 18,Chronos,0.49222758412361145
Sample 19,TimesFM,0.5029720067977905
Sample 19,Timer,0.4970279932022095
Sample 20,Moirai,0.5241438746452332
Sample 20,Time-MoE,0.4758561849594116
Sample 21,TimesFM,0.5038789510726929
Sample 21,Timer,0.49612101912498474
Sample 22,TimesFM,0.5012762546539307
Sample 22,Chronos,0.4987238049507141
Sample 23,Timer,0.5006895661354065
Sample 23,Time-MoE,0.4993104040622711
Sample 24,Moirai,0.5775274634361267
Sample 24,Chronos,0.4224725663661957
Sample 25,TimesFM,0.5017251372337341
Sample 25,Chronos,0.49827486276626587
Sample 26,Moirai,0.533295750617981
Sample 26,Time-MoE,0.46670418977737427
Sample 27,Moirai,0.5156453847885132
Sample 27,TimesFM,0.48435458540916443
Sample 28,Chronos,0.5014277100563049
Sample 28,Time-MoE,0.49857228994369507
Sample 29,TimesFM,0.5028856992721558
Sample 29,Chronos,0.4971143305301666
Sample 30,TimesFM,0.5003621578216553
Sample 30,Time-MoE,0.49963781237602234
Sample 31,Moirai,0.5209310054779053
Sample 31,Time-MoE,0.47906896471977234
Sample 0,Moirai,0.5753586888313293
Sample 0,TimesFM,0.4246412515640259
Sample 1,Moirai,0.502413272857666
Sample 1,TimesFM,0.4975866973400116
Sample 2,Chronos,0.5001336336135864
Sample 2,Time-MoE,0.49986639618873596
Sample 3,TimesFM,0.5026305913925171
Sample 3,Chronos,0.4973694086074829
Sample 4,Time-MoE,0.5002375245094299
Sample 4,TimesFM,0.4997624456882477
Sample 5,TimesFM,0.5022831559181213
Sample 5,Timer,0.4977168142795563
Sample 6,Chronos,0.5015385746955872
Sample 6,TimesFM,0.49846145510673523
Sample 7,Moirai,0.5377229452133179
Sample 7,Chronos,0.46227702498435974
Sample 8,Moirai,0.5717872977256775
Sample 8,Time-MoE,0.4282127022743225
Sample 9,TimesFM,0.5013027787208557
Sample 9,Moirai,0.4986972212791443
Sample 10,Moirai,0.5039618611335754
Sample 10,Time-MoE,0.49603819847106934
Sample 11,Moirai,0.5089097023010254
Sample 11,Time-MoE,0.4910902678966522
Sample 12,Chronos,0.5038332343101501
Sample 12,TimesFM,0.4961667060852051
Sample 13,Moirai,0.5047736167907715
Sample 13,TimesFM,0.4952263832092285
Sample 14,TimesFM,0.5049756765365601
Sample 14,Time-MoE,0.49502432346343994
Sample 15,Moirai,0.5342747569084167
Sample 15,Time-MoE,0.46572527289390564
Sample 16,Moirai,0.5921612977981567
Sample 16,Time-MoE,0.40783873200416565
Sample 17,Moirai,0.502441942691803
Sample 17,TimesFM,0.4975580871105194
Sample 18,Time-MoE,0.5030400156974792
Sample 18,TimesFM,0.49696001410484314
Sample 19,TimesFM,0.5016220211982727
Sample 19,Moirai,0.4983779489994049
Sample 20,Moirai,0.5017126798629761
Sample 20,Chronos,0.4982873499393463
Sample 21,Moirai,0.5040175914764404
Sample 21,TimesFM,0.4959823787212372
Sample 22,Chronos,0.5012280941009521
Sample 22,Time-MoE,0.49877187609672546
Sample 23,Time-MoE,0.5000332593917847
Sample 23,Timer,0.4999667704105377
Sample 24,Moirai,0.5553328394889832
Sample 24,Time-MoE,0.44466719031333923
Sample 25,TimesFM,0.5024932026863098
Sample 25,Timer,0.4975068271160126
Sample 26,Time-MoE,0.5006136894226074
Sample 26,Chronos,0.49938634037971497
Sample 27,TimesFM,0.505084216594696
Sample 27,Timer,0.49491578340530396
Sample 28,Moirai,0.5008764863014221
Sample 28,Chronos,0.4991235136985779
Sample 29,TimesFM,0.5042922496795654
Sample 29,Chronos,0.49570778012275696
Sample 30,TimesFM,0.5004122853279114
Sample 30,Chronos,0.499587744474411
Sample 31,Moirai,0.5319889187812805
Sample 31,Time-MoE,0.4680110216140747
Sample 0,Moirai,0.5664882659912109
Sample 0,Time-MoE,0.43351173400878906
Sample 1,Moirai,0.5028961896896362
Sample 1,TimesFM,0.4971037805080414
Sample 2,Moirai,0.5008465051651001
Sample 2,TimesFM,0.4991535246372223
Sample 3,TimesFM,0.5033449530601501
Sample 3,Chronos,0.49665504693984985
Sample 4,Moirai,0.5298170447349548
Sample 4,Time-MoE,0.47018295526504517
Sample 5,Chronos,0.501107931137085
Sample 5,Time-MoE,0.49889206886291504
Sample 6,Timer,0.5000846982002258
Sample 6,Chronos,0.49991533160209656
Sample 7,Moirai,0.5328273177146912
Sample 7,Time-MoE,0.46717268228530884
Sample 8,Moirai,0.562712550163269
Sample 8,Time-MoE,0.43728744983673096
Sample 9,TimesFM,0.5018429756164551
Sample 9,Timer,0.4981570243835449
Sample 10,Moirai,0.5030553340911865
Sample 10,Chronos,0.4969446659088135
Sample 11,TimesFM,0.5032789707183838
Sample 11,Chronos,0.4967209994792938
Sample 12,Chronos,0.5006785988807678
Sample 12,Timer,0.4993213713169098
Sample 13,TimesFM,0.5035150051116943
Sample 13,Timer,0.49648502469062805
Sample 14,TimesFM,0.5001232624053955
Sample 14,Time-MoE,0.4998767673969269
Sample 15,Moirai,0.519936203956604
Sample 15,Time-MoE,0.4800637662410736
Sample 16,Moirai,0.5393801331520081
Sample 16,TimesFM,0.46061983704566956
Sample 17,TimesFM,0.5020401477813721
Sample 17,Chronos,0.49795982241630554
Sample 18,Time-MoE,0.500739574432373
Sample 18,Chronos,0.4992603659629822
Sample 19,Moirai,0.5321722626686096
Sample 19,TimesFM,0.467827707529068
Sample 20,Chronos,0.5010460019111633
Sample 20,TimesFM,0.49895402789115906
Sample 21,TimesFM,0.5042313933372498
Sample 21,Timer,0.495768666267395
Sample 22,Chronos,0.5037360787391663
Sample 22,TimesFM,0.49626389145851135
Sample 23,Time-MoE,0.5009315609931946
Sample 23,TimesFM,0.4990684390068054
Sample 24,Moirai,0.5587713718414307
Sample 24,Time-MoE,0.4412286579608917
Sample 25,TimesFM,0.5019247531890869
Sample 25,Timer,0.4980752170085907
Sample 26,Moirai,0.503534734249115
Sample 26,Time-MoE,0.49646520614624023
Sample 27,TimesFM,0.5056200623512268
Sample 27,Timer,0.4943799376487732
Sample 28,Chronos,0.5001872181892395
Sample 28,Timer,0.4998128116130829
Sample 29,TimesFM,0.5029719471931458
Sample 29,Chronos,0.49702805280685425
Sample 30,TimesFM,0.5011515617370605
Sample 30,Time-MoE,0.4988483786582947
Sample 31,Moirai,0.512066662311554
Sample 31,Time-MoE,0.4879333972930908
Sample 0,Moirai,0.5752530694007874
Sample 0,Chronos,0.42474690079689026
Sample 1,Moirai,0.5061405301094055
Sample 1,TimesFM,0.49385949969291687
Sample 2,Moirai,0.5230848789215088
Sample 2,Chronos,0.47691506147384644
Sample 3,Moirai,0.5021472573280334
Sample 3,TimesFM,0.49785274267196655
Sample 4,Chronos,0.501750648021698
Sample 4,Timer,0.4982492923736572
Sample 5,Moirai,0.5362569093704224
Sample 5,Chronos,0.46374309062957764
Sample 6,Moirai,0.5143458247184753
Sample 6,TimesFM,0.48565414547920227
Sample 7,Moirai,0.5192711353302002
Sample 7,Timer,0.4807288348674774
Sample 8,Moirai,0.6055536866188049
Sample 8,Timer,0.39444631338119507
Sample 9,TimesFM,0.5014829039573669
Sample 9,Timer,0.49851712584495544
Sample 10,TimesFM,0.5000442266464233
Sample 10,Chronos,0.4999557435512543
Sample 11,TimesFM,0.5041240453720093
Sample 11,Timer,0.4958759844303131
Sample 12,Moirai,0.5193536281585693
Sample 12,Chronos,0.4806463420391083
Sample 13,TimesFM,0.5004869103431702
Sample 13,Chronos,0.4995131194591522
Sample 14,TimesFM,0.5012723207473755
Sample 14,Time-MoE,0.4987276494503021
Sample 15,Moirai,0.5330778956413269
Sample 15,Timer,0.4669221043586731
Sample 16,Moirai,0.599005401134491
Sample 16,Chronos,0.40099456906318665
Sample 17,Chronos,0.5001891255378723
Sample 17,TimesFM,0.4998109042644501
Sample 18,Moirai,0.5184252858161926
Sample 18,Chronos,0.4815747141838074
Sample 19,TimesFM,0.5042322874069214
Sample 19,Timer,0.4957676827907562
Sample 20,Chronos,0.50052809715271
Sample 20,Timer,0.49947184324264526
Sample 21,TimesFM,0.5019753575325012
Sample 21,Chronos,0.4980246424674988
Sample 22,Moirai,0.5157245397567749
Sample 22,Chronos,0.4842755198478699
Sample 23,Moirai,0.5226780772209167
Sample 23,Time-MoE,0.47732195258140564
Sample 24,Moirai,0.576441764831543
Sample 24,Timer,0.42355817556381226
Sample 25,TimesFM,0.5023816227912903
Sample 25,Timer,0.49761834740638733
Sample 26,Moirai,0.5119206309318542
Sample 26,Chronos,0.48807933926582336
Sample 27,TimesFM,0.5035645961761475
Sample 27,Timer,0.49643537402153015
Sample 28,Moirai,0.5228230357170105
Sample 28,Chronos,0.4771769940853119
Sample 29,TimesFM,0.5027874112129211
Sample 29,Time-MoE,0.49721258878707886
Sample 30,TimesFM,0.5003118515014648
Sample 30,Chronos,0.49968814849853516
Sample 31,Moirai,0.5343568921089172
Sample 31,Chronos,0.4656430780887604
Sample 0,Moirai,0.5901010036468506
Sample 0,Timer,0.4098989963531494
Sample 1,TimesFM,0.5014635324478149
Sample 1,Timer,0.49853646755218506
Sample 2,Chronos,0.5006399154663086
Sample 2,TimesFM,0.4993600845336914
Sample 3,TimesFM,0.503383994102478
Sample 3,Timer,0.49661603569984436
Sample 4,Moirai,0.5049582719802856
Sample 4,Chronos,0.49504169821739197
Sample 5,TimesFM,0.5014742612838745
Sample 5,Time-MoE,0.4985257685184479
Sample 6,Moirai,0.5004047155380249
Sample 6,TimesFM,0.4995952844619751
Sample 7,Moirai,0.5353371500968933
Sample 7,Timer,0.4646628201007843
Sample 8,Moirai,0.5856418013572693
Sample 8,Time-MoE,0.41435813903808594
Sample 9,TimesFM,0.5014981627464294
Sample 9,Timer,0.49850186705589294
Sample 10,Moirai,0.5109687447547913
Sample 10,Time-MoE,0.48903125524520874
Sample 11,Moirai,0.5332827568054199
Sample 11,TimesFM,0.4667172431945801
Sample 12,Chronos,0.5038162469863892
Sample 12,Moirai,0.49618372321128845
Sample 13,Moirai,0.5006016492843628
Sample 13,TimesFM,0.4993983805179596
Sample 14,Chronos,0.5003640055656433
Sample 14,TimesFM,0.4996359944343567
Sample 15,Time-MoE,0.5015365481376648
Sample 15,Timer,0.4984634220600128
Sample 16,Moirai,0.5638282299041748
Sample 16,TimesFM,0.4361717402935028
Sample 17,TimesFM,0.5017298460006714
Sample 17,Chronos,0.498270183801651
Sample 18,Moirai,0.507902204990387
Sample 18,Chronos,0.4920978248119354
Sample 19,TimesFM,0.5040316581726074
Sample 19,Time-MoE,0.4959683120250702
Sample 20,Chronos,0.501129686832428
Sample 20,Time-MoE,0.4988703429698944
Sample 21,TimesFM,0.5039003491401672
Sample 21,Timer,0.49609965085983276
Sample 22,TimesFM,0.5006626844406128
Sample 22,Chronos,0.4993373155593872
Sample 23,Moirai,0.509033203125
Sample 23,Time-MoE,0.490966796875
Sample 24,Moirai,0.605181097984314
Sample 24,Timer,0.39481887221336365
Sample 25,TimesFM,0.5012072920799255
Sample 25,Timer,0.4987926781177521
Sample 26,Moirai,0.5092930793762207
Sample 26,Timer,0.4907069206237793
Sample 27,TimesFM,0.5039478540420532
Sample 27,Timer,0.4960521161556244
Sample 28,Moirai,0.5246948003768921
Sample 28,Chronos,0.4753051996231079
Sample 29,Time-MoE,0.50113844871521
Sample 29,Timer,0.49886149168014526
Sample 30,Chronos,0.5002725720405579
Sample 30,Time-MoE,0.49972739815711975
Sample 31,Moirai,0.5449739694595337
Sample 31,Timer,0.4550260603427887
Sample 0,Moirai,0.5935161113739014
Sample 0,Timer,0.4064839482307434
Sample 1,TimesFM,0.5012878179550171
Sample 1,Timer,0.4987121820449829
Sample 2,Time-MoE,0.5006131529808044
Sample 2,Timer,0.49938687682151794
Sample 3,TimesFM,0.5029781460762024
Sample 3,Timer,0.49702188372612
Sample 4,Moirai,0.5061354041099548
Sample 4,Chronos,0.4938645660877228
Sample 5,TimesFM,0.501474142074585
Sample 5,Chronos,0.4985258877277374
Sample 6,Moirai,0.5041583180427551
Sample 6,Chronos,0.4958416819572449
Sample 7,Moirai,0.5228046774864197
Sample 7,Time-MoE,0.4771953225135803
Sample 8,Moirai,0.5875771045684814
Sample 8,Timer,0.41242286562919617
Sample 9,TimesFM,0.5004658699035645
Sample 9,Moirai,0.49953413009643555
Sample 10,Moirai,0.5138720273971558
Sample 10,TimesFM,0.48612797260284424
Sample 11,Moirai,0.5039076209068298
Sample 11,TimesFM,0.49609237909317017
Sample 12,Time-MoE,0.5002513527870178
Sample 12,TimesFM,0.49974867701530457
Sample 13,TimesFM,0.5024830102920532
Sample 13,Time-MoE,0.4975169599056244
Sample 14,Chronos,0.5012713074684143
Sample 14,TimesFM,0.4987286925315857
Sample 15,Moirai,0.5233981609344482
Sample 15,Chronos,0.47660183906555176
Sample 16,Moirai,0.5834658145904541
Sample 16,Chronos,0.4165341854095459
Sample 17,Moirai,0.5026581287384033
Sample 17,TimesFM,0.4973418414592743
Sample 18,Moirai,0.5330145359039307
Sample 18,Chronos,0.46698546409606934
Sample 19,TimesFM,0.5022202134132385
Sample 19,Chronos,0.4977797865867615
Sample 20,TimesFM,0.5008554458618164
Sample 20,Time-MoE,0.499144583940506
Sample 21,TimesFM,0.5022271275520325
Sample 21,Timer,0.4977729320526123
Sample 22,Chronos,0.5011520385742188
Sample 22,Time-MoE,0.4988479018211365
Sample 23,Moirai,0.5317491888999939
Sample 23,Timer,0.4682508111000061
Sample 24,Moirai,0.5800834894180298
Sample 24,Timer,0.4199165403842926
Sample 25,TimesFM,0.5021371245384216
Sample 25,Timer,0.49786290526390076
Sample 26,Moirai,0.5081579685211182
Sample 26,Time-MoE,0.49184203147888184
Sample 27,TimesFM,0.5020619630813599
Sample 27,Chronos,0.49793800711631775
Sample 28,Time-MoE,0.5009966492652893
Sample 28,TimesFM,0.4990033507347107
Sample 29,TimesFM,0.5030893087387085
Sample 29,Timer,0.4969106912612915
Sample 30,Moirai,0.5090362429618835
Sample 30,Chronos,0.49096378684043884
Sample 31,Time-MoE,0.5014601349830627
Sample 31,Timer,0.49853983521461487
Sample 0,Moirai,0.5430883169174194
Sample 0,TimesFM,0.45691171288490295
Sample 1,TimesFM,0.5015273094177246
Sample 1,Chronos,0.4984726905822754
Sample 2,Moirai,0.5015424489974976
Sample 2,Time-MoE,0.49845755100250244
Sample 3,TimesFM,0.502632200717926
Sample 3,Timer,0.4973677694797516
Sample 4,Chronos,0.5005203485488892
Sample 4,TimesFM,0.49947965145111084
Sample 5,TimesFM,0.5028203725814819
Sample 5,Chronos,0.4971795976161957
Sample 6,TimesFM,0.5010685324668884
Sample 6,Chronos,0.49893149733543396
Sample 7,Moirai,0.5170708298683167
Sample 7,Time-MoE,0.48292917013168335
Sample 8,Moirai,0.608348548412323
Sample 8,Timer,0.3916514217853546
Sample 9,TimesFM,0.5012387037277222
Sample 9,Timer,0.49876129627227783
Sample 10,Time-MoE,0.5016623735427856
Sample 10,Timer,0.4983375668525696
Sample 11,TimesFM,0.5031281113624573
Sample 11,Timer,0.49687185883522034
Sample 12,Chronos,0.5008873343467712
Sample 12,Moirai,0.49911266565322876
Sample 13,TimesFM,0.501776397228241
Sample 13,Timer,0.4982236325740814
Sample 14,TimesFM,0.5001278519630432
Sample 14,Time-MoE,0.4998721480369568
Sample 15,Moirai,0.5318002700805664
Sample 15,Time-MoE,0.468199759721756
Sample 0,Moirai,0.6094039082527161
Sample 0,Chronos,0.3905961513519287
Sample 1,TimesFM,0.5007719397544861
Sample 1,Chronos,0.49922803044319153
Sample 2,Chronos,0.5001299381256104
Sample 2,Timer,0.49987006187438965
Sample 3,TimesFM,0.5033934116363525
Sample 3,Timer,0.49660658836364746
Sample 4,Chronos,0.5020313858985901
Sample 4,Moirai,0.4979685842990875
Sample 5,TimesFM,0.5001810789108276
Sample 5,Chronos,0.49981895089149475
Sample 6,Timer,0.5000515580177307
Sample 6,TimesFM,0.4999484717845917
Sample 7,Moirai,0.5369636416435242
Sample 7,Time-MoE,0.46303635835647583
Sample 8,Moirai,0.6019846796989441
Sample 8,Time-MoE,0.3980153203010559
Sample 9,TimesFM,0.5011419653892517
Sample 9,Chronos,0.4988580346107483
Sample 10,Time-MoE,0.5019921660423279
Sample 10,Moirai,0.4980078637599945
Sample 11,TimesFM,0.5036330819129944
Sample 11,Timer,0.4963669776916504
Sample 12,Moirai,0.5242573022842407
Sample 12,Chronos,0.4757426977157593
Sample 13,TimesFM,0.5023474097251892
Sample 13,Chronos,0.4976526200771332
Sample 14,Time-MoE,0.5009453892707825
Sample 14,Chronos,0.49905461072921753
Sample 15,Moirai,0.5367329716682434
Sample 15,Chronos,0.4632669985294342
Sample 16,Moirai,0.5737760663032532
Sample 16,Time-MoE,0.4262239336967468
Sample 17,Moirai,0.5004879832267761
Sample 17,TimesFM,0.49951204657554626
Sample 18,Moirai,0.508039116859436
Sample 18,Chronos,0.49196088314056396
Sample 19,TimesFM,0.5024129748344421
Sample 19,Timer,0.49758702516555786
Sample 20,Moirai,0.5251400470733643
Sample 20,Time-MoE,0.47485992312431335
Sample 21,TimesFM,0.5035585761070251
Sample 21,Timer,0.49644139409065247
Sample 22,TimesFM,0.5011374950408936
Sample 22,Chronos,0.49886250495910645
Sample 23,Timer,0.5006831884384155
Sample 23,Time-MoE,0.4993168115615845
Sample 24,Moirai,0.5808933973312378
Sample 24,Chronos,0.4191066026687622
Sample 25,TimesFM,0.5010703802108765
Sample 25,Chronos,0.49892956018447876
Sample 26,Moirai,0.5346231460571289
Sample 26,Chronos,0.4653768539428711
Sample 27,Moirai,0.5165684223175049
Sample 27,TimesFM,0.4834315776824951
Sample 28,Chronos,0.5011070370674133
Sample 28,Time-MoE,0.49889299273490906
Sample 29,TimesFM,0.5023050904273987
Sample 29,Chronos,0.49769487977027893
Sample 30,Time-MoE,0.5000032782554626
Sample 30,TimesFM,0.49999675154685974
Sample 31,Moirai,0.521994411945343
Sample 31,Time-MoE,0.478005588054657
Sample 0,Moirai,0.5789088606834412
Sample 0,TimesFM,0.42109110951423645
Sample 1,Moirai,0.5032027959823608
Sample 1,TimesFM,0.49679723381996155
Sample 2,Chronos,0.5001295804977417
Sample 2,Time-MoE,0.4998704195022583
Sample 3,TimesFM,0.5019077658653259
Sample 3,Chronos,0.49809226393699646
Sample 4,Time-MoE,0.5001396536827087
Sample 4,TimesFM,0.49986037611961365
Sample 5,TimesFM,0.5018196105957031
Sample 5,Timer,0.49818041920661926
Sample 6,Chronos,0.501849353313446
Sample 6,Timer,0.4981505870819092
Sample 7,Moirai,0.539515495300293
Sample 7,Chronos,0.46048447489738464
Sample 8,Moirai,0.5749943256378174
Sample 8,Time-MoE,0.425005704164505
Sample 9,TimesFM,0.5006781220436096
Sample 9,Moirai,0.4993218779563904
Sample 10,Moirai,0.5040363073348999
Sample 10,Time-MoE,0.4959636330604553
Sample 11,Moirai,0.5093634724617004
Sample 11,Time-MoE,0.4906364977359772
Sample 12,Chronos,0.5038923025131226
Sample 12,Timer,0.49610766768455505
Sample 13,Moirai,0.5056332945823669
Sample 13,TimesFM,0.49436670541763306
Sample 14,TimesFM,0.504605770111084
Sample 14,Chronos,0.495394229888916
Sample 15,Moirai,0.5358554720878601
Sample 15,Time-MoE,0.4641445279121399
Sample 16,Moirai,0.5962427854537964
Sample 16,Time-MoE,0.403757244348526
Sample 17,Moirai,0.503235936164856
Sample 17,TimesFM,0.49676409363746643
Sample 18,Time-MoE,0.5033713579177856
Sample 18,TimesFM,0.49662861227989197
Sample 19,TimesFM,0.5010395646095276
Sample 19,Moirai,0.49896040558815
Sample 20,Moirai,0.5015686750411987
Sample 20,Chronos,0.49843132495880127
Sample 21,Moirai,0.5048549175262451
Sample 21,TimesFM,0.4951450228691101
Sample 22,Chronos,0.5011221170425415
Sample 22,Timer,0.4988778531551361
Sample 23,Time-MoE,0.500068187713623
Sample 23,Timer,0.49993184208869934
Sample 24,Moirai,0.5580353140830994
Sample 24,Time-MoE,0.44196468591690063
Sample 25,TimesFM,0.5018314719200134
Sample 25,Chronos,0.49816855788230896
Sample 26,Time-MoE,0.5006313323974609
Sample 26,Chronos,0.49936866760253906
Sample 27,TimesFM,0.5048097372055054
Sample 27,Timer,0.495190292596817
Sample 28,Moirai,0.5010355114936829
Sample 28,Chronos,0.49896448850631714
Sample 29,TimesFM,0.5036916732788086
Sample 29,Chronos,0.4963083565235138
Sample 30,Timer,0.5000583529472351
Sample 30,Chronos,0.4999416172504425
Sample 31,Moirai,0.5333602428436279
Sample 31,Time-MoE,0.46663978695869446
Sample 0,Moirai,0.569237232208252
Sample 0,Time-MoE,0.43076270818710327
Sample 1,Moirai,0.5038058161735535
Sample 1,TimesFM,0.49619415402412415
Sample 2,Moirai,0.501179575920105
Sample 2,TimesFM,0.4988204836845398
Sample 3,TimesFM,0.5026642084121704
Sample 3,Chronos,0.4973357617855072
Sample 4,Moirai,0.5311480164527893
Sample 4,Time-MoE,0.4688519537448883
Sample 5,Chronos,0.5010727643966675
Sample 5,Time-MoE,0.4989272356033325
Sample 6,Timer,0.5003841519355774
Sample 6,Chronos,0.499615877866745
Sample 7,Moirai,0.5342813730239868
Sample 7,Time-MoE,0.4657185971736908
Sample 8,Moirai,0.5652436017990112
Sample 8,Time-MoE,0.43475639820098877
Sample 9,TimesFM,0.5013622045516968
Sample 9,Chronos,0.4986377954483032
Sample 10,Moirai,0.5030255913734436
Sample 10,Chronos,0.4969744086265564
Sample 11,TimesFM,0.5030671954154968
Sample 11,Chronos,0.49693286418914795
Sample 12,Chronos,0.5002003908157349
Sample 12,Timer,0.49979954957962036
Sample 13,TimesFM,0.5029704570770264
Sample 13,Chronos,0.49702954292297363
Sample 14,Time-MoE,0.5002743005752563
Sample 14,TimesFM,0.4997257590293884
Sample 15,Moirai,0.5207362771034241
Sample 15,Time-MoE,0.4792637228965759
Sample 16,Moirai,0.5418269634246826
Sample 16,TimesFM,0.45817309617996216
Sample 17,TimesFM,0.5012556910514832
Sample 17,Chronos,0.49874430894851685
Sample 18,Time-MoE,0.5008890628814697
Sample 18,Timer,0.4991109073162079
Sample 19,Moirai,0.5340973734855652
Sample 19,TimesFM,0.4659025967121124
Sample 20,Chronos,0.5005930662155151
Sample 20,TimesFM,0.4994069039821625
Sample 21,TimesFM,0.5037032961845398
Sample 21,Chronos,0.4962966740131378
Sample 22,Chronos,0.5042963027954102
Sample 22,Time-MoE,0.49570372700691223
Sample 23,Time-MoE,0.5007798671722412
Sample 23,TimesFM,0.4992201328277588
Sample 24,Moirai,0.5611802935600281
Sample 24,Time-MoE,0.43881967663764954
Sample 25,TimesFM,0.5013009905815125
Sample 25,Chronos,0.49869900941848755
Sample 26,Moirai,0.5035843849182129
Sample 26,Time-MoE,0.4964156150817871
Sample 27,TimesFM,0.5053151845932007
Sample 27,Timer,0.49468478560447693
Sample 28,Timer,0.50034499168396
Sample 28,Chronos,0.49965500831604004
Sample 29,TimesFM,0.5023238658905029
Sample 29,Chronos,0.49767613410949707
Sample 30,TimesFM,0.5003274083137512
Sample 30,Timer,0.49967265129089355
Sample 31,Moirai,0.5124833583831787
Sample 31,Time-MoE,0.4875166714191437
Sample 0,Moirai,0.5783789157867432
Sample 0,Chronos,0.42162105441093445
Sample 1,Moirai,0.5072402358055115
Sample 1,TimesFM,0.4927597641944885
Sample 2,Moirai,0.5239657759666443
Sample 2,Chronos,0.4760342538356781
Sample 3,Moirai,0.5030137896537781
Sample 3,TimesFM,0.4969862401485443
Sample 4,Chronos,0.5018361806869507
Sample 4,Timer,0.4981638491153717
Sample 5,Moirai,0.537828803062439
Sample 5,Chronos,0.46217119693756104
Sample 6,Moirai,0.5150886178016663
Sample 6,Timer,0.48491135239601135
Sample 7,Moirai,0.520287811756134
Sample 7,Timer,0.47971218824386597
Sample 8,Moirai,0.6102801561355591
Sample 8,Chronos,0.3897198736667633
Sample 9,TimesFM,0.5008608102798462
Sample 9,Chronos,0.4991391897201538
Sample 10,TimesFM,0.500169575214386
Sample 10,Chronos,0.4998303949832916
Sample 11,TimesFM,0.5038354992866516
Sample 11,Timer,0.496164470911026
Sample 12,Moirai,0.520117461681366
Sample 12,Chronos,0.4798825979232788
Sample 13,Chronos,0.50019770860672
Sample 13,Time-MoE,0.49980223178863525
Sample 14,TimesFM,0.5008038878440857
Sample 14,Time-MoE,0.4991961121559143
Sample 15,Moirai,0.5344377756118774
Sample 15,Timer,0.46556219458580017
Sample 16,Moirai,0.6030339598655701
Sample 16,Chronos,0.39696601033210754
Sample 17,Chronos,0.5008606910705566
Sample 17,TimesFM,0.49913927912712097
Sample 18,Moirai,0.5192054510116577
Sample 18,Chronos,0.4807945787906647
Sample 19,TimesFM,0.5039229393005371
Sample 19,Timer,0.4960770308971405
Sample 20,Chronos,0.5000544190406799
Sample 20,Timer,0.49994561076164246
Sample 21,TimesFM,0.5013304352760315
Sample 21,Chronos,0.4986695647239685
Sample 22,Moirai,0.5163508057594299
Sample 22,Chronos,0.48364919424057007
Sample 23,Moirai,0.5235289931297302
Sample 23,Time-MoE,0.4764709770679474
Sample 24,Moirai,0.5799797773361206
Sample 24,Chronos,0.42002028226852417
Sample 25,TimesFM,0.5018196702003479
Sample 25,Timer,0.4981803894042969
Sample 26,Moirai,0.5123317837715149
Sample 26,Chronos,0.4876682460308075
Sample 27,TimesFM,0.5031210780143738
Sample 27,Timer,0.49687889218330383
Sample 28,Moirai,0.5236881375312805
Sample 28,Chronos,0.47631192207336426
Sample 29,TimesFM,0.5023838877677917
Sample 29,Timer,0.49761614203453064
Sample 30,Chronos,0.5000271201133728
Sample 30,Timer,0.4999728798866272
Sample 31,Moirai,0.5358334183692932
Sample 31,Chronos,0.4641665518283844
Sample 0,Moirai,0.5945104360580444
Sample 0,Chronos,0.4054895043373108
Sample 1,TimesFM,0.5009938478469849
Sample 1,Chronos,0.49900612235069275
Sample 2,Chronos,0.5010775327682495
Sample 2,Timer,0.4989224374294281
Sample 3,TimesFM,0.5032209157943726
Sample 3,Timer,0.49677905440330505
Sample 4,Moirai,0.5051467418670654
Sample 4,Chronos,0.49485325813293457
Sample 5,TimesFM,0.5008562207221985
Sample 5,Time-MoE,0.4991438090801239
Sample 6,Moirai,0.5009291172027588
Sample 6,Time-MoE,0.4990708529949188
Sample 7,Moirai,0.5369019508361816
Sample 7,Time-MoE,0.46309801936149597
Sample 8,Moirai,0.5889428853988647
Sample 8,Time-MoE,0.41105711460113525
Sample 9,TimesFM,0.5011098384857178
Sample 9,Chronos,0.4988901913166046
Sample 10,Moirai,0.5112693309783936
Sample 10,Time-MoE,0.48873066902160645
Sample 11,Moirai,0.5351038575172424
Sample 11,TimesFM,0.46489617228507996
Sample 12,Chronos,0.5042134523391724
Sample 12,Moirai,0.49578654766082764
Sample 13,Moirai,0.5012876987457275
Sample 13,TimesFM,0.49871230125427246
Sample 14,Chronos,0.5008298754692078
Sample 14,TimesFM,0.49917012453079224
Sample 15,Time-MoE,0.5011627078056335
Sample 15,Timer,0.49883729219436646
Sample 16,Moirai,0.5670832991600037
Sample 16,TimesFM,0.43291670083999634
Sample 17,TimesFM,0.501007080078125
Sample 17,Chronos,0.4989929497241974
Sample 18,Moirai,0.5082525610923767
Sample 18,Chronos,0.4917474091053009
Sample 19,TimesFM,0.5035669207572937
Sample 19,Timer,0.4964330792427063
Sample 20,Chronos,0.5004758238792419
Sample 20,Timer,0.49952417612075806
Sample 21,TimesFM,0.50364750623703
Sample 21,Chronos,0.49635252356529236
Sample 22,Chronos,0.5000897645950317
Sample 22,TimesFM,0.49991023540496826
Sample 23,Moirai,0.5092765688896179
Sample 23,Time-MoE,0.49072346091270447
Sample 24,Moirai,0.6096644401550293
Sample 24,Chronos,0.3903355300426483
Sample 25,TimesFM,0.5005128383636475
Sample 25,Chronos,0.49948716163635254
Sample 26,Moirai,0.5095873475074768
Sample 26,Time-MoE,0.4904126524925232
Sample 27,TimesFM,0.5037691593170166
Sample 27,Timer,0.4962308704853058
Sample 28,Moirai,0.5257499814033508
Sample 28,Chronos,0.47425004839897156
Sample 29,Time-MoE,0.5013208389282227
Sample 29,Timer,0.49867913126945496
Sample 30,Chronos,0.5003048181533813
Sample 30,Time-MoE,0.49969518184661865
Sample 31,Moirai,0.5467901825904846
Sample 31,Time-MoE,0.453209787607193
Sample 0,Moirai,0.5975450873374939
Sample 0,Chronos,0.4024549126625061
Sample 1,TimesFM,0.5008086562156677
Sample 1,Chronos,0.4991913139820099
Sample 2,Time-MoE,0.5006014108657837
Sample 2,Timer,0.4993985891342163
Sample 3,TimesFM,0.5028656125068665
Sample 3,Timer,0.49713435769081116
Sample 4,Moirai,0.5062669515609741
Sample 4,Chronos,0.4937330484390259
Sample 5,TimesFM,0.500873863697052
Sample 5,Chronos,0.4991261959075928
Sample 6,Moirai,0.5043564438819885
Sample 6,Chronos,0.4956435561180115
Sample 7,Moirai,0.5237050652503967
Sample 7,Time-MoE,0.47629493474960327
Sample 8,Moirai,0.5916367769241333
Sample 8,TimesFM,0.4083632528781891
Sample 9,Moirai,0.5002761483192444
Sample 9,TimesFM,0.499723881483078
Sample 10,Moirai,0.5146176218986511
Sample 10,Chronos,0.4853823482990265
Sample 11,Moirai,0.5047510266304016
Sample 11,TimesFM,0.4952489137649536
Sample 12,Time-MoE,0.500231146812439
Sample 12,TimesFM,0.49976882338523865
Sample 13,TimesFM,0.501656711101532
Sample 13,Timer,0.49834325909614563
Sample 14,Chronos,0.5012511014938354
Sample 14,Timer,0.49874889850616455
Sample 15,Moirai,0.5244637131690979
Sample 15,Chronos,0.4755363464355469
Sample 16,Moirai,0.5871349573135376
Sample 16,Chronos,0.4128650426864624
Sample 17,Moirai,0.5035321116447449
Sample 17,TimesFM,0.4964679479598999
Sample 18,Moirai,0.5344560742378235
Sample 18,Chronos,0.4655438959598541
Sample 19,TimesFM,0.501723051071167
Sample 19,Chronos,0.49827688932418823
Sample 20,TimesFM,0.5004835724830627
Sample 20,Time-MoE,0.49951639771461487
Sample 21,TimesFM,0.5022682547569275
Sample 21,Time-MoE,0.4977317750453949
Sample 22,Chronos,0.5012367367744446
Sample 22,Time-MoE,0.4987632930278778
Sample 23,Moirai,0.5331489443778992
Sample 23,Timer,0.46685102581977844
Sample 24,Moirai,0.5840656161308289
Sample 24,Chronos,0.41593438386917114
Sample 25,TimesFM,0.502078115940094
Sample 25,Timer,0.497921884059906
Sample 26,Moirai,0.508201003074646
Sample 26,Time-MoE,0.491798996925354
Sample 27,TimesFM,0.5015141367912292
Sample 27,Chronos,0.4984859228134155
Sample 28,Time-MoE,0.5008013248443604
Sample 28,Timer,0.49919870495796204
Sample 29,TimesFM,0.5025472640991211
Sample 29,Timer,0.4974527359008789
Sample 30,Moirai,0.5091230869293213
Sample 30,Time-MoE,0.4908769130706787
Sample 31,Time-MoE,0.5003045797348022
Sample 31,Timer,0.49969545006752014
Sample 0,Moirai,0.5451022386550903
Sample 0,TimesFM,0.45489776134490967
Sample 1,TimesFM,0.5013555288314819
Sample 1,Chronos,0.4986444413661957
Sample 2,Moirai,0.5012423992156982
Sample 2,Time-MoE,0.49875766038894653
Sample 3,TimesFM,0.5029284954071045
Sample 3,Timer,0.4970715045928955
Sample 4,Timer,0.5000033974647522
Sample 4,Chronos,0.4999966025352478
Sample 5,TimesFM,0.5029115080833435
Sample 5,Chronos,0.4970884621143341
Sample 6,TimesFM,0.5008825063705444
Sample 6,Chronos,0.49911752343177795
Sample 7,Moirai,0.5175149440765381
Sample 7,Time-MoE,0.4824850857257843
Sample 8,Moirai,0.6132192611694336
Sample 8,Time-MoE,0.3867807388305664
Sample 9,TimesFM,0.5014253854751587
Sample 9,Chronos,0.4985745847225189
Sample 10,Time-MoE,0.5015403032302856
Sample 10,Timer,0.49845966696739197
Sample 11,TimesFM,0.5034147500991821
Sample 11,Timer,0.49658527970314026
Sample 12,Chronos,0.5010516047477722
Sample 12,Moirai,0.49894842505455017
Sample 13,TimesFM,0.5018188953399658
Sample 13,Chronos,0.49818113446235657
Sample 14,TimesFM,0.5000786185264587
Sample 14,Timer,0.49992141127586365
Sample 15,Moirai,0.5327721238136292
Sample 15,Time-MoE,0.46722784638404846
Sample 0,Moirai,0.6139762997627258
Sample 0,Time-MoE,0.38602375984191895
Sample 1,TimesFM,0.5011630654335022
Sample 1,Chronos,0.4988369047641754
Sample 2,Timer,0.5003345608711243
Sample 2,Chronos,0.49966540932655334
Sample 3,TimesFM,0.5038260817527771
Sample 3,Timer,0.4961739182472229
Sample 4,Chronos,0.5020385384559631
Sample 4,Moirai,0.4979614317417145
Sample 5,TimesFM,0.5005393624305725
Sample 5,Chronos,0.4994606077671051
Sample 6,Timer,0.5003006458282471
Sample 6,TimesFM,0.49969932436943054
Sample 7,Moirai,0.5380041003227234
Sample 7,Time-MoE,0.4619958996772766
Sample 8,Moirai,0.6061402559280396
Sample 8,Time-MoE,0.39385971426963806
Sample 9,TimesFM,0.5015548467636108
Sample 9,Chronos,0.49844515323638916
Sample 10,Time-MoE,0.5023041367530823
Sample 10,Moirai,0.4976958632469177
Sample 11,TimesFM,0.5043609142303467
Sample 11,Timer,0.4956391155719757
Sample 12,Moirai,0.5253888964653015
Sample 12,Chronos,0.4746111035346985
Sample 13,TimesFM,0.5027757883071899
Sample 13,Chronos,0.49722424149513245
Sample 14,Time-MoE,0.5000220537185669
Sample 14,Timer,0.4999779462814331
Sample 15,Moirai,0.5378461480140686
Sample 15,Time-MoE,0.4621538817882538
Sample 16,Moirai,0.5763134360313416
Sample 16,Time-MoE,0.42368656396865845
Sample 17,Moirai,0.5001909732818604
Sample 17,TimesFM,0.49980905652046204
Sample 18,Moirai,0.5082921385765076
Sample 18,Chronos,0.49170786142349243
Sample 19,TimesFM,0.5029429197311401
Sample 19,Chronos,0.49705708026885986
Sample 20,Moirai,0.5259836912155151
Sample 20,Time-MoE,0.4740162491798401
Sample 21,TimesFM,0.504379153251648
Sample 21,Timer,0.49562084674835205
Sample 22,TimesFM,0.5008367896080017
Sample 22,Chronos,0.4991632103919983
Sample 23,Timer,0.5006964206695557
Sample 23,Time-MoE,0.49930351972579956
Sample 24,Moirai,0.5844294428825378
Sample 24,Time-MoE,0.41557052731513977
Sample 25,TimesFM,0.5014896392822266
Sample 25,Chronos,0.49851036071777344
Sample 26,Moirai,0.5365920066833496
Sample 26,Chronos,0.4634079933166504
Sample 27,Moirai,0.5170285105705261
Sample 27,TimesFM,0.4829714596271515
Sample 28,Chronos,0.5010162591934204
Sample 28,Time-MoE,0.4989837408065796
Sample 29,TimesFM,0.5027825832366943
Sample 29,Chronos,0.4972173571586609
Sample 30,TimesFM,0.5003844499588013
Sample 30,Time-MoE,0.49961555004119873
Sample 31,Moirai,0.5226757526397705
Sample 31,Time-MoE,0.4773242473602295
Sample 0,Moirai,0.582067608833313
Sample 0,TimesFM,0.4179324507713318
Sample 1,Moirai,0.5025631785392761
Sample 1,TimesFM,0.4974368214607239
Sample 2,Chronos,0.5000849366188049
Sample 2,Time-MoE,0.49991509318351746
Sample 3,TimesFM,0.5028225779533386
Sample 3,Chronos,0.497177392244339
Sample 4,Time-MoE,0.5003467798233032
Sample 4,Timer,0.4996532201766968
Sample 5,TimesFM,0.5028637051582336
Sample 5,Timer,0.49713632464408875
Sample 6,Chronos,0.5015525817871094
Sample 6,Timer,0.4984474778175354
Sample 7,Moirai,0.5406128764152527
Sample 7,Time-MoE,0.4593871533870697
Sample 8,Moirai,0.5781447291374207
Sample 8,Time-MoE,0.42185530066490173
Sample 9,TimesFM,0.5014573931694031
Sample 9,Moirai,0.4985426068305969
Sample 10,Moirai,0.5043139457702637
Sample 10,Time-MoE,0.4956860840320587
Sample 11,Moirai,0.5099037289619446
Sample 11,Time-MoE,0.49009624123573303
Sample 12,Chronos,0.5038560032844543
Sample 12,Timer,0.49614402651786804
Sample 13,Moirai,0.5051040649414062
Sample 13,TimesFM,0.49489593505859375
Sample 14,TimesFM,0.5051251649856567
Sample 14,Chronos,0.49487483501434326
Sample 15,Moirai,0.5371200442314148
Sample 15,Time-MoE,0.46287989616394043
Sample 16,Moirai,0.5999046564102173
Sample 16,Time-MoE,0.4000953733921051
Sample 17,Moirai,0.5025992393493652
Sample 17,TimesFM,0.49740076065063477
Sample 18,Time-MoE,0.5033954977989197
Sample 18,Chronos,0.49660444259643555
Sample 19,TimesFM,0.5018166303634644
Sample 19,Moirai,0.49818336963653564
Sample 20,Moirai,0.5017473697662354
Sample 20,Chronos,0.49825263023376465
Sample 21,Moirai,0.5042793154716492
Sample 21,TimesFM,0.49572068452835083
Sample 22,Chronos,0.5006294250488281
Sample 22,Timer,0.4993705749511719
Sample 23,Time-MoE,0.5005163550376892
Sample 23,Timer,0.4994836747646332
Sample 24,Moirai,0.5609022974967957
Sample 24,Time-MoE,0.43909770250320435
Sample 25,TimesFM,0.502601683139801
Sample 25,Chronos,0.4973982870578766
Sample 26,Time-MoE,0.5001276731491089
Sample 26,Chronos,0.4998723864555359
Sample 27,TimesFM,0.5056151151657104
Sample 27,Timer,0.49438488483428955
Sample 28,Moirai,0.5011341571807861
Sample 28,Chronos,0.49886584281921387
Sample 29,TimesFM,0.5047174096107483
Sample 29,Chronos,0.4952826201915741
Sample 30,Timer,0.5004324316978455
Sample 30,Chronos,0.49956756830215454
Sample 31,Moirai,0.5341411828994751
Sample 31,Time-MoE,0.4658587872982025
Sample 0,Moirai,0.5715641975402832
Sample 0,Time-MoE,0.4284358024597168
Sample 1,Moirai,0.5028122663497925
Sample 1,TimesFM,0.4971877634525299
Sample 2,Moirai,0.5007749795913696
Sample 2,TimesFM,0.499224990606308
Sample 3,TimesFM,0.5037005543708801
Sample 3,Chronos,0.49629947543144226
Sample 4,Moirai,0.5323115587234497
Sample 4,Time-MoE,0.4676884412765503
Sample 5,Chronos,0.5013543367385864
Sample 5,Timer,0.4986456036567688
Sample 6,Timer,0.5005963444709778
Sample 6,Chronos,0.4994036853313446
Sample 7,Moirai,0.5354642868041992
Sample 7,Time-MoE,0.4645357131958008
Sample 8,Moirai,0.5672439932823181
Sample 8,Time-MoE,0.4327560067176819
Sample 9,TimesFM,0.5026583075523376
Sample 9,Chronos,0.49734172224998474
Sample 10,Moirai,0.5032684206962585
Sample 10,Chronos,0.49673157930374146
Sample 11,TimesFM,0.5032135248184204
Sample 11,Timer,0.4967864155769348
Sample 12,Chronos,0.5001482367515564
Sample 12,Timer,0.4998517632484436
Sample 13,TimesFM,0.5042158961296082
Sample 13,Chronos,0.49578407406806946
Sample 14,TimesFM,0.5005179047584534
Sample 14,Timer,0.49948206543922424
Sample 15,Moirai,0.52093905210495
Sample 15,Time-MoE,0.47906091809272766
Sample 16,Moirai,0.5425414443016052
Sample 16,TimesFM,0.4574585258960724
Sample 17,TimesFM,0.5022648572921753
Sample 17,Chronos,0.4977351427078247
Sample 18,Time-MoE,0.5009869337081909
Sample 18,Timer,0.4990130662918091
Sample 19,Moirai,0.5346431136131287
Sample 19,TimesFM,0.4653569161891937
Sample 20,Chronos,0.5010082125663757
Sample 20,Timer,0.49899181723594666
Sample 21,TimesFM,0.5050976276397705
Sample 21,Chronos,0.4949023425579071
Sample 22,Chronos,0.5041026473045349
Sample 22,Timer,0.4958973824977875
Sample 23,Time-MoE,0.5010769963264465
Sample 23,TimesFM,0.49892300367355347
Sample 24,Moirai,0.5629960298538208
Sample 24,Time-MoE,0.4370039701461792
Sample 25,TimesFM,0.5024818778038025
Sample 25,Timer,0.4975181221961975
Sample 26,Moirai,0.5036036968231201
Sample 26,Time-MoE,0.49639633297920227
Sample 27,TimesFM,0.5056134462356567
Sample 27,Timer,0.49438658356666565
Sample 28,Time-MoE,0.5002257823944092
Sample 28,Timer,0.4997742176055908
Sample 29,TimesFM,0.5035359859466553
Sample 29,Chronos,0.4964640736579895
Sample 30,TimesFM,0.5005140900611877
Sample 30,Timer,0.49948593974113464
Sample 31,Moirai,0.5122284293174744
Sample 31,Time-MoE,0.48777154088020325
Sample 0,Moirai,0.5812986493110657
Sample 0,Time-MoE,0.4187013506889343
Sample 1,Moirai,0.5060679912567139
Sample 1,TimesFM,0.4939320683479309
Sample 2,Moirai,0.5252726078033447
Sample 2,Chronos,0.47472742199897766
Sample 3,Moirai,0.5017615556716919
Sample 3,TimesFM,0.4982384145259857
Sample 4,Chronos,0.5017140507698059
Sample 4,TimesFM,0.4982859790325165
Sample 5,Moirai,0.5397439002990723
Sample 5,TimesFM,0.4602561295032501
Sample 6,Moirai,0.5156439542770386
Sample 6,TimesFM,0.4843560755252838
Sample 7,Moirai,0.5210190415382385
Sample 7,Time-MoE,0.4789809286594391
Sample 8,Moirai,0.6152791976928711
Sample 8,Time-MoE,0.3847207725048065
Sample 9,TimesFM,0.5024529695510864
Sample 9,Chronos,0.4975470304489136
Sample 10,Chronos,0.5001727938652039
Sample 10,Timer,0.49982717633247375
Sample 11,TimesFM,0.5050376057624817
Sample 11,Timer,0.4949623644351959
Sample 12,Moirai,0.5212652087211609
Sample 12,Chronos,0.4787347912788391
Sample 13,TimesFM,0.5008703470230103
Sample 13,Chronos,0.49912962317466736
Sample 14,TimesFM,0.5013176202774048
Sample 14,Timer,0.4986823499202728
Sample 15,Moirai,0.5354474186897278
Sample 15,Time-MoE,0.4645525813102722
Sample 16,Moirai,0.6079463362693787
Sample 16,Time-MoE,0.39205360412597656
Sample 17,Chronos,0.5003231763839722
Sample 17,TimesFM,0.49967682361602783
Sample 18,Moirai,0.5201119780540466
Sample 18,Time-MoE,0.47988805174827576
Sample 19,TimesFM,0.5046179294586182
Sample 19,Timer,0.49538204073905945
Sample 20,Timer,0.5000259876251221
Sample 20,Chronos,0.4999740421772003
Sample 21,TimesFM,0.5021056532859802
Sample 21,Chronos,0.49789437651634216
Sample 22,Moirai,0.517106294631958
Sample 22,Timer,0.4828937351703644
Sample 23,Moirai,0.5237791538238525
Sample 23,Time-MoE,0.47622084617614746
Sample 24,Moirai,0.583320140838623
Sample 24,Time-MoE,0.41667988896369934
Sample 25,TimesFM,0.5030748248100281
Sample 25,Timer,0.49692514538764954
Sample 26,Moirai,0.5129727721214294
Sample 26,Chronos,0.48702722787857056
Sample 27,TimesFM,0.5043516159057617
Sample 27,Timer,0.4956483542919159
Sample 28,Moirai,0.5250161290168762
Sample 28,Chronos,0.4749838709831238
Sample 29,TimesFM,0.5032767653465271
Sample 29,Timer,0.4967232346534729
Sample 30,TimesFM,0.5001795887947083
Sample 30,Timer,0.49982044100761414
Sample 31,Moirai,0.5367516875267029
Sample 31,Time-MoE,0.4632483124732971
Sample 0,Moirai,0.5985515713691711
Sample 0,TimesFM,0.40144845843315125
Sample 1,TimesFM,0.5029654502868652
Sample 1,Chronos,0.4970345199108124
Sample 2,Chronos,0.5005956888198853
Sample 2,TimesFM,0.49940428137779236
Sample 3,TimesFM,0.504831075668335
Sample 3,Timer,0.49516892433166504
Sample 4,Moirai,0.5055481195449829
Sample 4,Chronos,0.4944519102573395
Sample 5,TimesFM,0.5026406049728394
Sample 5,Timer,0.4973594546318054
Sample 6,TimesFM,0.5002598166465759
Sample 6,Moirai,0.4997401833534241
Sample 7,Moirai,0.5379992127418518
Sample 7,Time-MoE,0.4620007872581482
Sample 8,Moirai,0.5930141806602478
Sample 8,Time-MoE,0.4069857597351074
Sample 9,TimesFM,0.5030452013015747
Sample 9,Timer,0.4969547390937805
Sample 10,Moirai,0.5115979313850403
Sample 10,Time-MoE,0.4884020984172821
Sample 11,Moirai,0.5355305075645447
Sample 11,TimesFM,0.46446943283081055
Sample 12,Chronos,0.5044469237327576
Sample 12,Moirai,0.4955531060695648
Sample 13,TimesFM,0.5002580881118774
Sample 13,Moirai,0.49974191188812256
Sample 14,Chronos,0.5010968446731567
Sample 14,TimesFM,0.49890315532684326
Sample 15,Time-MoE,0.5014689564704895
Sample 15,Timer,0.4985310733318329
Sample 16,Moirai,0.5688060522079468
Sample 16,TimesFM,0.431194007396698
Sample 17,TimesFM,0.5024680495262146
Sample 17,Chronos,0.497531920671463
Sample 18,Moirai,0.5087343454360962
Sample 18,Chronos,0.4912656843662262
Sample 19,TimesFM,0.5042833685874939
Sample 19,Timer,0.4957166314125061
Sample 20,Chronos,0.5002873539924622
Sample 20,Time-MoE,0.49971261620521545
Sample 21,TimesFM,0.5054898262023926
Sample 21,Timer,0.49451014399528503
Sample 22,TimesFM,0.5012937188148499
Sample 22,Chronos,0.49870631098747253
Sample 23,Moirai,0.5087774991989136
Sample 23,Time-MoE,0.4912225306034088
Sample 24,Moirai,0.614345371723175
Sample 24,Time-MoE,0.38565459847450256
Sample 25,TimesFM,0.5024722218513489
Sample 25,Chronos,0.4975278079509735
Sample 26,Moirai,0.5099472403526306
Sample 26,TimesFM,0.4900527596473694
Sample 27,TimesFM,0.5053299069404602
Sample 27,Timer,0.4946700632572174
Sample 28,Moirai,0.5270179510116577
Sample 28,Time-MoE,0.4729820489883423
Sample 29,Time-MoE,0.5004777312278748
Sample 29,Timer,0.49952229857444763
Sample 30,Chronos,0.5003949403762817
Sample 30,Timer,0.49960505962371826
Sample 31,Moirai,0.5482764840126038
Sample 31,Time-MoE,0.45172354578971863
Sample 0,Moirai,0.6017664670944214
Sample 0,Time-MoE,0.3982335329055786
Sample 1,TimesFM,0.5027965307235718
Sample 1,Chronos,0.49720343947410583
Sample 2,Time-MoE,0.5004532933235168
Sample 2,Timer,0.49954667687416077
Sample 3,TimesFM,0.5044874548912048
Sample 3,Timer,0.49551254510879517
Sample 4,Moirai,0.5065971612930298
Sample 4,Chronos,0.4934028387069702
Sample 5,TimesFM,0.5025909543037415
Sample 5,Chronos,0.49740907549858093
Sample 6,Moirai,0.5046461820602417
Sample 6,Chronos,0.4953538477420807
Sample 7,Moirai,0.5241395831108093
Sample 7,Time-MoE,0.4758603870868683
Sample 8,Moirai,0.5959572792053223
Sample 8,Time-MoE,0.4040427505970001
Sample 9,TimesFM,0.5015350580215454
Sample 9,Moirai,0.4984649121761322
Sample 10,Moirai,0.5145515203475952
Sample 10,TimesFM,0.4854485094547272
Sample 11,Moirai,0.5034586191177368
Sample 11,TimesFM,0.4965413808822632
Sample 12,Time-MoE,0.5001898407936096
Sample 12,Timer,0.4998101592063904
Sample 13,TimesFM,0.5019353628158569
Sample 13,Timer,0.49806466698646545
Sample 14,Chronos,0.5013704299926758
Sample 14,Timer,0.4986295700073242
Sample 15,Moirai,0.5256631970405579
Sample 15,Time-MoE,0.47433680295944214
Sample 16,Moirai,0.59077388048172
Sample 16,Time-MoE,0.40922611951828003
Sample 17,Moirai,0.5018433332443237
Sample 17,TimesFM,0.49815669655799866
Sample 18,Moirai,0.5359247326850891
Sample 18,Time-MoE,0.4640752971172333
Sample 19,TimesFM,0.5037083625793457
Sample 19,Chronos,0.4962916374206543
Sample 20,TimesFM,0.5017890334129333
Sample 20,Timer,0.49821099638938904
Sample 21,TimesFM,0.504489004611969
Sample 21,Timer,0.495510995388031
Sample 22,Chronos,0.5014193058013916
Sample 22,Timer,0.4985806941986084
Sample 23,Moirai,0.5337144732475281
Sample 23,Time-MoE,0.4662855267524719
Sample 24,Moirai,0.5867137908935547
Sample 24,TimesFM,0.4132862091064453
Sample 25,TimesFM,0.5038520693778992
Sample 25,Timer,0.4961479604244232
Sample 26,Moirai,0.5082027316093445
Sample 26,Time-MoE,0.4917972683906555
Sample 27,TimesFM,0.5031761527061462
Sample 27,Chronos,0.496823787689209
Sample 28,Time-MoE,0.5010089874267578
Sample 28,Timer,0.4989910423755646
Sample 29,TimesFM,0.5038297176361084
Sample 29,Timer,0.4961702525615692
Sample 30,Moirai,0.5095241069793701
Sample 30,Time-MoE,0.4904758632183075
Sample 31,Time-MoE,0.5014535784721375
Sample 31,Timer,0.4985464811325073
Sample 0,Moirai,0.5459165573120117
Sample 0,TimesFM,0.45408347249031067
Sample 1,TimesFM,0.5027925372123718
Sample 1,Chronos,0.49720749258995056
Sample 2,Moirai,0.5014468431472778
Sample 2,Time-MoE,0.4985531270503998
Sample 3,TimesFM,0.5042694807052612
Sample 3,Timer,0.495730459690094
Sample 4,Chronos,0.5007774829864502
Sample 4,Timer,0.4992224872112274
Sample 5,TimesFM,0.5046854019165039
Sample 5,Chronos,0.4953146278858185
Sample 6,TimesFM,0.5018461346626282
Sample 6,Chronos,0.49815383553504944
Sample 7,Moirai,0.5176095962524414
Sample 7,Time-MoE,0.482390433549881
Sample 8,Moirai,0.6184009909629822
Sample 8,Time-MoE,0.3815990686416626
Sample 9,TimesFM,0.5029772520065308
Sample 9,Timer,0.49702274799346924
Sample 10,Time-MoE,0.5015614032745361
Sample 10,Timer,0.49843859672546387
Sample 11,TimesFM,0.5047293901443481
Sample 11,Timer,0.49527060985565186
Sample 12,Chronos,0.5011461973190308
Sample 12,Moirai,0.49885377287864685
Sample 13,TimesFM,0.5034632682800293
Sample 13,Timer,0.4965367913246155
Sample 14,TimesFM,0.5010443925857544
Sample 14,Timer,0.498955637216568
Sample 15,Moirai,0.5334394574165344
Sample 15,Time-MoE,0.4665605425834656
Sample 0,Moirai,0.6192706227302551
Sample 0,Time-MoE,0.3807293176651001
Sample 1,TimesFM,0.5024507641792297
Sample 1,Chronos,0.49754923582077026
Sample 2,Chronos,0.5000224709510803
Sample 2,Timer,0.4999774992465973
Sample 3,TimesFM,0.5048674941062927
Sample 3,Timer,0.4951324760913849
Sample 4,Chronos,0.5019724369049072
Sample 4,Moirai,0.4980275332927704
Sample 5,TimesFM,0.5017502903938293
Sample 5,Chronos,0.49824967980384827
Sample 6,TimesFM,0.5000578761100769
Sample 6,Timer,0.4999421536922455
Sample 7,Moirai,0.5391384363174438
Sample 7,Time-MoE,0.46086153388023376
Sample 8,Moirai,0.6112901568412781
Sample 8,Time-MoE,0.38870978355407715
Sample 9,TimesFM,0.5028611421585083
Sample 9,Timer,0.4971388876438141
Sample 10,Time-MoE,0.5023185610771179
Sample 10,Moirai,0.4976814389228821
Sample 11,TimesFM,0.5055481791496277
Sample 11,Timer,0.4944518804550171
Sample 12,Moirai,0.5263002514839172
Sample 12,Chronos,0.47369977831840515
Sample 13,TimesFM,0.5041022300720215
Sample 13,Chronos,0.4958977699279785
Sample 14,Chronos,0.50001060962677
Sample 14,Timer,0.4999893605709076
Sample 15,Moirai,0.5389734506607056
Sample 15,Time-MoE,0.46102654933929443
Sample 16,Moirai,0.5796230435371399
Sample 16,Time-MoE,0.4203769862651825
Sample 17,TimesFM,0.5007250308990479
Sample 17,Moirai,0.49927496910095215
Sample 18,Moirai,0.5083824992179871
Sample 18,Chronos,0.49161747097969055
Sample 19,TimesFM,0.5039598941802979
Sample 19,Timer,0.49604013562202454
Sample 20,Moirai,0.5272254943847656
Sample 20,Time-MoE,0.47277453541755676
Sample 21,TimesFM,0.505501925945282
Sample 21,Timer,0.494498074054718
Sample 22,TimesFM,0.5006434321403503
Sample 22,Chronos,0.49935659766197205
Sample 23,Timer,0.5005666017532349
Sample 23,Time-MoE,0.49943339824676514
Sample 24,Moirai,0.5878646969795227
Sample 24,Time-MoE,0.41213536262512207
Sample 25,TimesFM,0.5028088688850403
Sample 25,Chronos,0.49719107151031494
Sample 26,Moirai,0.537598729133606
Sample 26,TimesFM,0.46240121126174927
Sample 27,Moirai,0.5172158479690552
Sample 27,TimesFM,0.48278412222862244
Sample 28,Chronos,0.500749409198761
Sample 28,Time-MoE,0.4992505609989166
Sample 29,TimesFM,0.5040987730026245
Sample 29,Chronos,0.4959012567996979
Sample 30,TimesFM,0.5011719465255737
Sample 30,Timer,0.4988280236721039
Sample 31,Moirai,0.5233025550842285
Sample 31,Time-MoE,0.4766974449157715
Sample 0,Moirai,0.5857643485069275
Sample 0,TimesFM,0.4142356216907501
Sample 1,Moirai,0.502175509929657
Sample 1,TimesFM,0.49782446026802063
Sample 2,Chronos,0.5002289414405823
Sample 2,Time-MoE,0.49977102875709534
Sample 3,TimesFM,0.503754734992981
Sample 3,Chronos,0.49624526500701904
Sample 4,Time-MoE,0.5006327033042908
Sample 4,TimesFM,0.49936723709106445
Sample 5,TimesFM,0.5037657618522644
Sample 5,Timer,0.4962342381477356
Sample 6,Chronos,0.501730740070343
Sample 6,Timer,0.4982692301273346
Sample 7,Moirai,0.542068600654602
Sample 7,Time-MoE,0.45793142914772034
Sample 8,Moirai,0.5819905400276184
Sample 8,TimesFM,0.4180094301700592
Sample 9,TimesFM,0.502021849155426
Sample 9,Moirai,0.49797821044921875
Sample 10,Moirai,0.5049360990524292
Sample 10,Time-MoE,0.4950639307498932
Sample 11,Moirai,0.5104449987411499
Sample 11,Time-MoE,0.4895549714565277
Sample 12,Chronos,0.5045316815376282
Sample 12,Timer,0.49546828866004944
Sample 13,Moirai,0.5047923922538757
Sample 13,TimesFM,0.4952075779438019
Sample 14,TimesFM,0.5059879422187805
Sample 14,Chronos,0.49401208758354187
Sample 15,Moirai,0.5387381911277771
Sample 15,Time-MoE,0.4612618386745453
Sample 16,Moirai,0.604564905166626
Sample 16,Time-MoE,0.39543503522872925
Sample 17,Moirai,0.5022099614143372
Sample 17,TimesFM,0.49779003858566284
Sample 18,Time-MoE,0.5034714341163635
Sample 18,Chronos,0.4965285658836365
Sample 19,TimesFM,0.5023831129074097
Sample 19,Moirai,0.4976169168949127
Sample 20,Moirai,0.5018004179000854
Sample 20,TimesFM,0.49819958209991455
Sample 21,Moirai,0.5039301514625549
Sample 21,TimesFM,0.49606987833976746
Sample 22,Chronos,0.5008149147033691
Sample 22,Timer,0.49918511509895325
Sample 23,Time-MoE,0.5010865926742554
Sample 23,Timer,0.498913437128067
Sample 24,Moirai,0.5635024905204773
Sample 24,TimesFM,0.4364975094795227
Sample 25,TimesFM,0.5036089420318604
Sample 25,Timer,0.49639102816581726
Sample 26,Chronos,0.5001881122589111
Sample 26,Time-MoE,0.4998118579387665
Sample 27,TimesFM,0.5066235065460205
Sample 27,Timer,0.4933764636516571
Sample 28,Moirai,0.500907301902771
Sample 28,Chronos,0.499092698097229
Sample 29,TimesFM,0.5058389902114868
Sample 29,Chronos,0.49416103959083557
Sample 30,TimesFM,0.5001110434532166
Sample 30,Timer,0.49988892674446106
Sample 31,Moirai,0.5352301597595215
Sample 31,Time-MoE,0.46476981043815613
Sample 0,Moirai,0.5748801231384277
Sample 0,Time-MoE,0.42511993646621704
Sample 1,Moirai,0.5028603076934814
Sample 1,TimesFM,0.49713969230651855
Sample 2,Moirai,0.5007959008216858
Sample 2,TimesFM,0.4992041289806366
Sample 3,TimesFM,0.5043153762817383
Sample 3,Chronos,0.4956846535205841
Sample 4,Moirai,0.5338485240936279
Sample 4,Time-MoE,0.46615147590637207
Sample 5,Chronos,0.501728892326355
Sample 5,TimesFM,0.498271107673645
Sample 6,Timer,0.5003586411476135
Sample 6,Chronos,0.4996413588523865
Sample 7,Moirai,0.5370825529098511
Sample 7,Time-MoE,0.46291738748550415
Sample 8,Moirai,0.5701926946640015
Sample 8,Time-MoE,0.42980730533599854
Sample 9,TimesFM,0.5032073855400085
Sample 9,Timer,0.49679258465766907
Sample 10,Moirai,0.5036717057228088
Sample 10,Chronos,0.49632832407951355
Sample 11,TimesFM,0.5036064386367798
Sample 11,Chronos,0.49639350175857544
Sample 12,Chronos,0.5001329779624939
Sample 12,Time-MoE,0.4998670220375061
Sample 13,TimesFM,0.5049457550048828
Sample 13,Chronos,0.4950542747974396
Sample 14,TimesFM,0.5009796619415283
Sample 14,Timer,0.49902036786079407
Sample 15,Moirai,0.5215656757354736
Sample 15,Time-MoE,0.47843435406684875
Sample 16,Moirai,0.5445041656494141
Sample 16,TimesFM,0.4554958939552307
Sample 17,TimesFM,0.5029446482658386
Sample 17,Chronos,0.4970552921295166
Sample 18,Time-MoE,0.5014634728431702
Sample 18,Chronos,0.49853652715682983
Sample 19,Moirai,0.5361466407775879
Sample 19,TimesFM,0.4638533890247345
Sample 20,Chronos,0.5012485980987549
Sample 20,Timer,0.4987514019012451
Sample 21,TimesFM,0.5058515667915344
Sample 21,Chronos,0.4941484332084656
Sample 22,Chronos,0.504563570022583
Sample 22,Timer,0.495436429977417
Sample 23,Time-MoE,0.5012434720993042
Sample 23,TimesFM,0.4987564980983734
Sample 24,Moirai,0.5657482743263245
Sample 24,Time-MoE,0.43425172567367554
Sample 25,TimesFM,0.5029894113540649
Sample 25,Timer,0.49701058864593506
Sample 26,Moirai,0.5039094090461731
Sample 26,Time-MoE,0.4960906207561493
Sample 27,TimesFM,0.5064749121665955
Sample 27,Timer,0.49352505803108215
Sample 28,Time-MoE,0.5005157589912415
Sample 28,Timer,0.49948427081108093
Sample 29,TimesFM,0.5041823983192444
Sample 29,Chronos,0.4958176016807556
Sample 30,TimesFM,0.5011574625968933
Sample 30,Timer,0.4988425076007843
Sample 31,Moirai,0.5123404860496521
Sample 31,Time-MoE,0.4876594841480255
Sample 0,Moirai,0.5851789712905884
Sample 0,Time-MoE,0.4148210287094116
Sample 1,Moirai,0.5066481828689575
Sample 1,TimesFM,0.49335187673568726
Sample 2,Moirai,0.5263057947158813
Sample 2,Chronos,0.47369417548179626
Sample 3,Moirai,0.5021028518676758
Sample 3,TimesFM,0.49789711833000183
Sample 4,Chronos,0.5016832947731018
Sample 4,TimesFM,0.4983167052268982
Sample 5,Moirai,0.5417994260787964
Sample 5,TimesFM,0.4582005739212036
Sample 6,Moirai,0.5164014101028442
Sample 6,Timer,0.48359861969947815
Sample 7,Moirai,0.5218943953514099
Sample 7,Timer,0.4781055748462677
Sample 8,Moirai,0.6198896765708923
Sample 8,Timer,0.38011032342910767
Sample 9,TimesFM,0.5026476979255676
Sample 9,Chronos,0.49735233187675476
Sample 10,Chronos,0.5005431771278381
Sample 10,Timer,0.49945682287216187
Sample 11,TimesFM,0.5056276321411133
Sample 11,Timer,0.49437233805656433
Sample 12,Moirai,0.5218143463134766
Sample 12,Chronos,0.47818562388420105
Sample 13,TimesFM,0.5010945200920105
Sample 13,Chronos,0.4989055097103119
Sample 14,TimesFM,0.501516580581665
Sample 14,Chronos,0.4984833896160126
Sample 15,Moirai,0.5369736552238464
Sample 15,Time-MoE,0.46302637457847595
Sample 16,Moirai,0.6124153137207031
Sample 16,Chronos,0.38758471608161926
Sample 17,Chronos,0.5002594590187073
Sample 17,TimesFM,0.49974048137664795
Sample 18,Moirai,0.5209743976593018
Sample 18,Chronos,0.47902563214302063
Sample 19,TimesFM,0.5053189992904663
Sample 19,Timer,0.4946809411048889
Sample 20,Chronos,0.5000067353248596
Sample 20,Timer,0.49999329447746277
Sample 21,TimesFM,0.5023321509361267
Sample 21,Chronos,0.4976678490638733
Sample 22,Moirai,0.517916202545166
Sample 22,Chronos,0.482083797454834
Sample 23,Moirai,0.5246472358703613
Sample 23,Time-MoE,0.4753527045249939
Sample 24,Moirai,0.586647629737854
Sample 24,Timer,0.41335242986679077
Sample 25,TimesFM,0.5036235451698303
Sample 25,Timer,0.4963764548301697
Sample 26,Moirai,0.5131407380104065
Sample 26,Chronos,0.4868593215942383
Sample 27,TimesFM,0.5050704479217529
Sample 27,Timer,0.49492958188056946
Sample 28,Moirai,0.5256540179252625
Sample 28,Chronos,0.47434598207473755
Sample 29,TimesFM,0.5042712688446045
Sample 29,Timer,0.4957287311553955
Sample 30,TimesFM,0.5003671050071716
Sample 30,Chronos,0.49963289499282837
Sample 31,Moirai,0.5382933616638184
Sample 31,Time-MoE,0.46170660853385925
Sample 0,Moirai,0.6031591892242432
Sample 0,Timer,0.39684078097343445
Sample 1,TimesFM,0.5028406977653503
Sample 1,Chronos,0.49715933203697205
Sample 2,Chronos,0.5007855892181396
Sample 2,TimesFM,0.4992144703865051
Sample 3,TimesFM,0.5050400495529175
Sample 3,Timer,0.4949599802494049
Sample 4,Moirai,0.5057390928268433
Sample 4,Chronos,0.4942609667778015
Sample 5,TimesFM,0.503044605255127
Sample 5,Timer,0.49695536494255066
Sample 6,Moirai,0.5004339814186096
Sample 6,TimesFM,0.499565988779068
Sample 7,Moirai,0.5397624969482422
Sample 7,Time-MoE,0.4602374732494354
Sample 8,Moirai,0.5972240567207336
Sample 8,Chronos,0.40277591347694397
Sample 9,TimesFM,0.5030096173286438
Sample 9,Chronos,0.4969903826713562
Sample 10,Moirai,0.5122338533401489
Sample 10,Time-MoE,0.48776617646217346
Sample 11,Moirai,0.5375470519065857
Sample 11,TimesFM,0.4624529778957367
Sample 12,Chronos,0.5050508975982666
Sample 12,Moirai,0.4949491024017334
Sample 13,Moirai,0.5001867413520813
Sample 13,TimesFM,0.4998132586479187
Sample 14,Chronos,0.5012045502662659
Sample 14,TimesFM,0.49879544973373413
Sample 15,Time-MoE,0.502153217792511
Sample 15,Timer,0.497846782207489
Sample 16,Moirai,0.5726074576377869
Sample 16,TimesFM,0.42739248275756836
Sample 17,TimesFM,0.5024888515472412
Sample 17,Chronos,0.4975111782550812
Sample 18,Moirai,0.5091271996498108
Sample 18,Chronos,0.4908728301525116
Sample 19,TimesFM,0.5054470896720886
Sample 19,Timer,0.4945529103279114
Sample 20,Chronos,0.5004844069480896
Sample 20,Time-MoE,0.499515563249588
Sample 21,TimesFM,0.5055749416351318
Sample 21,Chronos,0.4944250285625458
Sample 22,TimesFM,0.5009924173355103
Sample 22,Chronos,0.49900755286216736
Sample 23,Moirai,0.508927047252655
Sample 23,Time-MoE,0.4910729229450226
Sample 24,Moirai,0.6194331049919128
Sample 24,Chronos,0.38056689500808716
Sample 25,TimesFM,0.5023669004440308
Sample 25,Chronos,0.4976331293582916
Sample 26,Moirai,0.5105568766593933
Sample 26,Timer,0.4894431531429291
Sample 27,TimesFM,0.5056451559066772
Sample 27,Timer,0.494354784488678
Sample 28,Moirai,0.5279977917671204
Sample 28,Chronos,0.47200217843055725
Sample 29,Time-MoE,0.5007094740867615
Sample 29,Timer,0.4992905259132385
Sample 30,Chronos,0.5006787776947021
Sample 30,Timer,0.49932122230529785
Sample 31,Moirai,0.5505363941192627
Sample 31,Time-MoE,0.4494636356830597
Sample 0,Moirai,0.6059571504592896
Sample 0,Timer,0.39404287934303284
Sample 1,TimesFM,0.502463698387146
Sample 1,Chronos,0.4975363612174988
Sample 2,Time-MoE,0.5006908178329468
Sample 2,Timer,0.49930915236473083
Sample 3,TimesFM,0.5045838952064514
Sample 3,Timer,0.4954161047935486
Sample 4,Moirai,0.5063729882240295
Sample 4,Chronos,0.49362701177597046
Sample 5,TimesFM,0.5022240281105042
Sample 5,Chronos,0.49777597188949585
Sample 6,Moirai,0.504891037940979
Sample 6,Chronos,0.4951089918613434
Sample 7,Moirai,0.5251925587654114
Sample 7,Time-MoE,0.4748074412345886
Sample 8,Moirai,0.5992245674133301
Sample 8,Timer,0.4007754921913147
Sample 9,TimesFM,0.5006995797157288
Sample 9,Moirai,0.49930039048194885
Sample 10,Moirai,0.5156208872795105
Sample 10,TimesFM,0.4843791127204895
Sample 11,Moirai,0.504416823387146
Sample 11,TimesFM,0.4955832064151764
Sample 12,Time-MoE,0.5001640319824219
Sample 12,TimesFM,0.49983593821525574
Sample 13,TimesFM,0.5030505657196045
Sample 13,Chronos,0.4969494342803955
Sample 14,Chronos,0.501792311668396
Sample 14,Timer,0.4982076585292816
Sample 15,Moirai,0.5266823768615723
Sample 15,Chronos,0.4733176529407501
Sample 16,Moirai,0.5945653915405273
Sample 16,Timer,0.40543463826179504
Sample 17,Moirai,0.5028255581855774
Sample 17,TimesFM,0.4971744120121002
Sample 18,Moirai,0.5373186469078064
Sample 18,Chronos,0.462681382894516
Sample 19,TimesFM,0.5034176707267761
Sample 19,Chronos,0.4965823292732239
Sample 20,TimesFM,0.5023652911186218
Sample 20,Timer,0.4976346790790558
Sample 21,TimesFM,0.5039908289909363
Sample 21,Moirai,0.49600914120674133
Sample 22,Chronos,0.502092182636261
Sample 22,TimesFM,0.497907817363739
Sample 23,Moirai,0.5351856350898743
Sample 23,Time-MoE,0.4648143947124481
Sample 24,Moirai,0.5912962555885315
Sample 24,TimesFM,0.4087037742137909
Sample 25,TimesFM,0.5038486123085022
Sample 25,Timer,0.4961513876914978
Sample 26,Moirai,0.5087137818336487
Sample 26,Time-MoE,0.4912862479686737
Sample 27,TimesFM,0.5029138326644897
Sample 27,Chronos,0.49708619713783264
Sample 28,Time-MoE,0.5010695457458496
Sample 28,Timer,0.4989304542541504
Sample 29,TimesFM,0.5037067532539368
Sample 29,Chronos,0.49629324674606323
Sample 30,Moirai,0.5096648335456848
Sample 30,Chronos,0.4903351962566376
Sample 31,Time-MoE,0.5021622180938721
Sample 31,Timer,0.49783778190612793
Sample 0,Moirai,0.5491605997085571
Sample 0,TimesFM,0.45083940029144287
Sample 1,TimesFM,0.5026391744613647
Sample 1,Chronos,0.49736082553863525
Sample 2,Moirai,0.5015835165977478
Sample 2,Chronos,0.4984164834022522
Sample 3,TimesFM,0.5043092966079712
Sample 3,Timer,0.4956906735897064
Sample 4,Chronos,0.5013059377670288
Sample 4,Time-MoE,0.4986940920352936
Sample 5,TimesFM,0.5039032101631165
Sample 5,Moirai,0.49609681963920593
Sample 6,TimesFM,0.5015432238578796
Sample 6,Chronos,0.49845683574676514
Sample 7,Moirai,0.5183168053627014
Sample 7,Time-MoE,0.4816831648349762
Sample 8,Moirai,0.6227023601531982
Sample 8,Timer,0.37729766964912415
Sample 9,TimesFM,0.5026671886444092
Sample 9,Timer,0.4973328113555908
Sample 10,Time-MoE,0.5017977356910706
Sample 10,Timer,0.49820223450660706
Sample 11,TimesFM,0.5046194195747375
Sample 11,Timer,0.4953805208206177
Sample 12,Chronos,0.5015113949775696
Sample 12,Moirai,0.4984886050224304
Sample 13,TimesFM,0.5029799342155457
Sample 13,Chronos,0.49702009558677673
Sample 14,TimesFM,0.501082718372345
Sample 14,Timer,0.49891725182533264
Sample 15,Moirai,0.5348992943763733
Sample 15,Time-MoE,0.4651007354259491
Sample 0,Moirai,0.6237808465957642
Sample 0,Timer,0.37621915340423584
Sample 1,TimesFM,0.5019746422767639
Sample 1,Chronos,0.4980253577232361
Sample 2,Chronos,0.5001739263534546
Sample 2,Time-MoE,0.4998261034488678
Sample 3,TimesFM,0.5046694874763489
Sample 3,Timer,0.4953305423259735
Sample 4,Chronos,0.5019410252571106
Sample 4,Moirai,0.498058944940567
Sample 5,TimesFM,0.5011745095252991
Sample 5,Chronos,0.49882546067237854
Sample 6,Timer,0.5001102685928345
Sample 6,TimesFM,0.4998897314071655
Sample 7,Moirai,0.5408696532249451
Sample 7,Time-MoE,0.45913034677505493
Sample 8,Moirai,0.6163099408149719
Sample 8,Timer,0.38369011878967285
Sample 9,TimesFM,0.5024582147598267
Sample 9,Chronos,0.4975418150424957
Sample 10,Time-MoE,0.5022721886634827
Sample 10,Moirai,0.49772781133651733
Sample 11,TimesFM,0.5052694082260132
Sample 11,Timer,0.49473056197166443
Sample 12,Moirai,0.5267775058746338
Sample 12,Chronos,0.473222553730011
Sample 13,TimesFM,0.5036993622779846
Sample 13,Chronos,0.4963006377220154
Sample 14,Chronos,0.500014066696167
Sample 14,Time-MoE,0.4999859035015106
Sample 15,Moirai,0.5406689643859863
Sample 15,Time-MoE,0.4593309760093689
Sample 16,Moirai,0.5833531618118286
Sample 16,Timer,0.4166468381881714
Sample 17,Moirai,0.5005475282669067
Sample 17,TimesFM,0.49945250153541565
Sample 18,Moirai,0.5081726312637329
Sample 18,Chronos,0.4918273687362671
Sample 19,TimesFM,0.5035598278045654
Sample 19,Timer,0.49644020199775696
Sample 20,Moirai,0.5284799933433533
Sample 20,Timer,0.47152000665664673
Sample 21,TimesFM,0.5052101612091064
Sample 21,Timer,0.4947897791862488
Sample 22,TimesFM,0.5005446672439575
Sample 22,Chronos,0.4994553029537201
Sample 23,Timer,0.500582218170166
Sample 23,Time-MoE,0.4994177520275116
Sample 24,Moirai,0.591046929359436
Sample 24,Timer,0.40895307064056396
Sample 25,TimesFM,0.5023465752601624
Sample 25,Chronos,0.49765345454216003
Sample 26,Moirai,0.540034830570221
Sample 26,Timer,0.45996516942977905
Sample 27,Moirai,0.5187342166900635
Sample 27,TimesFM,0.4812657833099365
Sample 28,Chronos,0.5010709166526794
Sample 28,Time-MoE,0.4989290237426758
Sample 29,TimesFM,0.5036189556121826
Sample 29,Chronos,0.4963810443878174
Sample 30,TimesFM,0.5011270642280579
Sample 30,Time-MoE,0.49887293577194214
Sample 31,Moirai,0.5243489742279053
Sample 31,Time-MoE,0.4756510555744171
Sample 0,Moirai,0.590183436870575
Sample 0,TimesFM,0.4098165035247803
Sample 1,Moirai,0.5037545561790466
Sample 1,TimesFM,0.496245414018631
Sample 2,Chronos,0.5004986524581909
Sample 2,Time-MoE,0.4995013475418091
Sample 3,TimesFM,0.5031988024711609
Sample 3,Chronos,0.4968011677265167
Sample 4,Time-MoE,0.5003894567489624
Sample 4,TimesFM,0.4996105432510376
Sample 5,TimesFM,0.5031139850616455
Sample 5,Timer,0.4968860149383545
Sample 6,Chronos,0.5022332668304443
Sample 6,Timer,0.49776673316955566
Sample 7,Moirai,0.5438987612724304
Sample 7,Time-MoE,0.4561012089252472
Sample 8,Moirai,0.5856074094772339
Sample 8,Chronos,0.4143925607204437
Sample 9,TimesFM,0.5006887316703796
Sample 9,Moirai,0.49931129813194275
Sample 10,Moirai,0.5052211880683899
Sample 10,Time-MoE,0.4947788119316101
Sample 11,Moirai,0.5108293890953064
Sample 11,Time-MoE,0.4891706109046936
Sample 12,Chronos,0.5054707527160645
Sample 12,Timer,0.49452924728393555
Sample 13,Moirai,0.5063981413841248
Sample 13,TimesFM,0.49360185861587524
Sample 14,TimesFM,0.5061203241348267
Sample 14,Chronos,0.4938797056674957
Sample 15,Moirai,0.540534496307373
Sample 15,Time-MoE,0.45946553349494934
Sample 16,Moirai,0.6088112592697144
Sample 16,Chronos,0.39118877053260803
Sample 17,Moirai,0.5037645697593689
Sample 17,TimesFM,0.4962354004383087
Sample 18,Time-MoE,0.5036434531211853
Sample 18,Chronos,0.4963565170764923
Sample 19,TimesFM,0.5011253952980042
Sample 19,Moirai,0.4988745450973511
Sample 20,Moirai,0.5027459263801575
Sample 20,Chronos,0.4972541332244873
Sample 21,Moirai,0.5055480003356934
Sample 21,TimesFM,0.49445196986198425
Sample 22,Chronos,0.5013713240623474
Sample 22,Timer,0.4986286461353302
Sample 23,Time-MoE,0.5007742643356323
Sample 23,Timer,0.49922576546669006
Sample 24,Moirai,0.5671156048774719
Sample 24,Timer,0.4328843951225281
Sample 25,TimesFM,0.5032155513763428
Sample 25,Timer,0.4967844486236572
Sample 26,Time-MoE,0.5002413988113403
Sample 26,Chronos,0.49975860118865967
Sample 27,TimesFM,0.5063868165016174
Sample 27,Timer,0.4936131238937378
Sample 28,Moirai,0.5001891255378723
Sample 28,Chronos,0.4998109042644501
Sample 29,TimesFM,0.5054543018341064
Sample 29,Chronos,0.49454566836357117
Sample 30,TimesFM,0.5001710057258606
Sample 30,Chronos,0.499828964471817
Sample 31,Moirai,0.5367516875267029
Sample 31,Time-MoE,0.4632483124732971
Sample 0,Moirai,0.5781888365745544
Sample 0,Time-MoE,0.4218111038208008
Sample 1,Moirai,0.5045096278190613
Sample 1,TimesFM,0.49549031257629395
Sample 2,Moirai,0.501522421836853
Sample 2,TimesFM,0.49847763776779175
Sample 3,TimesFM,0.5040320158004761
Sample 3,Chronos,0.4959679841995239
Sample 4,Moirai,0.5353837013244629
Sample 4,Time-MoE,0.4646162688732147
Sample 5,Chronos,0.5017355680465698
Sample 5,TimesFM,0.4982644319534302
Sample 6,Timer,0.5004503726959229
Sample 6,Chronos,0.49954962730407715
Sample 7,Moirai,0.5387300848960876
Sample 7,Time-MoE,0.46126988530158997
Sample 8,Moirai,0.5733106136322021
Sample 8,Time-MoE,0.42668938636779785
Sample 9,TimesFM,0.5024492740631104
Sample 9,Timer,0.4975506663322449
Sample 10,Moirai,0.5043845176696777
Sample 10,Chronos,0.49561548233032227
Sample 11,TimesFM,0.5037661194801331
Sample 11,Chronos,0.49623382091522217
Sample 12,Chronos,0.5006700754165649
Sample 12,Timer,0.49932995438575745
Sample 13,TimesFM,0.5045948624610901
Sample 13,Timer,0.4954051077365875
Sample 14,TimesFM,0.5006929039955139
Sample 14,Timer,0.49930712580680847
Sample 15,Moirai,0.5225101709365845
Sample 15,Time-MoE,0.47748979926109314
Sample 16,Moirai,0.5480611324310303
Sample 16,TimesFM,0.4519388973712921
Sample 17,TimesFM,0.5027112364768982
Sample 17,Chronos,0.4972887635231018
Sample 18,Time-MoE,0.5014184713363647
Sample 18,Chronos,0.49858152866363525
Sample 19,Moirai,0.5389174818992615
Sample 19,TimesFM,0.4610825479030609
Sample 20,Chronos,0.5016725659370422
Sample 20,Timer,0.49832749366760254
Sample 21,TimesFM,0.5054997801780701
Sample 21,Chronos,0.4945002496242523
Sample 22,Chronos,0.5052226185798645
Sample 22,Timer,0.4947773516178131
Sample 23,Time-MoE,0.5008842945098877
Sample 23,TimesFM,0.4991157352924347
Sample 24,Moirai,0.5686728954315186
Sample 24,Time-MoE,0.43132704496383667
Sample 25,TimesFM,0.5023103952407837
Sample 25,Timer,0.4976896047592163
Sample 26,Moirai,0.5041892528533936
Sample 26,Time-MoE,0.49581077694892883
Sample 27,TimesFM,0.5066127181053162
Sample 27,Timer,0.4933873116970062
Sample 28,Time-MoE,0.5000810623168945
Sample 28,Timer,0.49991893768310547
Sample 29,TimesFM,0.5038151741027832
Sample 29,Chronos,0.4961848258972168
Sample 30,TimesFM,0.5009655952453613
Sample 30,Timer,0.4990343749523163
Sample 31,Moirai,0.5128188133239746
Sample 31,Time-MoE,0.487181156873703
Sample 0,Moirai,0.5883655548095703
Sample 0,Chronos,0.4116343855857849
Sample 1,Moirai,0.5085121989250183
Sample 1,TimesFM,0.4914878010749817
Sample 2,Moirai,0.5273804664611816
Sample 2,Chronos,0.4726194739341736
Sample 3,Moirai,0.5036521553993225
Sample 3,TimesFM,0.4963478147983551
Sample 4,Chronos,0.5020084977149963
Sample 4,TimesFM,0.4979914724826813
Sample 5,Moirai,0.5436350703239441
Sample 5,Chronos,0.45636487007141113
Sample 6,Moirai,0.517525315284729
Sample 6,Timer,0.4824746549129486
Sample 7,Moirai,0.5228559374809265
Sample 7,Timer,0.4771440625190735
Sample 8,Moirai,0.624610424041748
Sample 8,Chronos,0.37538960576057434
Sample 9,TimesFM,0.5020058751106262
Sample 9,Timer,0.497994065284729
Sample 10,Chronos,0.5003106594085693
Sample 10,TimesFM,0.49968937039375305
Sample 11,TimesFM,0.505024790763855
Sample 11,Timer,0.494975209236145
Sample 12,Moirai,0.5217790007591248
Sample 12,Chronos,0.47822099924087524
Sample 13,TimesFM,0.5008485317230225
Sample 13,Chronos,0.49915143847465515
Sample 14,TimesFM,0.5016369819641113
Sample 14,Chronos,0.49836307764053345
Sample 15,Moirai,0.5384417772293091
Sample 15,Timer,0.4615582227706909
Sample 16,Moirai,0.6164452433586121
Sample 16,Chronos,0.38355469703674316
Sample 17,Chronos,0.5004202723503113
Sample 17,TimesFM,0.4995797276496887
Sample 18,Moirai,0.5215161442756653
Sample 18,Chronos,0.4784838557243347
Sample 19,TimesFM,0.5050519704818726
Sample 19,Timer,0.49494805932044983
Sample 20,Chronos,0.5004594326019287
Sample 20,Timer,0.4995405375957489
Sample 21,TimesFM,0.5023539662361145
Sample 21,Chronos,0.4976460337638855
Sample 22,Moirai,0.5189214944839478
Sample 22,Chronos,0.48107850551605225
Sample 23,Moirai,0.5256777405738831
Sample 23,Time-MoE,0.47432222962379456
Sample 24,Moirai,0.5899220705032349
Sample 24,Chronos,0.4100779592990875
Sample 25,TimesFM,0.5029084086418152
Sample 25,Timer,0.4970915615558624
Sample 26,Moirai,0.5129687190055847
Sample 26,Chronos,0.4870312511920929
Sample 27,TimesFM,0.5044435858726501
Sample 27,Timer,0.49555641412734985
Sample 28,Moirai,0.5257022976875305
Sample 28,Chronos,0.4742977023124695
Sample 29,TimesFM,0.5038286447525024
Sample 29,Timer,0.49617132544517517
Sample 30,TimesFM,0.5001296997070312
Sample 30,Chronos,0.4998703598976135
Sample 31,Moirai,0.5397586226463318
Sample 31,Chronos,0.4602413773536682
Sample 0,Moirai,0.6076263189315796
Sample 0,Chronos,0.392373651266098
Sample 1,TimesFM,0.5021070241928101
Sample 1,Timer,0.49789297580718994
Sample 2,Chronos,0.5009061098098755
Sample 2,TimesFM,0.4990938901901245
Sample 3,TimesFM,0.5042563676834106
Sample 3,Timer,0.49574363231658936
Sample 4,Moirai,0.5063008666038513
Sample 4,Chronos,0.4936991333961487
Sample 5,TimesFM,0.5022069215774536
Sample 5,Timer,0.4977930784225464
Sample 6,Moirai,0.5019928216934204
Sample 6,TimesFM,0.49800723791122437
Sample 7,Moirai,0.5414162874221802
Sample 7,Time-MoE,0.45858368277549744
Sample 8,Moirai,0.6015194058418274
Sample 8,Chronos,0.398480623960495
Sample 9,TimesFM,0.5021554827690125
Sample 9,Timer,0.49784454703330994
Sample 10,Moirai,0.5128282904624939
Sample 10,Time-MoE,0.4871717691421509
Sample 11,Moirai,0.5401641726493835
Sample 11,TimesFM,0.45983585715293884
Sample 12,Chronos,0.5055314302444458
Sample 12,Moirai,0.4944685697555542
Sample 13,Moirai,0.5015276074409485
Sample 13,TimesFM,0.4984723627567291
Sample 14,Chronos,0.5009078979492188
Sample 14,TimesFM,0.499092161655426
Sample 15,Time-MoE,0.5016813278198242
Sample 15,Timer,0.4983186721801758
Sample 16,Moirai,0.5770694613456726
Sample 16,TimesFM,0.422930508852005
Sample 17,TimesFM,0.5023167729377747
Sample 17,Chronos,0.49768316745758057
Sample 18,Moirai,0.5101383328437805
Sample 18,Chronos,0.4898616671562195
Sample 19,TimesFM,0.5050452351570129
Sample 19,Timer,0.49495479464530945
Sample 20,Chronos,0.50125652551651
Sample 20,Timer,0.49874347448349
Sample 21,TimesFM,0.5050392150878906
Sample 21,Timer,0.49496084451675415
Sample 22,TimesFM,0.5006085634231567
Sample 22,Chronos,0.49939143657684326
Sample 23,Moirai,0.5093287825584412
Sample 23,Time-MoE,0.49067121744155884
Sample 24,Moirai,0.6238709688186646
Sample 24,Chronos,0.37612900137901306
Sample 25,TimesFM,0.5018079280853271
Sample 25,Chronos,0.4981920123100281
Sample 26,Moirai,0.5113073587417603
Sample 26,Chronos,0.48869258165359497
Sample 27,TimesFM,0.5049369931221008
Sample 27,Timer,0.4950629770755768
Sample 28,Moirai,0.5284495949745178
Sample 28,Chronos,0.47155043482780457
Sample 29,Time-MoE,0.5010774731636047
Sample 29,Timer,0.49892252683639526
Sample 30,Chronos,0.5005043148994446
Sample 30,Timer,0.4994956851005554
Sample 31,Moirai,0.5526397824287415
Sample 31,Time-MoE,0.44736021757125854
Sample 0,Moirai,0.6099275350570679
Sample 0,Chronos,0.39007246494293213
Sample 1,TimesFM,0.5018479824066162
Sample 1,Timer,0.4981520175933838
Sample 2,Time-MoE,0.500901460647583
Sample 2,Timer,0.4990985691547394
Sample 3,TimesFM,0.5037409067153931
Sample 3,Timer,0.4962591230869293
Sample 4,Moirai,0.505678653717041
Sample 4,Chronos,0.4943213164806366
Sample 5,TimesFM,0.5019583106040955
Sample 5,Chronos,0.49804165959358215
Sample 6,Moirai,0.505749523639679
Sample 6,Chronos,0.49425047636032104
Sample 7,Moirai,0.5262401700019836
Sample 7,Time-MoE,0.47375980019569397
Sample 8,Moirai,0.6042790412902832
Sample 8,Timer,0.3957209885120392
Sample 9,Moirai,0.5009257197380066
Sample 9,TimesFM,0.4990742802619934
Sample 10,Moirai,0.5170431733131409
Sample 10,Chronos,0.48295676708221436
Sample 11,Moirai,0.5060317516326904
Sample 11,TimesFM,0.49396827816963196
Sample 12,Time-MoE,0.5000097155570984
Sample 12,TimesFM,0.499990314245224
Sample 13,TimesFM,0.5029417276382446
Sample 13,Timer,0.49705833196640015
Sample 14,Chronos,0.5020411610603333
Sample 14,Timer,0.49795886874198914
Sample 15,Moirai,0.5276336073875427
Sample 15,Chronos,0.4723663628101349
Sample 16,Moirai,0.5980983376502991
Sample 16,Chronos,0.4019016623497009
Sample 17,Moirai,0.5046120882034302
Sample 17,TimesFM,0.4953879415988922
Sample 18,Moirai,0.5382827520370483
Sample 18,Chronos,0.46171724796295166
Sample 19,TimesFM,0.5029860734939575
Sample 19,Chronos,0.4970138669013977
Sample 20,TimesFM,0.5015338659286499
Sample 20,Timer,0.4984661340713501
Sample 21,TimesFM,0.5025716423988342
Sample 21,Moirai,0.49742835760116577
Sample 22,Chronos,0.5020120143890381
Sample 22,TimesFM,0.4979879856109619
Sample 23,Moirai,0.5364630222320557
Sample 23,Chronos,0.46353697776794434
Sample 24,Moirai,0.5960994958877563
Sample 24,Time-MoE,0.40390053391456604
Sample 25,TimesFM,0.5028843879699707
Sample 25,Timer,0.4971156120300293
Sample 26,Moirai,0.5090927481651306
Sample 26,Time-MoE,0.4909072518348694
Sample 27,TimesFM,0.5026981830596924
Sample 27,Chronos,0.49730178713798523
Sample 28,Time-MoE,0.5008196234703064
Sample 28,Timer,0.4991803765296936
Sample 29,TimesFM,0.5036056637763977
Sample 29,Chronos,0.4963943660259247
Sample 30,Moirai,0.5101655721664429
Sample 30,Chronos,0.48983442783355713
Sample 31,Time-MoE,0.5011613965034485
Sample 31,Timer,0.4988386034965515
Sample 0,Moirai,0.5529826879501343
Sample 0,TimesFM,0.44701728224754333
Sample 1,TimesFM,0.5022871494293213
Sample 1,Timer,0.4977128803730011
Sample 2,Moirai,0.5017721652984619
Sample 2,Time-MoE,0.4982278048992157
Sample 3,TimesFM,0.5033828020095825
Sample 3,Timer,0.4966171979904175
Sample 4,Chronos,0.5009769797325134
Sample 4,TimesFM,0.4990230202674866
Sample 5,TimesFM,0.5024824142456055
Sample 5,Moirai,0.49751755595207214
Sample 6,TimesFM,0.5013715028762817
Sample 6,Chronos,0.4986284673213959
Sample 7,Moirai,0.5189685225486755
Sample 7,Time-MoE,0.4810314476490021
Sample 8,Moirai,0.6282072067260742
Sample 8,Chronos,0.3717927932739258
Sample 9,TimesFM,0.5015057921409607
Sample 9,Moirai,0.4984941780567169
Sample 10,Time-MoE,0.5019391775131226
Sample 10,Timer,0.49806082248687744
Sample 11,TimesFM,0.5037996768951416
Sample 11,Timer,0.4962003529071808
Sample 12,Chronos,0.5014277696609497
Sample 12,Moirai,0.4985722601413727
Sample 13,TimesFM,0.5019307732582092
Sample 13,Moirai,0.49806928634643555
Sample 14,TimesFM,0.5003846287727356
Sample 14,Timer,0.4996153712272644
Sample 15,Moirai,0.5361886620521545
Sample 15,Time-MoE,0.46381133794784546
Sample 0,Moirai,0.6295710802078247
Sample 0,Time-MoE,0.3704289495944977
Sample 1,TimesFM,0.5014593005180359
Sample 1,Timer,0.49854063987731934
Sample 2,Chronos,0.5005247592926025
Sample 2,Timer,0.49947527050971985
Sample 3,TimesFM,0.5040041208267212
Sample 3,Timer,0.4959958791732788
Sample 4,Chronos,0.5015372037887573
Sample 4,Moirai,0.49846282601356506
Sample 5,TimesFM,0.5008201003074646
Sample 5,Chronos,0.4991799592971802
Sample 6,Timer,0.5005354881286621
Sample 6,TimesFM,0.4994645118713379
Sample 7,Moirai,0.5422949194908142
Sample 7,Time-MoE,0.4577050507068634
Sample 8,Moirai,0.6210706233978271
Sample 8,Time-MoE,0.37892937660217285
Sample 9,TimesFM,0.501624345779419
Sample 9,Timer,0.49837568402290344
Sample 10,Time-MoE,0.5022574663162231
Sample 10,Moirai,0.49774256348609924
Sample 11,TimesFM,0.5044931769371033
Sample 11,Timer,0.49550676345825195
Sample 12,Moirai,0.5275760293006897
Sample 12,Chronos,0.4724239706993103
Sample 13,TimesFM,0.5031311511993408
Sample 13,Timer,0.4968688189983368
Sample 14,Time-MoE,0.5004483461380005
Sample 14,Chronos,0.4995516538619995
Sample 15,Moirai,0.5420463681221008
Sample 15,Time-MoE,0.45795363187789917
Sample 16,Moirai,0.5867128372192383
Sample 16,Time-MoE,0.4132871925830841
Sample 17,Moirai,0.5021925568580627
Sample 17,TimesFM,0.49780744314193726
Sample 18,Moirai,0.5083457231521606
Sample 18,Chronos,0.49165433645248413
Sample 19,TimesFM,0.5028263926506042
Sample 19,Timer,0.4971736669540405
Sample 20,Moirai,0.5298280119895935
Sample 20,Time-MoE,0.4701719582080841
Sample 21,TimesFM,0.5044952034950256
Sample 21,Timer,0.49550479650497437
Sample 22,TimesFM,0.500629186630249
Sample 22,Chronos,0.4993707537651062
Sample 23,Timer,0.5006678700447083
Sample 23,Time-MoE,0.49933212995529175
Sample 24,Moirai,0.5948382019996643
Sample 24,Chronos,0.40516185760498047
Sample 25,TimesFM,0.5016956329345703
Sample 25,Timer,0.4983043968677521
Sample 26,Moirai,0.5425278544425964
Sample 26,Timer,0.4574721157550812
Sample 27,Moirai,0.5204740762710571
Sample 27,TimesFM,0.47952592372894287
Sample 28,Chronos,0.5018810629844666
Sample 28,Time-MoE,0.49811893701553345
Sample 29,TimesFM,0.5033699870109558
Sample 29,Chronos,0.4966300129890442
Sample 30,TimesFM,0.5003765821456909
Sample 30,Time-MoE,0.4996233880519867
Sample 31,Moirai,0.5252953171730042
Sample 31,Time-MoE,0.47470468282699585
Sample 0,Moirai,0.5945526957511902
Sample 0,TimesFM,0.4054472744464874
Sample 1,Moirai,0.5055108070373535
Sample 1,TimesFM,0.4944891631603241
Sample 2,Chronos,0.5003997087478638
Sample 2,Time-MoE,0.49960029125213623
Sample 3,TimesFM,0.502764105796814
Sample 3,Chronos,0.4972359240055084
Sample 4,Time-MoE,0.5001052021980286
Sample 4,TimesFM,0.49989473819732666
Sample 5,TimesFM,0.5023627877235413
Sample 5,Timer,0.49763715267181396
Sample 6,Chronos,0.5023062229156494
Sample 6,Timer,0.4976937770843506
Sample 7,Moirai,0.5453268885612488
Sample 7,Time-MoE,0.4546731114387512
Sample 8,Moirai,0.5898149609565735
Sample 8,Time-MoE,0.4101850390434265
Sample 9,Moirai,0.5008109211921692
Sample 9,TimesFM,0.4991890788078308
Sample 10,Moirai,0.5055350065231323
Sample 10,Time-MoE,0.4944649934768677
Sample 11,Moirai,0.5112121105194092
Sample 11,Time-MoE,0.4887879192829132
Sample 12,Chronos,0.5055575966835022
Sample 12,Time-MoE,0.4944424331188202
Sample 13,Moirai,0.5081691145896912
Sample 13,TimesFM,0.49183088541030884
Sample 14,TimesFM,0.5059410333633423
Sample 14,Timer,0.4940589666366577
Sample 15,Moirai,0.5420790314674377
Sample 15,Time-MoE,0.45792099833488464
Sample 16,Moirai,0.6136864423751831
Sample 16,Time-MoE,0.3863135278224945
Sample 17,Moirai,0.505489706993103
Sample 17,TimesFM,0.49451032280921936
Sample 18,Time-MoE,0.5038772225379944
Sample 18,Chronos,0.496122807264328
Sample 19,Moirai,0.5002884268760681
Sample 19,TimesFM,0.4997115731239319
Sample 20,Moirai,0.503854513168335
Sample 20,Chronos,0.4961455464363098
Sample 21,Moirai,0.5073449015617371
Sample 21,TimesFM,0.4926551282405853
Sample 22,Chronos,0.5015193223953247
Sample 22,Timer,0.4984807074069977
Sample 23,Time-MoE,0.5005069375038147
Sample 23,Timer,0.4994930624961853
Sample 24,Moirai,0.5704675912857056
Sample 24,Time-MoE,0.42953240871429443
Sample 25,TimesFM,0.5024696588516235
Sample 25,Timer,0.49753034114837646
Sample 26,Time-MoE,0.5008510947227478
Sample 26,Chronos,0.4991489052772522
Sample 27,TimesFM,0.5058498382568359
Sample 27,Timer,0.4941501319408417
Sample 28,Chronos,0.5007917284965515
Sample 28,Moirai,0.4992083013057709
Sample 29,TimesFM,0.5049249529838562
Sample 29,Timer,0.4950750470161438
Sample 30,Timer,0.5000689625740051
Sample 30,Chronos,0.49993106722831726
Sample 31,Moirai,0.5379227995872498
Sample 31,Time-MoE,0.46207720041275024
Sample 0,Moirai,0.5810826420783997
Sample 0,Time-MoE,0.41891738772392273
Sample 1,Moirai,0.5061294436454773
Sample 1,TimesFM,0.49387049674987793
Sample 2,Moirai,0.5022144317626953
Sample 2,TimesFM,0.4977855384349823
Sample 3,TimesFM,0.503616988658905
Sample 3,Chronos,0.49638304114341736
Sample 4,Moirai,0.5367621779441833
Sample 4,Time-MoE,0.46323782205581665
Sample 5,Chronos,0.5018253922462463
Sample 5,TimesFM,0.49817460775375366
Sample 6,Timer,0.5002349615097046
Sample 6,Chronos,0.4997650384902954
Sample 7,Moirai,0.540099561214447
Sample 7,Time-MoE,0.4599004089832306
Sample 8,Moirai,0.5760909914970398
Sample 8,Time-MoE,0.423909068107605
Sample 9,TimesFM,0.5018879771232605
Sample 9,Timer,0.4981120526790619
Sample 10,Moirai,0.5053545832633972
Sample 10,Chronos,0.4946454167366028
Sample 11,TimesFM,0.5033969283103943
Sample 11,Chronos,0.4966031312942505
Sample 12,Chronos,0.5008898377418518
Sample 12,Timer,0.4991101622581482
Sample 13,TimesFM,0.5040930509567261
Sample 13,Timer,0.4959069788455963
Sample 14,Time-MoE,0.5000502467155457
Sample 14,TimesFM,0.49994975328445435
Sample 15,Moirai,0.5230622887611389
Sample 15,Time-MoE,0.4769377112388611
Sample 16,Moirai,0.5515279173851013
Sample 16,TimesFM,0.44847211241722107
Sample 17,TimesFM,0.5021560788154602
Sample 17,Chronos,0.497843861579895
Sample 18,Time-MoE,0.5010219216346741
Sample 18,Chronos,0.49897804856300354
Sample 19,Moirai,0.5415986180305481
Sample 19,TimesFM,0.4584013521671295
Sample 20,Chronos,0.501645028591156
Sample 20,TimesFM,0.4983550012111664
Sample 21,TimesFM,0.5047866702079773
Sample 21,Moirai,0.4952133297920227
Sample 22,Chronos,0.505129873752594
Sample 22,Time-MoE,0.4948700964450836
Sample 23,Time-MoE,0.5005645155906677
Sample 23,TimesFM,0.4994354844093323
Sample 24,Moirai,0.5711456537246704
Sample 24,Time-MoE,0.4288543164730072
Sample 25,TimesFM,0.5018214583396912
Sample 25,Timer,0.4981785714626312
Sample 26,Moirai,0.5043079853057861
Sample 26,Time-MoE,0.4956919848918915
Sample 27,TimesFM,0.506644070148468
Sample 27,Timer,0.493355929851532
Sample 28,Chronos,0.5001556277275085
Sample 28,Timer,0.49984440207481384
Sample 29,TimesFM,0.5034326910972595
Sample 29,Chronos,0.49656736850738525
Sample 30,TimesFM,0.5007168650627136
Sample 30,Timer,0.499283105134964
Sample 31,Moirai,0.5128795504570007
Sample 31,Time-MoE,0.48712044954299927
Sample 0,Moirai,0.5920602679252625
Sample 0,Time-MoE,0.40793970227241516
Sample 1,Moirai,0.5101693272590637
Sample 1,TimesFM,0.48983070254325867
Sample 2,Moirai,0.5290231704711914
Sample 2,Chronos,0.4709767997264862
Sample 3,Moirai,0.5050069093704224
Sample 3,TimesFM,0.49499306082725525
Sample 4,Chronos,0.5022466778755188
Sample 4,Timer,0.4977533221244812
Sample 5,Moirai,0.5460091829299927
Sample 5,Chronos,0.4539908468723297
Sample 6,Moirai,0.518674373626709
Sample 6,Timer,0.48132559657096863
Sample 7,Moirai,0.5234769582748413
Sample 7,Time-MoE,0.4765230417251587
Sample 8,Moirai,0.6305341720581055
Sample 8,Time-MoE,0.3694658577442169
Sample 9,TimesFM,0.5016041398048401
Sample 9,Chronos,0.4983958303928375
Sample 10,Chronos,0.500183641910553
Sample 10,TimesFM,0.4998163878917694
Sample 11,TimesFM,0.5048384070396423
Sample 11,Timer,0.4951615631580353
Sample 12,Moirai,0.5223292708396912
Sample 12,Chronos,0.4776707589626312
Sample 13,TimesFM,0.5002773404121399
Sample 13,Chronos,0.4997226595878601
Sample 14,TimesFM,0.5013613104820251
Sample 14,Chronos,0.49863871932029724
Sample 15,Moirai,0.539606511592865
Sample 15,Timer,0.4603935480117798
Sample 16,Moirai,0.6223880052566528
Sample 16,Time-MoE,0.37761202454566956
Sample 17,Chronos,0.5010231137275696
Sample 17,TimesFM,0.4989769160747528
Sample 18,Moirai,0.5224158763885498
Sample 18,Time-MoE,0.4775841534137726
Sample 19,TimesFM,0.5050355195999146
Sample 19,Timer,0.49496445059776306
Sample 20,Chronos,0.5006197690963745
Sample 20,Timer,0.4993802011013031
Sample 21,TimesFM,0.5019494891166687
Sample 21,Chronos,0.4980505108833313
Sample 22,Moirai,0.520492672920227
Sample 22,Chronos,0.47950732707977295
Sample 23,Moirai,0.5262313485145569
Sample 23,Time-MoE,0.4737686514854431
Sample 24,Moirai,0.5938141345977783
Sample 24,Timer,0.40618589520454407
Sample 25,TimesFM,0.5025894641876221
Sample 25,Timer,0.4974105656147003
Sample 26,Moirai,0.5133296251296997
Sample 26,Chronos,0.4866704046726227
Sample 27,TimesFM,0.5041969418525696
Sample 27,Timer,0.4958030879497528
Sample 28,Moirai,0.5264631509780884
Sample 28,Chronos,0.47353681921958923
Sample 29,TimesFM,0.5036252737045288
Sample 29,Timer,0.4963746964931488
Sample 30,Chronos,0.5002351999282837
Sample 30,TimesFM,0.4997648298740387
Sample 31,Moirai,0.5409778952598572
Sample 31,Time-MoE,0.45902204513549805
Sample 0,Moirai,0.6126630306243896
Sample 0,Time-MoE,0.38733699917793274
Sample 1,TimesFM,0.5018616318702698
Sample 1,Chronos,0.4981383979320526
Sample 2,Chronos,0.5010747313499451
Sample 2,TimesFM,0.4989252984523773
Sample 3,TimesFM,0.5041459798812866
Sample 3,Timer,0.49585404992103577
Sample 4,Moirai,0.5072312355041504
Sample 4,Chronos,0.4927688241004944
Sample 5,TimesFM,0.5019436478614807
Sample 5,Time-MoE,0.4980563521385193
Sample 6,Moirai,0.503322958946228
Sample 6,Time-MoE,0.4966770112514496
Sample 7,Moirai,0.5426009893417358
Sample 7,Time-MoE,0.4573989808559418
Sample 8,Moirai,0.6062532663345337
Sample 8,Time-MoE,0.3937467038631439
Sample 9,TimesFM,0.5019128918647766
Sample 9,Timer,0.498087078332901
Sample 10,Moirai,0.5132735371589661
Sample 10,Time-MoE,0.48672643303871155
Sample 11,Moirai,0.5424368977546692
Sample 11,TimesFM,0.4575631022453308
Sample 12,Chronos,0.5055598616600037
Sample 12,Moirai,0.49444010853767395
Sample 13,Moirai,0.5025898814201355
Sample 13,TimesFM,0.4974101185798645
Sample 14,Chronos,0.5010849833488464
Sample 14,TimesFM,0.4989149570465088
Sample 15,Time-MoE,0.5013737678527832
Sample 15,Timer,0.4986262321472168
Sample 16,Moirai,0.5811401009559631
Sample 16,TimesFM,0.41885989904403687
Sample 17,TimesFM,0.501726508140564
Sample 17,Chronos,0.49827349185943604
Sample 18,Moirai,0.5113264918327332
Sample 18,Time-MoE,0.48867347836494446
Sample 19,TimesFM,0.5051382780075073
Sample 19,Timer,0.4948616921901703
Sample 20,Chronos,0.5012595057487488
Sample 20,Timer,0.4987405240535736
Sample 21,TimesFM,0.5049604177474976
Sample 21,Timer,0.49503958225250244
Sample 22,TimesFM,0.5002664923667908
Sample 22,Chronos,0.49973344802856445
Sample 23,Moirai,0.5091471076011658
Sample 23,Time-MoE,0.4908529222011566
Sample 24,Moirai,0.6294230222702026
Sample 24,Time-MoE,0.37057700753211975
Sample 25,TimesFM,0.5012633800506592
Sample 25,Chronos,0.4987366199493408
Sample 26,Moirai,0.5119950175285339
Sample 26,Time-MoE,0.48800498247146606
Sample 27,TimesFM,0.5048924088478088
Sample 27,Timer,0.49510759115219116
Sample 28,Moirai,0.5295097827911377
Sample 28,Chronos,0.4704902768135071
Sample 29,Time-MoE,0.5013790130615234
Sample 29,Timer,0.49862104654312134
Sample 30,Chronos,0.5003063678741455
Sample 30,Time-MoE,0.4996936321258545
Sample 31,Moirai,0.5543075799942017
Sample 31,Time-MoE,0.44569239020347595
Sample 0,Moirai,0.6149212121963501
Sample 0,Time-MoE,0.3850787878036499
Sample 1,TimesFM,0.5015448927879333
Sample 1,Chronos,0.49845507740974426
Sample 2,Time-MoE,0.5012412071228027
Sample 2,Timer,0.49875879287719727
Sample 3,TimesFM,0.5038604140281677
Sample 3,Timer,0.49613961577415466
Sample 4,Moirai,0.5055534243583679
Sample 4,Chronos,0.4944465160369873
Sample 5,TimesFM,0.5017268657684326
Sample 5,Chronos,0.4982731342315674
Sample 6,Moirai,0.5066184401512146
Sample 6,Chronos,0.4933816194534302
Sample 7,Moirai,0.5263183116912842
Sample 7,Time-MoE,0.4736816883087158
Sample 8,Moirai,0.6083012819290161
Sample 8,Timer,0.3916987180709839
Sample 9,Moirai,0.5019944906234741
Sample 9,TimesFM,0.4980054795742035
Sample 10,Moirai,0.5181138515472412
Sample 10,TimesFM,0.4818861782550812
Sample 11,Moirai,0.5071403384208679
Sample 11,TimesFM,0.4928596615791321
Sample 12,Time-MoE,0.5001444220542908
Sample 12,TimesFM,0.4998556077480316
Sample 13,TimesFM,0.5029173493385315
Sample 13,Chronos,0.4970826506614685
Sample 14,Chronos,0.5017929673194885
Sample 14,TimesFM,0.4982070028781891
Sample 15,Moirai,0.5287753939628601
Sample 15,Time-MoE,0.4712246358394623
Sample 16,Moirai,0.602542519569397
Sample 16,Time-MoE,0.39745742082595825
Sample 17,Moirai,0.5058450698852539
Sample 17,TimesFM,0.4941549599170685
Sample 18,Moirai,0.5400534272193909
Sample 18,Chronos,0.4599466025829315
Sample 19,TimesFM,0.5025985836982727
Sample 19,Chronos,0.4974013566970825
Sample 20,TimesFM,0.5015876293182373
Sample 20,Timer,0.4984123706817627
Sample 21,TimesFM,0.5016951560974121
Sample 21,Moirai,0.4983048439025879
Sample 22,Chronos,0.5019538402557373
Sample 22,Time-MoE,0.4980461597442627
Sample 23,Moirai,0.5374341011047363
Sample 23,Time-MoE,0.4625658690929413
Sample 24,Moirai,0.6005948185920715
Sample 24,Time-MoE,0.39940518140792847
Sample 25,TimesFM,0.5029178261756897
Sample 25,Timer,0.4970822036266327
Sample 26,Moirai,0.5090121030807495
Sample 26,Time-MoE,0.4909878671169281
Sample 27,TimesFM,0.5023432374000549
Sample 27,Chronos,0.49765676259994507
Sample 28,Time-MoE,0.5008365511894226
Sample 28,Timer,0.4991634488105774
Sample 29,TimesFM,0.5034374594688416
Sample 29,Chronos,0.49656251072883606
Sample 30,Moirai,0.5111117362976074
Sample 30,Chronos,0.4888882339000702
Sample 31,Time-MoE,0.5010774731636047
Sample 31,Timer,0.49892252683639526
Sample 0,Moirai,0.5558580756187439
Sample 0,TimesFM,0.44414186477661133
Sample 1,TimesFM,0.5019155740737915
Sample 1,Chronos,0.4980844259262085
Sample 2,Moirai,0.5017556548118591
Sample 2,Time-MoE,0.49824434518814087
Sample 3,TimesFM,0.50358647108078
Sample 3,Timer,0.49641355872154236
Sample 4,Chronos,0.5013683438301086
Sample 4,TimesFM,0.49863165616989136
Sample 5,TimesFM,0.5018467903137207
Sample 5,Moirai,0.4981532394886017
Sample 6,TimesFM,0.5011035799980164
Sample 6,Chronos,0.49889639019966125
Sample 7,Moirai,0.5192424654960632
Sample 7,Time-MoE,0.4807575047016144
Sample 8,Moirai,0.6340876221656799
Sample 8,Timer,0.36591240763664246
Sample 9,TimesFM,0.5007877349853516
Sample 9,Moirai,0.49921223521232605
Sample 10,Time-MoE,0.5023854374885559
Sample 10,Timer,0.4976145923137665
Sample 11,TimesFM,0.5040479302406311
Sample 11,Timer,0.4959520101547241
Sample 12,Chronos,0.5011371970176697
Sample 12,Moirai,0.4988628029823303
Sample 13,TimesFM,0.5012727379798889
Sample 13,Moirai,0.49872729182243347
Sample 14,TimesFM,0.5003454089164734
Sample 14,Time-MoE,0.4996545612812042
Sample 15,Moirai,0.537141740322113
Sample 15,Time-MoE,0.46285828948020935
Sample 0,Moirai,0.6349462866783142
Sample 0,Time-MoE,0.36505377292633057
Sample 1,TimesFM,0.5012341737747192
Sample 1,Chronos,0.49876582622528076
Sample 2,Chronos,0.5008696913719177
Sample 2,Timer,0.4991302788257599
Sample 3,TimesFM,0.5044739842414856
Sample 3,Timer,0.4955260157585144
Sample 4,Chronos,0.5014349818229675
Sample 4,Moirai,0.49856504797935486
Sample 5,TimesFM,0.5006635189056396
Sample 5,Chronos,0.49933645129203796
Sample 6,Timer,0.5001637935638428
Sample 6,TimesFM,0.49983617663383484
Sample 7,Moirai,0.543620228767395
Sample 7,Time-MoE,0.4563797414302826
Sample 8,Moirai,0.6264046430587769
Sample 8,Time-MoE,0.37359538674354553
Sample 9,TimesFM,0.5017122030258179
Sample 9,Chronos,0.49828776717185974
Sample 10,Time-MoE,0.5024505257606506
Sample 10,Moirai,0.49754947423934937
Sample 11,TimesFM,0.5049006938934326
Sample 11,Timer,0.49509933590888977
Sample 12,Moirai,0.5289272665977478
Sample 12,Chronos,0.4710727334022522
Sample 13,TimesFM,0.5032986402511597
Sample 13,Chronos,0.4967014193534851
Sample 14,Time-MoE,0.5006795525550842
Sample 14,Chronos,0.499320387840271
Sample 15,Moirai,0.5433691740036011
Sample 15,Time-MoE,0.4566308259963989
Sample 16,Moirai,0.5901310443878174
Sample 16,Time-MoE,0.409868985414505
Sample 17,Moirai,0.5027894973754883
Sample 17,TimesFM,0.4972105026245117
Sample 18,Moirai,0.5087400078773499
Sample 18,Chronos,0.49126002192497253
Sample 19,TimesFM,0.5032191276550293
Sample 19,Timer,0.4967808723449707
Sample 20,Moirai,0.5312769412994385
Sample 20,Time-MoE,0.4687230885028839
Sample 21,TimesFM,0.5048816800117493
Sample 21,Timer,0.49511831998825073
Sample 22,TimesFM,0.5007365345954895
Sample 22,Chronos,0.4992634654045105
Sample 23,Timer,0.5007285475730896
Sample 23,Time-MoE,0.4992714524269104
Sample 24,Moirai,0.598731279373169
Sample 24,Timer,0.40126872062683105
Sample 25,TimesFM,0.5015940070152283
Sample 25,Chronos,0.49840596318244934
Sample 26,Moirai,0.5447051525115967
Sample 26,Timer,0.4552948474884033
Sample 27,Moirai,0.5215138792991638
Sample 27,TimesFM,0.4784861207008362
Sample 28,Chronos,0.5018277764320374
Sample 28,Time-MoE,0.49817222356796265
Sample 29,TimesFM,0.5033187866210938
Sample 29,Chronos,0.49668118357658386
Sample 30,TimesFM,0.5002197623252869
Sample 30,Time-MoE,0.4997802674770355
Sample 31,Moirai,0.5261250734329224
Sample 31,Time-MoE,0.47387486696243286
Sample 0,Moirai,0.5982509851455688
Sample 0,TimesFM,0.40174898505210876
Sample 1,Moirai,0.5060199499130249
Sample 1,TimesFM,0.4939801096916199
Sample 2,Chronos,0.5000292062759399
Sample 2,Time-MoE,0.49997082352638245
Sample 3,TimesFM,0.5026631951332092
Sample 3,Chronos,0.49733680486679077
Sample 4,Time-MoE,0.5002024173736572
Sample 4,TimesFM,0.4997975826263428
Sample 5,TimesFM,0.5027630925178528
Sample 5,Timer,0.49723687767982483
Sample 6,Chronos,0.5027931332588196
Sample 6,TimesFM,0.4972068667411804
Sample 7,Moirai,0.5468928813934326
Sample 7,Time-MoE,0.45310714840888977
Sample 8,Moirai,0.5937982201576233
Sample 8,Time-MoE,0.4062017798423767
Sample 9,Moirai,0.5011298656463623
Sample 9,TimesFM,0.4988701343536377
Sample 10,Moirai,0.5058057308197021
Sample 10,Time-MoE,0.49419429898262024
Sample 11,Moirai,0.511787474155426
Sample 11,Time-MoE,0.4882124960422516
Sample 12,Chronos,0.5058386921882629
Sample 12,Time-MoE,0.49416130781173706
Sample 13,Moirai,0.5087669491767883
Sample 13,TimesFM,0.49123308062553406
Sample 14,TimesFM,0.5061703324317932
Sample 14,Chronos,0.4938296675682068
Sample 15,Moirai,0.5436924695968628
Sample 15,Time-MoE,0.456307590007782
Sample 16,Moirai,0.6184587478637695
Sample 16,Time-MoE,0.38154125213623047
Sample 17,Moirai,0.5059939622879028
Sample 17,TimesFM,0.4940059781074524
Sample 18,Time-MoE,0.5042571425437927
Sample 18,TimesFM,0.4957428276538849
Sample 19,Moirai,0.5005612969398499
Sample 19,TimesFM,0.49943870306015015
Sample 20,Moirai,0.5041627287864685
Sample 20,Chronos,0.4958372712135315
Sample 21,Moirai,0.5079095959663391
Sample 21,TimesFM,0.49209046363830566
Sample 22,Chronos,0.5017198324203491
Sample 22,Time-MoE,0.4982801377773285
Sample 23,Time-MoE,0.5004466772079468
Sample 23,Timer,0.4995533525943756
Sample 24,Moirai,0.5738481879234314
Sample 24,Time-MoE,0.4261518120765686
Sample 25,TimesFM,0.5027012228965759
Sample 25,Chronos,0.49729880690574646
Sample 26,Time-MoE,0.5009828209877014
Sample 26,Chronos,0.4990171790122986
Sample 27,TimesFM,0.5063570141792297
Sample 27,Timer,0.4936429560184479
Sample 28,Chronos,0.5010374188423157
Sample 28,Moirai,0.4989626109600067
Sample 29,TimesFM,0.5051465034484863
Sample 29,Chronos,0.49485349655151367
Sample 30,Chronos,0.5002216100692749
Sample 30,TimesFM,0.4997784197330475
Sample 31,Moirai,0.5392005443572998
Sample 31,Time-MoE,0.4607994258403778
Sample 0,Moirai,0.5842924118041992
Sample 0,Time-MoE,0.4157075881958008
Sample 1,Moirai,0.5065049529075623
Sample 1,TimesFM,0.4934951066970825
Sample 2,Moirai,0.5023630261421204
Sample 2,TimesFM,0.49763694405555725
Sample 3,TimesFM,0.5036253929138184
Sample 3,Chronos,0.49637463688850403
Sample 4,Moirai,0.5382893681526184
Sample 4,Time-MoE,0.461710661649704
Sample 5,Chronos,0.5015835762023926
Sample 5,Time-MoE,0.49841639399528503
Sample 6,Chronos,0.5001047253608704
Sample 6,Timer,0.49989524483680725
Sample 7,Moirai,0.5417010188102722
Sample 7,Time-MoE,0.4582989811897278
Sample 8,Moirai,0.5790756344795227
Sample 8,Time-MoE,0.4209243953227997
Sample 9,TimesFM,0.5021328926086426
Sample 9,Timer,0.4978671371936798
Sample 10,Moirai,0.5056205987930298
Sample 10,Chronos,0.4943794310092926
Sample 11,TimesFM,0.5032309889793396
Sample 11,Chronos,0.4967690110206604
Sample 12,Chronos,0.5007598996162415
Sample 12,Timer,0.49924004077911377
Sample 13,TimesFM,0.5043050646781921
Sample 13,Chronos,0.49569493532180786
Sample 14,Time-MoE,0.500266969203949
Sample 14,TimesFM,0.49973300099372864
Sample 15,Moirai,0.5238031148910522
Sample 15,Time-MoE,0.47619688510894775
Sample 16,Moirai,0.5536208152770996
Sample 16,TimesFM,0.4463791847229004
Sample 17,TimesFM,0.5020788311958313
Sample 17,Chronos,0.4979211688041687
Sample 18,Time-MoE,0.5013676881790161
Sample 18,Chronos,0.4986323118209839
Sample 19,Moirai,0.5432035326957703
Sample 19,TimesFM,0.45679646730422974
Sample 20,Chronos,0.5017666220664978
Sample 20,TimesFM,0.4982333183288574
Sample 21,TimesFM,0.5048348307609558
Sample 21,Moirai,0.4951651692390442
Sample 22,Chronos,0.5051854252815247
Sample 22,Time-MoE,0.49481454491615295
Sample 23,Time-MoE,0.500775158405304
Sample 23,TimesFM,0.49922481179237366
Sample 24,Moirai,0.5738738775253296
Sample 24,Time-MoE,0.426126092672348
Sample 25,TimesFM,0.502077579498291
Sample 25,Chronos,0.4979223906993866
Sample 26,Moirai,0.5043148994445801
Sample 26,Time-MoE,0.4956851005554199
Sample 27,TimesFM,0.5070055723190308
Sample 27,Timer,0.49299442768096924
Sample 28,Chronos,0.5000177025794983
Sample 28,Time-MoE,0.4999823272228241
Sample 29,TimesFM,0.50346839427948
Sample 29,Chronos,0.4965316355228424
Sample 30,TimesFM,0.5010491609573364
Sample 30,Timer,0.4989508092403412
Sample 31,Moirai,0.5131204724311829
Sample 31,Time-MoE,0.4868795573711395
Sample 0,Moirai,0.5958417057991028
Sample 0,Time-MoE,0.4041582942008972
Sample 1,Moirai,0.510558009147644
Sample 1,TimesFM,0.48944199085235596
Sample 2,Moirai,0.5300308465957642
Sample 2,Chronos,0.46996915340423584
Sample 3,Moirai,0.5052080154418945
Sample 3,TimesFM,0.49479198455810547
Sample 4,Chronos,0.5023590922355652
Sample 4,Timer,0.4976409375667572
Sample 5,Moirai,0.5477362275123596
Sample 5,Chronos,0.4522637128829956
Sample 6,Moirai,0.519431471824646
Sample 6,Timer,0.480568528175354
Sample 7,Moirai,0.524396538734436
Sample 7,Time-MoE,0.47560349106788635
Sample 8,Moirai,0.6353813409805298
Sample 8,Timer,0.3646186590194702
Sample 9,TimesFM,0.5017050504684448
Sample 9,Chronos,0.49829497933387756
Sample 10,Chronos,0.5001558661460876
Sample 10,TimesFM,0.49984410405158997
Sample 11,TimesFM,0.5050530433654785
Sample 11,Timer,0.4949469268321991
Sample 12,Moirai,0.5230898261070251
Sample 12,Chronos,0.47691020369529724
Sample 13,TimesFM,0.500301718711853
Sample 13,Chronos,0.49969831109046936
Sample 14,TimesFM,0.5014998316764832
Sample 14,Time-MoE,0.49850016832351685
Sample 15,Moirai,0.541029155254364
Sample 15,Timer,0.45897090435028076
Sample 16,Moirai,0.6272333860397339
Sample 16,Chronos,0.3727665841579437
Sample 17,Chronos,0.5010945796966553
Sample 17,TimesFM,0.49890539050102234
Sample 18,Moirai,0.5232439041137695
Sample 18,Time-MoE,0.4767560362815857
Sample 19,TimesFM,0.5051426291465759
Sample 19,Timer,0.4948573708534241
Sample 20,Chronos,0.5007516145706177
Sample 20,Timer,0.4992483854293823
Sample 21,TimesFM,0.5021283626556396
Sample 21,Chronos,0.49787163734436035
Sample 22,Moirai,0.5212303996086121
Sample 22,Time-MoE,0.47876960039138794
Sample 23,Moirai,0.5272186398506165
Sample 23,Time-MoE,0.4727814197540283
Sample 24,Moirai,0.5972583293914795
Sample 24,Timer,0.4027416408061981
Sample 25,TimesFM,0.5027474761009216
Sample 25,Timer,0.49725252389907837
Sample 26,Moirai,0.5137603878974915
Sample 26,Chronos,0.48623961210250854
Sample 27,TimesFM,0.5043668150901794
Sample 27,Timer,0.49563318490982056
Sample 28,Moirai,0.5273847579956055
Sample 28,Chronos,0.47261524200439453
Sample 29,TimesFM,0.5037223100662231
Sample 29,Timer,0.4962776303291321
Sample 30,Chronos,0.5000994801521301
Sample 30,TimesFM,0.4999004900455475
Sample 31,Moirai,0.5425722002983093
Sample 31,Time-MoE,0.45742782950401306
Sample 0,Moirai,0.617199182510376
Sample 0,Timer,0.382800817489624
Sample 1,TimesFM,0.5019260048866272
Sample 1,Timer,0.4980739653110504
Sample 2,Chronos,0.5009426474571228
Sample 2,TimesFM,0.4990573525428772
Sample 3,TimesFM,0.5042582154273987
Sample 3,Timer,0.49574172496795654
Sample 4,Moirai,0.5073269009590149
Sample 4,Chronos,0.4926730692386627
Sample 5,TimesFM,0.502019464969635
Sample 5,Timer,0.497980535030365
Sample 6,Moirai,0.5032335519790649
Sample 6,TimesFM,0.49676650762557983
Sample 7,Moirai,0.5442829728126526
Sample 7,Time-MoE,0.4557170569896698
Sample 8,Moirai,0.610893189907074
Sample 8,Time-MoE,0.389106810092926
Sample 9,TimesFM,0.5019602179527283
Sample 9,Timer,0.49803978204727173
Sample 10,Moirai,0.5136155486106873
Sample 10,Time-MoE,0.4863845109939575
Sample 11,Moirai,0.5437721014022827
Sample 11,TimesFM,0.4562279284000397
Sample 12,Chronos,0.5059972405433655
Sample 12,Moirai,0.4940028190612793
Sample 13,Moirai,0.5025390982627869
Sample 13,TimesFM,0.49746090173721313
Sample 14,Chronos,0.5008741617202759
Sample 14,TimesFM,0.4991258680820465
Sample 15,Time-MoE,0.5016024708747864
Sample 15,Timer,0.498397558927536
Sample 16,Moirai,0.5840467810630798
Sample 16,TimesFM,0.4159531593322754
Sample 17,TimesFM,0.5019327402114868
Sample 17,Chronos,0.49806728959083557
Sample 18,Moirai,0.5116590261459351
Sample 18,Chronos,0.48834094405174255
Sample 19,TimesFM,0.5051349997520447
Sample 19,Timer,0.49486497044563293
Sample 20,Chronos,0.5014060735702515
Sample 20,Time-MoE,0.49859389662742615
Sample 21,TimesFM,0.5051203966140747
Sample 21,Timer,0.4948796033859253
Sample 22,TimesFM,0.5005220174789429
Sample 22,Chronos,0.4994780123233795
Sample 23,Moirai,0.5093901753425598
Sample 23,Time-MoE,0.4906098246574402
Sample 24,Moirai,0.6348345875740051
Sample 24,Time-MoE,0.3651653528213501
Sample 25,TimesFM,0.5013934969902039
Sample 25,Chronos,0.49860647320747375
Sample 26,Moirai,0.5125764012336731
Sample 26,Time-MoE,0.4874235987663269
Sample 27,TimesFM,0.5050337314605713
Sample 27,Timer,0.4949662983417511
Sample 28,Moirai,0.5305578708648682
Sample 28,Chronos,0.46944212913513184
Sample 29,Time-MoE,0.5012631416320801
Sample 29,Timer,0.49873682856559753
Sample 30,Chronos,0.5004183650016785
Sample 30,Time-MoE,0.49958160519599915
Sample 31,Moirai,0.5565168261528015
Sample 31,Time-MoE,0.4434831738471985
Sample 0,Moirai,0.6193585991859436
Sample 0,Chronos,0.3806413412094116
Sample 1,TimesFM,0.5016964077949524
Sample 1,Chronos,0.49830362200737
Sample 2,Time-MoE,0.501309871673584
Sample 2,Timer,0.49869006872177124
Sample 3,TimesFM,0.5037913918495178
Sample 3,Timer,0.4962086081504822
Sample 4,Moirai,0.5055257678031921
Sample 4,Chronos,0.4944742023944855
Sample 5,TimesFM,0.5019950866699219
Sample 5,Chronos,0.49800488352775574
Sample 6,Moirai,0.5068330764770508
Sample 6,Chronos,0.4931669235229492
Sample 7,Moirai,0.5271561145782471
Sample 7,Time-MoE,0.47284388542175293
Sample 8,Moirai,0.6124120950698853
Sample 8,Timer,0.38758793473243713
Sample 9,Moirai,0.5019890666007996
Sample 9,TimesFM,0.4980109632015228
Sample 10,Moirai,0.518611490726471
Sample 10,TimesFM,0.48138856887817383
Sample 11,Moirai,0.5073148608207703
Sample 11,TimesFM,0.49268513917922974
Sample 12,Time-MoE,0.5004040002822876
Sample 12,TimesFM,0.49959596991539
Sample 13,TimesFM,0.5028933882713318
Sample 13,Chronos,0.4971065819263458
Sample 14,Chronos,0.5014195442199707
Sample 14,Time-MoE,0.4985804259777069
Sample 15,Moirai,0.5299100875854492
Sample 15,Time-MoE,0.47008994221687317
Sample 16,Moirai,0.6064854860305786
Sample 16,Chronos,0.3935144543647766
Sample 17,Moirai,0.5060087442398071
Sample 17,TimesFM,0.49399128556251526
Sample 18,Moirai,0.5412977337837219
Sample 18,Chronos,0.45870229601860046
Sample 19,TimesFM,0.5027786493301392
Sample 19,Chronos,0.49722135066986084
Sample 20,TimesFM,0.5013706088066101
Sample 20,Timer,0.4986293613910675
Sample 21,TimesFM,0.5018043518066406
Sample 21,Moirai,0.49819567799568176
Sample 22,Chronos,0.5014824271202087
Sample 22,Time-MoE,0.49851757287979126
Sample 23,Moirai,0.5388770699501038
Sample 23,Time-MoE,0.46112290024757385
Sample 24,Moirai,0.6043662428855896
Sample 24,TimesFM,0.395633727312088
Sample 25,TimesFM,0.5028235912322998
Sample 25,Timer,0.4971764385700226
Sample 26,Moirai,0.50911945104599
Sample 26,Time-MoE,0.49088054895401
Sample 27,TimesFM,0.5025951862335205
Sample 27,Chronos,0.4974048435688019
Sample 28,Time-MoE,0.5013393759727478
Sample 28,Timer,0.4986605942249298
Sample 29,TimesFM,0.5037813782691956
Sample 29,Chronos,0.49621865153312683
Sample 30,Moirai,0.5113717317581177
Sample 30,Time-MoE,0.4886282980442047
Sample 31,Time-MoE,0.5017033815383911
Sample 31,Timer,0.4982965886592865
Sample 0,Moirai,0.5578442811965942
Sample 0,TimesFM,0.44215574860572815
Sample 1,TimesFM,0.5019441843032837
Sample 1,Chronos,0.4980557858943939
Sample 2,Moirai,0.501511812210083
Sample 2,Time-MoE,0.4984881579875946
Sample 3,TimesFM,0.5032486319541931
Sample 3,Timer,0.4967513978481293
Sample 4,Chronos,0.5013994574546814
Sample 4,TimesFM,0.498600572347641
Sample 5,TimesFM,0.501898467540741
Sample 5,Moirai,0.49810153245925903
Sample 6,TimesFM,0.5011327862739563
Sample 6,Chronos,0.4988672435283661
Sample 7,Moirai,0.5199731588363647
Sample 7,Time-MoE,0.48002687096595764
Sample 8,Moirai,0.6389908790588379
Sample 8,Timer,0.3610091805458069
Sample 9,TimesFM,0.5007541179656982
Sample 9,Moirai,0.49924591183662415
Sample 10,Time-MoE,0.5026105046272278
Sample 10,Timer,0.49738946557044983
Sample 11,TimesFM,0.5038040280342102
Sample 11,Timer,0.4961959421634674
Sample 12,Chronos,0.5014609694480896
Sample 12,Moirai,0.4985389709472656
Sample 13,TimesFM,0.5013220310211182
Sample 13,Moirai,0.49867793917655945
Sample 14,TimesFM,0.5001656413078308
Sample 14,Time-MoE,0.4998343288898468
Sample 15,Moirai,0.5385854840278625
Sample 15,Time-MoE,0.46141448616981506
Sample 0,Moirai,0.6399515867233276
Sample 0,Timer,0.36004847288131714
Sample 1,TimesFM,0.501078188419342
Sample 1,Chronos,0.49892181158065796
Sample 2,Chronos,0.5007343888282776
Sample 2,Time-MoE,0.4992656409740448
Sample 3,TimesFM,0.5040415525436401
Sample 3,Timer,0.49595844745635986
Sample 4,Chronos,0.5017132759094238
Sample 4,Moirai,0.4982866942882538
Sample 5,TimesFM,0.5005050301551819
Sample 5,Chronos,0.4994950294494629
Sample 6,Timer,0.5005971789360046
Sample 6,TimesFM,0.49940285086631775
Sample 7,Moirai,0.5453030467033386
Sample 7,Time-MoE,0.45469698309898376
Sample 8,Moirai,0.6312377452850342
Sample 8,Time-MoE,0.3687622845172882
Sample 9,TimesFM,0.5013852715492249
Sample 9,Timer,0.49861469864845276
Sample 10,Time-MoE,0.5027336478233337
Sample 10,Moirai,0.4972662925720215
Sample 11,TimesFM,0.5044840574264526
Sample 11,Timer,0.49551594257354736
Sample 12,Moirai,0.5297634601593018
Sample 12,Chronos,0.47023656964302063
Sample 13,TimesFM,0.5030182600021362
Sample 13,Timer,0.4969817101955414
Sample 14,Time-MoE,0.5012785792350769
Sample 14,Chronos,0.4987214505672455
Sample 15,Moirai,0.5450587868690491
Sample 15,Time-MoE,0.4549412429332733
Sample 16,Moirai,0.5934277772903442
Sample 16,Time-MoE,0.40657225251197815
Sample 17,Moirai,0.5030570030212402
Sample 17,TimesFM,0.49694305658340454
Sample 18,Moirai,0.5088956356048584
Sample 18,Chronos,0.4911043345928192
Sample 19,TimesFM,0.5027802586555481
Sample 19,Timer,0.4972197115421295
Sample 20,Moirai,0.5324579477310181
Sample 20,Time-MoE,0.46754199266433716
Sample 21,TimesFM,0.5045029520988464
Sample 21,Timer,0.49549704790115356
Sample 22,TimesFM,0.5008671879768372
Sample 22,Chronos,0.49913284182548523
Sample 23,Timer,0.5007268786430359
Sample 23,Time-MoE,0.4992731809616089
Sample 24,Moirai,0.6025378704071045
Sample 24,Chronos,0.3974620997905731
Sample 25,TimesFM,0.5014375448226929
Sample 25,Chronos,0.4985624849796295
Sample 26,Moirai,0.5462607741355896
Sample 26,Timer,0.4537391662597656
Sample 27,Moirai,0.5222911834716797
Sample 27,TimesFM,0.4777088165283203
Sample 28,Chronos,0.5017565488815308
Sample 28,Time-MoE,0.4982434809207916
Sample 29,TimesFM,0.5032771229743958
Sample 29,Chronos,0.49672287702560425
Sample 30,Time-MoE,0.5000520348548889
Sample 30,TimesFM,0.4999479651451111
Sample 31,Moirai,0.5271452069282532
Sample 31,Time-MoE,0.47285476326942444
Sample 0,Moirai,0.6016347408294678
Sample 0,TimesFM,0.39836519956588745
Sample 1,Moirai,0.5064976811408997
Sample 1,TimesFM,0.49350231885910034
Sample 2,Time-MoE,0.5001567006111145
Sample 2,Chronos,0.4998432695865631
Sample 3,TimesFM,0.502427875995636
Sample 3,Chronos,0.4975720942020416
Sample 4,Time-MoE,0.500245988368988
Sample 4,TimesFM,0.49975404143333435
Sample 5,TimesFM,0.5020714998245239
Sample 5,Timer,0.4979284703731537
Sample 6,Chronos,0.5025386214256287
Sample 6,Timer,0.4974614083766937
Sample 7,Moirai,0.5486631989479065
Sample 7,Time-MoE,0.4513367712497711
Sample 8,Moirai,0.5970811247825623
Sample 8,Time-MoE,0.40291890501976013
Sample 9,Moirai,0.5014356970787048
Sample 9,TimesFM,0.49856430292129517
Sample 10,Moirai,0.505689263343811
Sample 10,Time-MoE,0.4943107068538666
Sample 11,Moirai,0.5122345685958862
Sample 11,Time-MoE,0.48776546120643616
Sample 12,Chronos,0.5063235759735107
Sample 12,Time-MoE,0.49367639422416687
Sample 13,Moirai,0.509306788444519
Sample 13,TimesFM,0.49069318175315857
Sample 14,TimesFM,0.5063360333442688
Sample 14,Chronos,0.4936639964580536
Sample 15,Moirai,0.5453088879585266
Sample 15,Time-MoE,0.4546911120414734
Sample 16,Moirai,0.6226124167442322
Sample 16,Time-MoE,0.3773876130580902
Sample 17,Moirai,0.5064747333526611
Sample 17,TimesFM,0.49352529644966125
Sample 18,Time-MoE,0.5045581459999084
Sample 18,TimesFM,0.49544185400009155
Sample 19,Moirai,0.5008113384246826
Sample 19,TimesFM,0.499188631772995
Sample 20,Moirai,0.5041465163230896
Sample 20,Chronos,0.4958534836769104
Sample 21,Moirai,0.5084316730499268
Sample 21,TimesFM,0.49156832695007324
Sample 22,Chronos,0.5015796422958374
Sample 22,Time-MoE,0.4984203577041626
Sample 23,Time-MoE,0.5007773637771606
Sample 23,Timer,0.49922260642051697
Sample 24,Moirai,0.5765129327774048
Sample 24,Time-MoE,0.4234870374202728
Sample 25,TimesFM,0.5021892189979553
Sample 25,Timer,0.49781081080436707
Sample 26,Time-MoE,0.5011879205703735
Sample 26,Chronos,0.49881210923194885
Sample 27,TimesFM,0.5058664679527283
Sample 27,Timer,0.49413350224494934
Sample 28,Chronos,0.5011438131332397
Sample 28,Moirai,0.49885621666908264
Sample 29,TimesFM,0.5048442482948303
Sample 29,Timer,0.4951557517051697
Sample 30,Timer,0.5000908374786377
Sample 30,Chronos,0.49990910291671753
Sample 31,Moirai,0.540729820728302
Sample 31,Time-MoE,0.4592702090740204
Sample 0,Moirai,0.5872759222984314
Sample 0,Time-MoE,0.4127240478992462
Sample 1,Moirai,0.5070509910583496
Sample 1,TimesFM,0.4929490089416504
Sample 2,Moirai,0.5025218725204468
Sample 2,TimesFM,0.49747806787490845
Sample 3,TimesFM,0.5033289194107056
Sample 3,Timer,0.49667108058929443
Sample 4,Moirai,0.5396989583969116
Sample 4,Time-MoE,0.46030107140541077
Sample 5,Chronos,0.5014973878860474
Sample 5,Time-MoE,0.49850258231163025
Sample 6,Timer,0.5004165172576904
Sample 6,Chronos,0.4995834529399872
Sample 7,Moirai,0.5432457327842712
Sample 7,Time-MoE,0.45675432682037354
Sample 8,Moirai,0.5818235278129578
Sample 8,Time-MoE,0.41817644238471985
Sample 9,TimesFM,0.5013728737831116
Sample 9,Timer,0.4986271560192108
Sample 10,Moirai,0.5056725144386292
Sample 10,Chronos,0.49432748556137085
Sample 11,TimesFM,0.5032591223716736
Sample 11,Chronos,0.4967408776283264
Sample 12,Chronos,0.501106321811676
Sample 12,Timer,0.49889370799064636
Sample 13,TimesFM,0.5036890506744385
Sample 13,Timer,0.49631091952323914
Sample 14,Time-MoE,0.5007399916648865
Sample 14,Timer,0.4992600083351135
Sample 15,Moirai,0.524789035320282
Sample 15,Time-MoE,0.47521093487739563
Sample 16,Moirai,0.5557478070259094
Sample 16,TimesFM,0.4442521929740906
Sample 17,TimesFM,0.5018122792243958
Sample 17,Chronos,0.49818769097328186
Sample 18,Time-MoE,0.5016416311264038
Sample 18,Chronos,0.4983583390712738
Sample 19,Moirai,0.5448706150054932
Sample 19,TimesFM,0.45512938499450684
Sample 20,Chronos,0.5015326142311096
Sample 20,TimesFM,0.49846741557121277
Sample 21,TimesFM,0.504718542098999
Sample 21,Moirai,0.4952814280986786
Sample 22,Chronos,0.505373477935791
Sample 22,Time-MoE,0.49462658166885376
Sample 23,Time-MoE,0.5007749199867249
Sample 23,TimesFM,0.49922510981559753
Sample 24,Moirai,0.5764955282211304
Sample 24,Time-MoE,0.4235045313835144
Sample 25,TimesFM,0.5013238787651062
Sample 25,Timer,0.4986761510372162
Sample 26,Moirai,0.5043469667434692
Sample 26,Time-MoE,0.49565309286117554
Sample 27,TimesFM,0.5066733360290527
Sample 27,Timer,0.49332672357559204
Sample 28,Time-MoE,0.5000313520431519
Sample 28,Chronos,0.49996861815452576
Sample 29,TimesFM,0.5032382011413574
Sample 29,Chronos,0.49676182866096497
Sample 30,TimesFM,0.5002313852310181
Sample 30,Timer,0.4997686445713043
Sample 31,Moirai,0.5136880278587341
Sample 31,Time-MoE,0.48631197214126587
Sample 0,Moirai,0.5991531014442444
Sample 0,Time-MoE,0.400846928358078
Sample 1,Moirai,0.5113058686256409
Sample 1,TimesFM,0.48869413137435913
Sample 2,Moirai,0.5308001041412354
Sample 2,Chronos,0.46919992566108704
Sample 3,Moirai,0.505735456943512
Sample 3,TimesFM,0.49426451325416565
Sample 4,Chronos,0.502145528793335
Sample 4,Timer,0.4978545010089874
Sample 5,Moirai,0.549107015132904
Sample 5,Chronos,0.45089295506477356
Sample 6,Moirai,0.519999623298645
Sample 6,Timer,0.4800003468990326
Sample 7,Moirai,0.5252488255500793
Sample 7,Time-MoE,0.47475117444992065
Sample 8,Moirai,0.6401188373565674
Sample 8,Chronos,0.359881192445755
Sample 9,TimesFM,0.5009592771530151
Sample 9,Timer,0.4990406930446625
Sample 10,TimesFM,0.5001655220985413
Sample 10,Chronos,0.49983444809913635
Sample 11,TimesFM,0.504355788230896
Sample 11,Timer,0.4956442415714264
Sample 12,Moirai,0.5238599181175232
Sample 12,Chronos,0.4761400520801544
Sample 13,Chronos,0.500143826007843
Sample 13,Timer,0.499856173992157
Sample 14,TimesFM,0.5012059211730957
Sample 14,Time-MoE,0.4987940788269043
Sample 15,Moirai,0.5427966713905334
Sample 15,Time-MoE,0.4572032690048218
Sample 16,Moirai,0.6310806274414062
Sample 16,Chronos,0.368919312953949
Sample 17,Chronos,0.5013788938522339
Sample 17,TimesFM,0.4986211657524109
Sample 18,Moirai,0.5240718126296997
Sample 18,Time-MoE,0.4759282171726227
Sample 19,TimesFM,0.5046190023422241
Sample 19,Timer,0.4953809678554535
Sample 20,Chronos,0.5009268522262573
Sample 20,Timer,0.4990731179714203
Sample 21,TimesFM,0.5018817186355591
Sample 21,Chronos,0.4981182813644409
Sample 22,Moirai,0.5218350887298584
Sample 22,Time-MoE,0.4781649112701416
Sample 23,Moirai,0.5283089280128479
Sample 23,Time-MoE,0.4716910719871521
Sample 24,Moirai,0.6011109948158264
Sample 24,Chronos,0.3988890051841736
Sample 25,TimesFM,0.5018642544746399
Sample 25,Timer,0.4981357753276825
Sample 26,Moirai,0.5142415165901184
Sample 26,Chronos,0.4857584834098816
Sample 27,TimesFM,0.5035294890403748
Sample 27,Timer,0.49647051095962524
Sample 28,Moirai,0.5282788872718811
Sample 28,Chronos,0.4717211127281189
Sample 29,TimesFM,0.5027673244476318
Sample 29,Timer,0.49723270535469055
Sample 30,Timer,0.5001116394996643
Sample 30,Chronos,0.4998883008956909
Sample 31,Moirai,0.5441903471946716
Sample 31,Time-MoE,0.455809623003006
Sample 0,Moirai,0.6211768984794617
Sample 0,Chronos,0.37882310152053833
Sample 1,TimesFM,0.501041829586029
Sample 1,Timer,0.49895814061164856
Sample 2,Chronos,0.5012157559394836
Sample 2,TimesFM,0.49878421425819397
Sample 3,TimesFM,0.5034960508346558
Sample 3,Timer,0.49650394916534424
Sample 4,Moirai,0.5072367191314697
Sample 4,Chronos,0.4927632808685303
Sample 5,TimesFM,0.5009802579879761
Sample 5,Timer,0.4990197718143463
Sample 6,Moirai,0.5030288100242615
Sample 6,Timer,0.4969711899757385
Sample 7,Moirai,0.5458272099494934
Sample 7,Time-MoE,0.4541727304458618
Sample 8,Moirai,0.6143302917480469
Sample 8,Time-MoE,0.38566967844963074
Sample 9,TimesFM,0.5010996460914612
Sample 9,Timer,0.49890029430389404
Sample 10,Moirai,0.5140039324760437
Sample 10,Time-MoE,0.4859960973262787
Sample 11,Moirai,0.5453994870185852
Sample 11,TimesFM,0.45460057258605957
Sample 12,Chronos,0.506415069103241
Sample 12,Moirai,0.49358493089675903
Sample 13,Moirai,0.5029167532920837
Sample 13,TimesFM,0.49708327651023865
Sample 14,Chronos,0.5008716583251953
Sample 14,TimesFM,0.4991282820701599
Sample 15,Time-MoE,0.5013353824615479
Sample 15,Timer,0.49866464734077454
Sample 16,Moirai,0.5871408581733704
Sample 16,TimesFM,0.41285911202430725
Sample 17,TimesFM,0.5013905167579651
Sample 17,Timer,0.4986095130443573
Sample 18,Moirai,0.5117527842521667
Sample 18,Chronos,0.48824721574783325
Sample 19,TimesFM,0.5043524503707886
Sample 19,Timer,0.4956475794315338
Sample 20,Chronos,0.5014262199401855
Sample 20,Time-MoE,0.49857380986213684
Sample 21,TimesFM,0.5042935013771057
Sample 21,Timer,0.4957064986228943
Sample 22,Chronos,0.5000060796737671
Sample 22,TimesFM,0.4999939501285553
Sample 23,Moirai,0.5099284052848816
Sample 23,Time-MoE,0.4900716245174408
Sample 24,Moirai,0.639161229133606
Sample 24,Time-MoE,0.36083871126174927
Sample 25,TimesFM,0.500739336013794
Sample 25,Chronos,0.49926063418388367
Sample 26,Moirai,0.5130975246429443
Sample 26,Timer,0.48690250515937805
Sample 27,TimesFM,0.5043010711669922
Sample 27,Timer,0.49569886922836304
Sample 28,Moirai,0.531671941280365
Sample 28,Chronos,0.4683280885219574
Sample 29,Time-MoE,0.5009498596191406
Sample 29,Timer,0.49905017018318176
Sample 30,Chronos,0.500224232673645
Sample 30,Timer,0.499775767326355
Sample 31,Moirai,0.5584790706634521
Sample 31,Time-MoE,0.44152092933654785
Sample 0,Moirai,0.6232644319534302
Sample 0,Chronos,0.37673553824424744
Sample 1,TimesFM,0.5009046196937561
Sample 1,Timer,0.4990953207015991
Sample 2,Time-MoE,0.5013234615325928
Sample 2,Timer,0.498676598072052
Sample 3,TimesFM,0.5030332207679749
Sample 3,Timer,0.49696677923202515
Sample 4,Moirai,0.5059267282485962
Sample 4,Chronos,0.4940732419490814
Sample 5,TimesFM,0.5014122724533081
Sample 5,Chronos,0.4985877573490143
Sample 6,Moirai,0.5068432092666626
Sample 6,Chronos,0.4931567907333374
Sample 7,Moirai,0.5281409025192261
Sample 7,Time-MoE,0.47185906767845154
Sample 8,Moirai,0.6161962747573853
Sample 8,TimesFM,0.38380369544029236
Sample 9,Moirai,0.5023657083511353
Sample 9,TimesFM,0.49763432145118713
Sample 10,Moirai,0.5193440318107605
Sample 10,TimesFM,0.4806559979915619
Sample 11,Moirai,0.5078030824661255
Sample 11,TimesFM,0.4921969473361969
Sample 12,Time-MoE,0.5003932118415833
Sample 12,Timer,0.49960678815841675
Sample 13,TimesFM,0.5024728178977966
Sample 13,Timer,0.49752721190452576
Sample 14,Chronos,0.5014165639877319
Sample 14,Time-MoE,0.4985834062099457
Sample 15,Moirai,0.5309231877326965
Sample 15,Time-MoE,0.4690767526626587
Sample 16,Moirai,0.6100301146507263
Sample 16,Chronos,0.38996991515159607
Sample 17,Moirai,0.5065403580665588
Sample 17,TimesFM,0.49345967173576355
Sample 18,Moirai,0.5427914261817932
Sample 18,Chronos,0.4572085440158844
Sample 19,TimesFM,0.5021787881851196
Sample 19,Chronos,0.49782124161720276
Sample 20,TimesFM,0.5005139708518982
Sample 20,Timer,0.4994860291481018
Sample 21,TimesFM,0.5015502572059631
Sample 21,Moirai,0.4984496831893921
Sample 22,Chronos,0.501670241355896
Sample 22,Time-MoE,0.498329758644104
Sample 23,Moirai,0.540432870388031
Sample 23,Time-MoE,0.4595670998096466
Sample 24,Moirai,0.6080160737037659
Sample 24,TimesFM,0.3919839560985565
Sample 25,TimesFM,0.5020334720611572
Sample 25,Timer,0.49796655774116516
Sample 26,Moirai,0.5094658732414246
Sample 26,Time-MoE,0.4905341863632202
Sample 27,TimesFM,0.5020312070846558
Sample 27,Chronos,0.49796876311302185
Sample 28,Time-MoE,0.5011816024780273
Sample 28,Timer,0.49881839752197266
Sample 29,TimesFM,0.5032715201377869
Sample 29,Timer,0.49672847986221313
Sample 30,Moirai,0.5118975043296814
Sample 30,Chronos,0.4881024658679962
Sample 31,Time-MoE,0.5012673139572144
Sample 31,Timer,0.49873265624046326
Sample 0,Moirai,0.5600547194480896
Sample 0,TimesFM,0.4399453401565552
Sample 1,TimesFM,0.5013245940208435
Sample 1,Chronos,0.4986754059791565
Sample 2,Moirai,0.5012940764427185
Sample 2,Time-MoE,0.4987059533596039
Sample 3,TimesFM,0.5025576949119568
Sample 3,Timer,0.4974423050880432
Sample 4,Chronos,0.5010223388671875
Sample 4,TimesFM,0.4989776313304901
Sample 5,TimesFM,0.5017908811569214
Sample 5,Moirai,0.498209148645401
Sample 6,TimesFM,0.5007336139678955
Sample 6,Chronos,0.4992664158344269
Sample 7,Moirai,0.5209164619445801
Sample 7,Time-MoE,0.4790835678577423
Sample 8,Moirai,0.6433852910995483
Sample 8,Time-MoE,0.35661473870277405
Sample 9,TimesFM,0.5005707144737244
Sample 9,Moirai,0.499429315328598
Sample 10,Time-MoE,0.5024137496948242
Sample 10,Timer,0.4975862503051758
Sample 11,TimesFM,0.5032318830490112
Sample 11,Timer,0.49676811695098877
Sample 12,Chronos,0.5017855763435364
Sample 12,Moirai,0.498214453458786
Sample 13,TimesFM,0.5011950135231018
Sample 13,Moirai,0.4988049864768982
Sample 14,Timer,0.500175952911377
Sample 14,Time-MoE,0.49982401728630066
Sample 15,Moirai,0.5402052998542786
Sample 15,Time-MoE,0.45979467034339905
Sample 0,Moirai,0.6442201137542725
Sample 0,Time-MoE,0.3557799160480499
Sample 1,TimesFM,0.5003988742828369
Sample 1,Chronos,0.4996010661125183
Sample 2,Chronos,0.5004977583885193
Sample 2,Timer,0.49950218200683594
Sample 3,TimesFM,0.5035518407821655
Sample 3,Timer,0.4964480996131897
Sample 4,Chronos,0.5022502541542053
Sample 4,Moirai,0.49774977564811707
Sample 5,Chronos,0.5002376437187195
Sample 5,TimesFM,0.4997623562812805
Sample 6,Timer,0.5010622143745422
Sample 6,TimesFM,0.4989377558231354
Sample 7,Moirai,0.5472238063812256
Sample 7,Time-MoE,0.452776163816452
Sample 8,Moirai,0.635059118270874
Sample 8,Time-MoE,0.3649408519268036
Sample 9,TimesFM,0.500786304473877
Sample 9,Timer,0.49921369552612305
Sample 10,Time-MoE,0.5029953718185425
Sample 10,Moirai,0.49700459837913513
Sample 11,TimesFM,0.5039882063865662
Sample 11,Timer,0.49601176381111145
Sample 12,Moirai,0.5310609936714172
Sample 12,Chronos,0.46893900632858276
Sample 13,TimesFM,0.50240159034729
Sample 13,Timer,0.49759840965270996
Sample 14,Time-MoE,0.5010431408882141
Sample 14,Chronos,0.4989568591117859
Sample 15,Moirai,0.5469821095466614
Sample 15,Time-MoE,0.453017920255661
Sample 16,Moirai,0.5965105295181274
Sample 16,Time-MoE,0.40348950028419495
Sample 17,Moirai,0.5032739639282227
Sample 17,TimesFM,0.49672597646713257
Sample 18,Moirai,0.5093898177146912
Sample 18,Chronos,0.49061015248298645
Sample 19,TimesFM,0.5022875666618347
Sample 19,Timer,0.4977124333381653
Sample 20,Moirai,0.5334194302558899
Sample 20,Time-MoE,0.4665806293487549
Sample 21,TimesFM,0.504004716873169
Sample 21,Timer,0.49599525332450867
Sample 22,TimesFM,0.5009301900863647
Sample 22,Chronos,0.49906978011131287
Sample 23,Timer,0.5007873177528381
Sample 23,Time-MoE,0.49921271204948425
Sample 24,Moirai,0.6063405871391296
Sample 24,Chronos,0.39365941286087036
Sample 25,TimesFM,0.5007490515708923
Sample 25,Chronos,0.49925097823143005
Sample 26,Moirai,0.5478338003158569
Sample 26,Timer,0.45216619968414307
Sample 27,Moirai,0.5231248140335083
Sample 27,TimesFM,0.4768751859664917
Sample 28,Chronos,0.5019388198852539
Sample 28,Time-MoE,0.49806123971939087
Sample 29,TimesFM,0.5026106238365173
Sample 29,Chronos,0.49738937616348267
Sample 30,Time-MoE,0.5003719925880432
Sample 30,TimesFM,0.4996280074119568
Sample 31,Moirai,0.5283384919166565
Sample 31,Time-MoE,0.4716615378856659
Sample 0,Moirai,0.6053338646888733
Sample 0,TimesFM,0.3946661651134491
Sample 1,Moirai,0.5067418217658997
Sample 1,TimesFM,0.49325814843177795
Sample 2,Chronos,0.5000300407409668
Sample 2,Time-MoE,0.4999699890613556
Sample 3,TimesFM,0.5018219351768494
Sample 3,Chronos,0.49817806482315063
Sample 4,Time-MoE,0.5000689029693604
Sample 4,TimesFM,0.49993106722831726
Sample 5,TimesFM,0.5015382170677185
Sample 5,Timer,0.4984618127346039
Sample 6,Chronos,0.5026096701622009
Sample 6,Timer,0.4973903298377991
Sample 7,Moirai,0.5507217645645142
Sample 7,Time-MoE,0.4492782652378082
Sample 8,Moirai,0.5999142527580261
Sample 8,Time-MoE,0.40008580684661865
Sample 9,Moirai,0.5015200972557068
Sample 9,TimesFM,0.4984799027442932
Sample 10,Moirai,0.5053022503852844
Sample 10,Time-MoE,0.4946977496147156
Sample 11,Moirai,0.5123708844184875
Sample 11,Time-MoE,0.48762914538383484
Sample 12,Chronos,0.5065405368804932
Sample 12,Timer,0.4934594929218292
Sample 13,Moirai,0.5097009539604187
Sample 13,TimesFM,0.4902991056442261
Sample 14,TimesFM,0.5060589909553528
Sample 14,Timer,0.4939410388469696
Sample 15,Moirai,0.5470042824745178
Sample 15,Time-MoE,0.4529956877231598
Sample 16,Moirai,0.6264715790748596
Sample 16,Time-MoE,0.3735284209251404
Sample 17,Moirai,0.5067369937896729
Sample 17,TimesFM,0.49326300621032715
Sample 18,Time-MoE,0.504534900188446
Sample 18,TimesFM,0.49546509981155396
Sample 19,Moirai,0.5008624792098999
Sample 19,TimesFM,0.4991375505924225
Sample 20,Moirai,0.5035355687141418
Sample 20,Chronos,0.49646443128585815
Sample 21,Moirai,0.5087859034538269
Sample 21,TimesFM,0.4912140667438507
Sample 22,Chronos,0.5016288757324219
Sample 22,Timer,0.4983711242675781
Sample 23,Time-MoE,0.5005290508270264
Sample 23,Timer,0.49947091937065125
Sample 24,Moirai,0.5784669518470764
Sample 24,Time-MoE,0.42153310775756836
Sample 25,TimesFM,0.5017184615135193
Sample 25,Timer,0.4982815980911255
Sample 26,Time-MoE,0.500996470451355
Sample 26,Chronos,0.49900349974632263
Sample 27,TimesFM,0.5055722594261169
Sample 27,Timer,0.49442771077156067
Sample 28,Chronos,0.5005133748054504
Sample 28,Moirai,0.49948662519454956
Sample 29,TimesFM,0.50440913438797
Sample 29,Chronos,0.4955909252166748
Sample 30,Timer,0.5000265836715698
Sample 30,Chronos,0.4999733865261078
Sample 31,Moirai,0.5425894856452942
Sample 31,Time-MoE,0.4574105441570282
Sample 0,Moirai,0.5905047059059143
Sample 0,Time-MoE,0.4094952642917633
Sample 1,Moirai,0.5072686672210693
Sample 1,TimesFM,0.49273133277893066
Sample 2,Moirai,0.5027095079421997
Sample 2,TimesFM,0.4972905218601227
Sample 3,TimesFM,0.5027643442153931
Sample 3,Chronos,0.49723565578460693
Sample 4,Moirai,0.5412200093269348
Sample 4,Time-MoE,0.4587799906730652
Sample 5,Chronos,0.5018603801727295
Sample 5,Timer,0.4981396198272705
Sample 6,Timer,0.5001653432846069
Sample 6,Chronos,0.4998346269130707
Sample 7,Moirai,0.5448880791664124
Sample 7,Time-MoE,0.45511192083358765
Sample 8,Moirai,0.585004448890686
Sample 8,Time-MoE,0.41499555110931396
Sample 9,TimesFM,0.5011155605316162
Sample 9,Timer,0.4988844394683838
Sample 10,Moirai,0.5051137208938599
Sample 10,Chronos,0.4948863089084625
Sample 11,TimesFM,0.5031960606575012
Sample 11,Chronos,0.4968039393424988
Sample 12,Chronos,0.5003086924552917
Sample 12,TimesFM,0.49969133734703064
Sample 13,TimesFM,0.503351628780365
Sample 13,Chronos,0.4966483414173126
Sample 14,Time-MoE,0.5010923743247986
Sample 14,Timer,0.4989076256752014
Sample 15,Moirai,0.5262209177017212
Sample 15,Time-MoE,0.4737790822982788
Sample 16,Moirai,0.5577505826950073
Sample 16,TimesFM,0.4422493577003479
Sample 17,TimesFM,0.5011001825332642
Sample 17,Chronos,0.49889981746673584
Sample 18,Time-MoE,0.5015945434570312
Sample 18,Timer,0.49840548634529114
Sample 19,Moirai,0.5464363098144531
Sample 19,TimesFM,0.45356371998786926
Sample 20,Chronos,0.5008783340454102
Sample 20,TimesFM,0.49912169575691223
Sample 21,TimesFM,0.5044156312942505
Sample 21,Chronos,0.4955843985080719
Sample 22,Chronos,0.5058061480522156
Sample 22,Time-MoE,0.4941938817501068
Sample 23,Time-MoE,0.500586211681366
Sample 23,TimesFM,0.4994138479232788
Sample 24,Moirai,0.5795853137969971
Sample 24,Time-MoE,0.4204147160053253
Sample 25,TimesFM,0.5010339021682739
Sample 25,Chronos,0.4989660978317261
Sample 26,Moirai,0.5044090151786804
Sample 26,Time-MoE,0.4955909848213196
Sample 27,TimesFM,0.5067715644836426
Sample 27,Timer,0.4932284653186798
Sample 28,Timer,0.5001072287559509
Sample 28,Time-MoE,0.4998927414417267
Sample 29,TimesFM,0.5026327967643738
Sample 29,Chronos,0.49736714363098145
Sample 30,TimesFM,0.5000549554824829
Sample 30,Timer,0.4999450743198395
Sample 31,Moirai,0.5147761106491089
Sample 31,Time-MoE,0.4852238595485687
Sample 0,Moirai,0.6027905344963074
Sample 0,Time-MoE,0.39720943570137024
Sample 1,Moirai,0.5116181373596191
Sample 1,TimesFM,0.48838183283805847
Sample 2,Moirai,0.5316565036773682
Sample 2,Chronos,0.46834349632263184
Sample 3,Moirai,0.5058521032333374
Sample 3,TimesFM,0.494147926568985
Sample 4,Chronos,0.5024868249893188
Sample 4,Timer,0.49751314520835876
Sample 5,Moirai,0.5507461428642273
Sample 5,Chronos,0.4492538869380951
Sample 6,Moirai,0.5205214023590088
Sample 6,Timer,0.4794785976409912
Sample 7,Moirai,0.5261760354042053
Sample 7,Time-MoE,0.47382399439811707
Sample 8,Moirai,0.6450571417808533
Sample 8,Time-MoE,0.3549429178237915
Sample 9,TimesFM,0.5004627704620361
Sample 9,Chronos,0.49953725934028625
Sample 10,TimesFM,0.500397264957428
Sample 10,Chronos,0.499602735042572
Sample 11,TimesFM,0.5044052004814148
Sample 11,Timer,0.4955947995185852
Sample 12,Moirai,0.5255168676376343
Sample 12,Chronos,0.4744831323623657
Sample 13,Chronos,0.5008218884468079
Sample 13,Timer,0.4991781413555145
Sample 14,TimesFM,0.5009579062461853
Sample 14,Chronos,0.4990420937538147
Sample 15,Moirai,0.5446493625640869
Sample 15,Timer,0.4553506672382355
Sample 16,Moirai,0.6358303427696228
Sample 16,Chronos,0.3641696274280548
Sample 17,Chronos,0.5018508434295654
Sample 17,TimesFM,0.49814918637275696
Sample 18,Moirai,0.5250559449195862
Sample 18,Time-MoE,0.47494399547576904
Sample 19,TimesFM,0.5047147274017334
Sample 19,Timer,0.495285302400589
Sample 20,Chronos,0.5003396272659302
Sample 20,Timer,0.4996604025363922
Sample 21,TimesFM,0.5011654496192932
Sample 21,Chronos,0.4988345503807068
Sample 22,Moirai,0.5223014950752258
Sample 22,Time-MoE,0.47769850492477417
Sample 23,Moirai,0.529741108417511
Sample 23,Time-MoE,0.4702589213848114
Sample 24,Moirai,0.604762077331543
Sample 24,Timer,0.39523789286613464
Sample 25,TimesFM,0.5019028186798096
Sample 25,Timer,0.4980972111225128
Sample 26,Moirai,0.5152584314346313
Sample 26,Chronos,0.48474153876304626
Sample 27,TimesFM,0.5036038756370544
Sample 27,Timer,0.49639612436294556
Sample 28,Moirai,0.5301284193992615
Sample 28,Chronos,0.4698716104030609
Sample 29,TimesFM,0.5028010010719299
Sample 29,Timer,0.4971989691257477
Sample 30,Chronos,0.5005944967269897
Sample 30,Timer,0.49940547347068787
Sample 31,Moirai,0.546345591545105
Sample 31,Time-MoE,0.45365437865257263
Sample 0,Moirai,0.6252623796463013
Sample 0,Time-MoE,0.37473762035369873
Sample 1,TimesFM,0.5007361173629761
Sample 1,Chronos,0.4992639124393463
Sample 2,Chronos,0.5015984773635864
Sample 2,TimesFM,0.4984014928340912
Sample 3,TimesFM,0.5036699175834656
Sample 3,Chronos,0.4963300824165344
Sample 4,Moirai,0.5069403648376465
Sample 4,Chronos,0.4930596649646759
Sample 5,TimesFM,0.5010662078857422
Sample 5,Time-MoE,0.4989338219165802
Sample 6,Moirai,0.5028722286224365
Sample 6,Chronos,0.4971277713775635
Sample 7,Moirai,0.5476523637771606
Sample 7,Time-MoE,0.45234766602516174
Sample 8,Moirai,0.6177619695663452
Sample 8,Time-MoE,0.3822380602359772
Sample 9,TimesFM,0.5009193420410156
Sample 9,Chronos,0.4990806579589844
Sample 10,Moirai,0.5143935084342957
Sample 10,Time-MoE,0.48560646176338196
Sample 11,Moirai,0.5469268560409546
Sample 11,TimesFM,0.45307308435440063
Sample 12,Chronos,0.5066882967948914
Sample 12,Moirai,0.49331173300743103
Sample 13,Moirai,0.5028907060623169
Sample 13,TimesFM,0.4971092641353607
Sample 14,Chronos,0.501201331615448
Sample 14,TimesFM,0.498798668384552
Sample 15,Time-MoE,0.5013984441757202
Sample 15,Timer,0.4986015558242798
Sample 16,Moirai,0.5903208255767822
Sample 16,TimesFM,0.409679114818573
Sample 17,TimesFM,0.5007312893867493
Sample 17,Chronos,0.4992687404155731
Sample 18,Moirai,0.5113529562950134
Sample 18,Chronos,0.48864707350730896
Sample 19,TimesFM,0.5048636198043823
Sample 19,Timer,0.49513640999794006
Sample 20,Chronos,0.5009303689002991
Sample 20,Timer,0.4990696609020233
Sample 21,TimesFM,0.5043277144432068
Sample 21,Chronos,0.4956722855567932
Sample 22,Chronos,0.5006291270256042
Sample 22,TimesFM,0.49937087297439575
Sample 23,Moirai,0.5108490586280823
Sample 23,Time-MoE,0.4891509413719177
Sample 24,Moirai,0.6438698768615723
Sample 24,Time-MoE,0.35613012313842773
Sample 25,TimesFM,0.5001223683357239
Sample 25,Chronos,0.4998776316642761
Sample 26,Moirai,0.513380765914917
Sample 26,Time-MoE,0.4866192638874054
Sample 27,TimesFM,0.5045130252838135
Sample 27,Timer,0.49548694491386414
Sample 28,Moirai,0.5335074663162231
Sample 28,Chronos,0.46649250388145447
Sample 29,Time-MoE,0.5013498663902283
Sample 29,Timer,0.49865010380744934
Sample 30,Chronos,0.5007030963897705
Sample 30,Time-MoE,0.4992969036102295
Sample 31,Moirai,0.5607576370239258
Sample 31,Time-MoE,0.4392423629760742
Sample 0,Moirai,0.627984881401062
Sample 0,Chronos,0.3720150887966156
Sample 1,TimesFM,0.5004686713218689
Sample 1,Chronos,0.4995313286781311
Sample 2,Time-MoE,0.5014878511428833
Sample 2,Timer,0.4985121786594391
Sample 3,TimesFM,0.5032598972320557
Sample 3,Timer,0.49674007296562195
Sample 4,Moirai,0.5068714022636414
Sample 4,Chronos,0.49312856793403625
Sample 5,TimesFM,0.500769317150116
Sample 5,Chronos,0.49923065304756165
Sample 6,Moirai,0.50643390417099
Sample 6,Chronos,0.49356603622436523
Sample 7,Moirai,0.5294864177703857
Sample 7,Time-MoE,0.47051358222961426
Sample 8,Moirai,0.6204674243927002
Sample 8,Timer,0.3795326054096222
Sample 9,Moirai,0.5021414160728455
Sample 9,TimesFM,0.49785858392715454
Sample 10,Moirai,0.5196364521980286
Sample 10,Chronos,0.48036354780197144
Sample 11,Moirai,0.5078144073486328
Sample 11,TimesFM,0.4921855628490448
Sample 12,Time-MoE,0.5003384351730347
Sample 12,TimesFM,0.49966153502464294
Sample 13,TimesFM,0.5030089616775513
Sample 13,Timer,0.49699100852012634
Sample 14,Chronos,0.5013166666030884
Sample 14,TimesFM,0.498683363199234
Sample 15,Moirai,0.5321144461631775
Sample 15,Time-MoE,0.46788549423217773
Sample 16,Moirai,0.6143167018890381
Sample 16,Chronos,0.3856832683086395
Sample 17,Moirai,0.506488025188446
Sample 17,TimesFM,0.4935119152069092
Sample 18,Moirai,0.5447489619255066
Sample 18,Chronos,0.4552510380744934
Sample 19,TimesFM,0.5016162395477295
Sample 19,Chronos,0.4983837306499481
Sample 20,TimesFM,0.5006117820739746
Sample 20,Time-MoE,0.49938827753067017
Sample 21,TimesFM,0.5018568634986877
Sample 21,Moirai,0.49814310669898987
Sample 22,Chronos,0.5020965933799744
Sample 22,Time-MoE,0.49790337681770325
Sample 23,Moirai,0.5423685312271118
Sample 23,Timer,0.4576314687728882
Sample 24,Moirai,0.6114720702171326
Sample 24,Chronos,0.38852789998054504
Sample 25,TimesFM,0.5022476315498352
Sample 25,Timer,0.4977523386478424
Sample 26,Moirai,0.5099063515663147
Sample 26,Time-MoE,0.4900936484336853
Sample 27,TimesFM,0.501410186290741
Sample 27,Chronos,0.49858981370925903
Sample 28,Time-MoE,0.5010511875152588
Sample 28,Timer,0.4989488422870636
Sample 29,TimesFM,0.5030533075332642
Sample 29,Chronos,0.49694666266441345
Sample 30,Moirai,0.5122597217559814
Sample 30,Chronos,0.48774027824401855
Sample 31,Time-MoE,0.5011292695999146
Sample 31,Timer,0.4988707900047302
Sample 0,Moirai,0.5618217587471008
Sample 0,TimesFM,0.43817827105522156
Sample 1,TimesFM,0.5009618997573853
Sample 1,Chronos,0.49903810024261475
Sample 2,Moirai,0.5009545087814331
Sample 2,Time-MoE,0.4990454912185669
Sample 3,TimesFM,0.5029952526092529
Sample 3,Timer,0.4970047175884247
Sample 4,Chronos,0.5008934140205383
Sample 4,TimesFM,0.49910664558410645
Sample 5,TimesFM,0.5023289322853088
Sample 5,Moirai,0.49767106771469116
Sample 6,TimesFM,0.5005661845207214
Sample 6,Chronos,0.49943381547927856
Sample 7,Moirai,0.5221148729324341
Sample 7,Time-MoE,0.4778851270675659
Sample 8,Moirai,0.6482523083686829
Sample 8,Time-MoE,0.35174769163131714
Sample 9,TimesFM,0.5009068846702576
Sample 9,Chronos,0.49909311532974243
Sample 10,Time-MoE,0.5025748014450073
Sample 10,Timer,0.4974251389503479
Sample 11,TimesFM,0.5035917162895203
Sample 11,Chronos,0.49640825390815735
Sample 12,Chronos,0.5021483898162842
Sample 12,Moirai,0.4978516399860382
Sample 13,TimesFM,0.5014860033988953
Sample 13,Chronos,0.4985140264034271
Sample 14,Time-MoE,0.5003753900527954
Sample 14,Timer,0.4996246099472046
Sample 15,Moirai,0.5422655940055847
Sample 15,Time-MoE,0.4577343761920929
Sample 0,Moirai,0.6490458250045776
Sample 0,Timer,0.35095420479774475
Sample 1,TimesFM,0.5003102421760559
Sample 1,Chronos,0.4996897280216217
Sample 2,Chronos,0.5005046725273132
Sample 2,Timer,0.49949538707733154
Sample 3,TimesFM,0.5041084885597229
Sample 3,Timer,0.4958915114402771
Sample 4,Chronos,0.5028268694877625
Sample 4,Moirai,0.49717316031455994
Sample 5,Chronos,0.5004212260246277
Sample 5,TimesFM,0.4995787441730499
Sample 6,Timer,0.5006791353225708
Sample 6,TimesFM,0.4993208348751068
Sample 7,Moirai,0.5495290160179138
Sample 7,Time-MoE,0.4504709243774414
Sample 8,Moirai,0.6393731832504272
Sample 8,Time-MoE,0.36062678694725037
Sample 9,TimesFM,0.50079745054245
Sample 9,Chronos,0.49920254945755005
Sample 10,Time-MoE,0.5034289956092834
Sample 10,Moirai,0.49657097458839417
Sample 11,TimesFM,0.5044914484024048
Sample 11,Timer,0.4955085515975952
Sample 12,Moirai,0.5324632525444031
Sample 12,Chronos,0.4675367474555969
Sample 13,TimesFM,0.5024386048316956
Sample 13,Chronos,0.49756139516830444
Sample 14,Time-MoE,0.5009914636611938
Sample 14,Chronos,0.49900853633880615
Sample 15,Moirai,0.5492625832557678
Sample 15,Timer,0.4507374167442322
Sample 16,Moirai,0.600057065486908
Sample 16,Time-MoE,0.3999429941177368
Sample 17,Moirai,0.5027610659599304
Sample 17,TimesFM,0.4972389042377472
Sample 18,Moirai,0.5097914934158325
Sample 18,Chronos,0.4902084767818451
Sample 19,TimesFM,0.5025531649589539
Sample 19,Chronos,0.4974468946456909
Sample 20,Moirai,0.5344597697257996
Sample 20,Timer,0.46554023027420044
Sample 21,TimesFM,0.5043964385986328
Sample 21,Timer,0.4956035614013672
Sample 22,TimesFM,0.5011048913002014
Sample 22,Chronos,0.49889513850212097
Sample 23,Timer,0.5008710622787476
Sample 23,Time-MoE,0.49912893772125244
Sample 24,Moirai,0.6097686290740967
Sample 24,Timer,0.39023131132125854
Sample 25,TimesFM,0.5006380081176758
Sample 25,Chronos,0.4993619918823242
Sample 26,Moirai,0.5491372346878052
Sample 26,Timer,0.4508627951145172
Sample 27,Moirai,0.5235674381256104
Sample 27,TimesFM,0.47643256187438965
Sample 28,Chronos,0.5017818808555603
Sample 28,Timer,0.4982181489467621
Sample 29,TimesFM,0.5024605989456177
Sample 29,Chronos,0.4975394010543823
Sample 30,Time-MoE,0.5005298852920532
Sample 30,TimesFM,0.4994701147079468
Sample 31,Moirai,0.5297436118125916
Sample 31,Time-MoE,0.47025638818740845
Sample 0,Moirai,0.6087281703948975
Sample 0,Timer,0.3912718594074249
Sample 1,Moirai,0.5061991214752197
Sample 1,TimesFM,0.49380093812942505
Sample 2,Chronos,0.500170111656189
Sample 2,Time-MoE,0.49982985854148865
Sample 3,TimesFM,0.5019722580909729
Sample 3,Chronos,0.4980277717113495
Sample 4,Time-MoE,0.500091016292572
Sample 4,TimesFM,0.499908983707428
Sample 5,TimesFM,0.5019352436065674
Sample 5,Timer,0.4980647563934326
Sample 6,Chronos,0.5029658675193787
Sample 6,Timer,0.49703407287597656
Sample 7,Moirai,0.5530543327331543
Sample 7,Timer,0.4469456374645233
Sample 8,Moirai,0.6030262112617493
Sample 8,Time-MoE,0.39697378873825073
Sample 9,Moirai,0.5008431673049927
Sample 9,TimesFM,0.49915680289268494
Sample 10,Moirai,0.5049140453338623
Sample 10,Time-MoE,0.4950859546661377
Sample 11,Moirai,0.5124836564064026
Sample 11,Time-MoE,0.487516313791275
Sample 12,Chronos,0.5067861676216125
Sample 12,Timer,0.49321383237838745
Sample 13,Moirai,0.5093603730201721
Sample 13,TimesFM,0.49063965678215027
Sample 14,TimesFM,0.5065821409225464
Sample 14,Time-MoE,0.4934178292751312
Sample 15,Moirai,0.5488448143005371
Sample 15,Timer,0.4511551260948181
Sample 16,Moirai,0.6306882500648499
Sample 16,Timer,0.36931174993515015
Sample 17,Moirai,0.5062164068222046
Sample 17,TimesFM,0.4937836229801178
Sample 18,Time-MoE,0.5048139095306396
Sample 18,Timer,0.49518612027168274
Sample 19,Moirai,0.5001707673072815
Sample 19,TimesFM,0.4998292624950409
Sample 20,Moirai,0.5029655694961548
Sample 20,Chronos,0.4970344305038452
Sample 21,Moirai,0.5083649158477783
Sample 21,TimesFM,0.49163511395454407
Sample 22,Chronos,0.5018469095230103
Sample 22,Timer,0.49815309047698975
Sample 23,Time-MoE,0.5001658201217651
Sample 23,Timer,0.4998341500759125
Sample 24,Moirai,0.5806776285171509
Sample 24,Time-MoE,0.4193224310874939
Sample 25,TimesFM,0.5020281076431274
Sample 25,Chronos,0.4979718327522278
Sample 26,Time-MoE,0.5011239647865295
Sample 26,Chronos,0.4988759756088257
Sample 27,TimesFM,0.5062485933303833
Sample 27,Timer,0.4937514364719391
Sample 28,Moirai,0.5001051425933838
Sample 28,Chronos,0.4998948574066162
Sample 29,TimesFM,0.5045585036277771
Sample 29,Chronos,0.4954414963722229
Sample 30,Chronos,0.5005767345428467
Sample 30,Timer,0.4994232952594757
Sample 31,Moirai,0.5447128415107727
Sample 31,Time-MoE,0.45528721809387207
Sample 0,Moirai,0.5939674973487854
Sample 0,Time-MoE,0.406032532453537
Sample 1,Moirai,0.5066918730735779
Sample 1,TimesFM,0.49330809712409973
Sample 2,Moirai,0.5025511384010315
Sample 2,TimesFM,0.4974488317966461
Sample 3,TimesFM,0.5030472874641418
Sample 3,Chronos,0.49695271253585815
Sample 4,Moirai,0.5428548455238342
Sample 4,Time-MoE,0.45714518427848816
Sample 5,Chronos,0.5018441677093506
Sample 5,Time-MoE,0.4981558918952942
Sample 6,Chronos,0.5000925660133362
Sample 6,Timer,0.49990737438201904
Sample 7,Moirai,0.5466939210891724
Sample 7,Time-MoE,0.4533061385154724
Sample 8,Moirai,0.5884501934051514
Sample 8,Time-MoE,0.41154980659484863
Sample 9,TimesFM,0.5015025734901428
Sample 9,Chronos,0.49849748611450195
Sample 10,Moirai,0.5047999620437622
Sample 10,Chronos,0.4952000379562378
Sample 11,TimesFM,0.5034842491149902
Sample 11,Chronos,0.49651575088500977
Sample 12,Chronos,0.5004786849021912
Sample 12,TimesFM,0.4995213449001312
Sample 13,TimesFM,0.5036625266075134
Sample 13,Chronos,0.49633750319480896
Sample 14,Time-MoE,0.5010876059532166
Sample 14,TimesFM,0.49891242384910583
Sample 15,Moirai,0.5277600884437561
Sample 15,Time-MoE,0.47223997116088867
Sample 16,Moirai,0.5589186549186707
Sample 16,TimesFM,0.44108137488365173
Sample 17,TimesFM,0.5014380216598511
Sample 17,Chronos,0.4985620081424713
Sample 18,Time-MoE,0.5017634630203247
Sample 18,Chronos,0.4982365071773529
Sample 19,Moirai,0.5473425388336182
Sample 19,TimesFM,0.45265743136405945
Sample 20,Chronos,0.5009393692016602
Sample 20,TimesFM,0.49906063079833984
Sample 21,TimesFM,0.5047834515571594
Sample 21,Chronos,0.4952165484428406
Sample 22,Chronos,0.5059484839439392
Sample 22,Time-MoE,0.4940515160560608
Sample 23,Time-MoE,0.5007359385490417
Sample 23,TimesFM,0.49926409125328064
Sample 24,Moirai,0.5829395055770874
Sample 24,Time-MoE,0.4170604646205902
Sample 25,TimesFM,0.5013993382453918
Sample 25,Chronos,0.49860069155693054
Sample 26,Moirai,0.5045506954193115
Sample 26,Time-MoE,0.4954493045806885
Sample 27,TimesFM,0.5074546337127686
Sample 27,Timer,0.49254536628723145
Sample 28,Timer,0.5002680420875549
Sample 28,Chronos,0.4997319281101227
Sample 29,TimesFM,0.5029837489128113
Sample 29,Chronos,0.49701622128486633
Sample 30,TimesFM,0.500585675239563
Sample 30,Timer,0.4994142949581146
Sample 31,Moirai,0.515946626663208
Sample 31,Time-MoE,0.4840534031391144
Sample 0,Moirai,0.606375515460968
Sample 0,Timer,0.393624484539032
Sample 1,Moirai,0.5111078023910522
Sample 1,TimesFM,0.48889222741127014
Sample 2,Moirai,0.532516598701477
Sample 2,Chronos,0.4674834609031677
Sample 3,Moirai,0.5052019953727722
Sample 3,TimesFM,0.4947980046272278
Sample 4,Chronos,0.5024612545967102
Sample 4,Timer,0.4975387454032898
Sample 5,Moirai,0.5523013472557068
Sample 5,Chronos,0.4476986229419708
Sample 6,Moirai,0.5209040641784668
Sample 6,Timer,0.4790959060192108
Sample 7,Moirai,0.5270170569419861
Sample 7,Timer,0.4729829430580139
Sample 8,Moirai,0.6491611003875732
Sample 8,Timer,0.350838840007782
Sample 9,TimesFM,0.5009994506835938
Sample 9,Chronos,0.49900054931640625
Sample 10,TimesFM,0.5002630949020386
Sample 10,Chronos,0.4997369050979614
Sample 11,TimesFM,0.5049489140510559
Sample 11,Timer,0.4950510561466217
Sample 12,Moirai,0.5267825722694397
Sample 12,Chronos,0.4732173979282379
Sample 13,Chronos,0.500572919845581
Sample 13,Time-MoE,0.49942710995674133
Sample 14,TimesFM,0.5011838674545288
Sample 14,Time-MoE,0.4988161623477936
Sample 15,Moirai,0.5462684631347656
Sample 15,Timer,0.45373156666755676
Sample 16,Moirai,0.6400737166404724
Sample 16,Chronos,0.35992631316185
Sample 17,Chronos,0.5013941526412964
Sample 17,TimesFM,0.498605877161026
Sample 18,Moirai,0.5260900855064392
Sample 18,Time-MoE,0.4739099442958832
Sample 19,TimesFM,0.5052299499511719
Sample 19,Timer,0.49476999044418335
Sample 20,Chronos,0.5004193186759949
Sample 20,Timer,0.4995806813240051
Sample 21,TimesFM,0.5015546679496765
Sample 21,Chronos,0.4984453022480011
Sample 22,Moirai,0.5229002237319946
Sample 22,Chronos,0.477099746465683
Sample 23,Moirai,0.5312386751174927
Sample 23,Time-MoE,0.4687613844871521
Sample 24,Moirai,0.6079636812210083
Sample 24,Timer,0.3920363187789917
Sample 25,TimesFM,0.5024101138114929
Sample 25,Timer,0.4975898563861847
Sample 26,Moirai,0.5160550475120544
Sample 26,Chronos,0.48394498229026794
Sample 27,TimesFM,0.5041929483413696
Sample 27,Timer,0.495807021856308
Sample 28,Moirai,0.5315661430358887
Sample 28,Chronos,0.46843382716178894
Sample 29,TimesFM,0.5032397508621216
Sample 29,Time-MoE,0.49676021933555603
Sample 30,Chronos,0.5005249977111816
Sample 30,Time-MoE,0.49947503209114075
Sample 31,Moirai,0.5483309626579285
Sample 31,Timer,0.4516690969467163
Sample 0,Moirai,0.628636360168457
Sample 0,Timer,0.37136366963386536
Sample 1,TimesFM,0.5014414191246033
Sample 1,Chronos,0.4985586106777191
Sample 2,Chronos,0.5012582540512085
Sample 2,TimesFM,0.4987417757511139
Sample 3,TimesFM,0.5041135549545288
Sample 3,Timer,0.4958864152431488
Sample 4,Moirai,0.5069048404693604
Sample 4,Chronos,0.49309518933296204
Sample 5,TimesFM,0.5012375116348267
Sample 5,Time-MoE,0.49876242876052856
Sample 6,Moirai,0.5023708343505859
Sample 6,Timer,0.49762916564941406
Sample 7,Moirai,0.549551248550415
Sample 7,Time-MoE,0.45044875144958496
Sample 8,Moirai,0.6213554739952087
Sample 8,Time-MoE,0.37864449620246887
Sample 9,TimesFM,0.5015556812286377
Sample 9,Timer,0.4984442889690399
Sample 10,Moirai,0.5148395895957947
Sample 10,Time-MoE,0.4851604402065277
Sample 11,Moirai,0.5477284789085388
Sample 11,TimesFM,0.45227158069610596
Sample 12,Chronos,0.5069568753242493
Sample 12,Moirai,0.4930431544780731
Sample 13,Moirai,0.5020856857299805
Sample 13,TimesFM,0.49791425466537476
Sample 14,Chronos,0.5009509921073914
Sample 14,TimesFM,0.49904900789260864
Sample 15,Time-MoE,0.501912534236908
Sample 15,Timer,0.49808743596076965
Sample 16,Moirai,0.5925681591033936
Sample 16,Timer,0.4074319005012512
Sample 17,TimesFM,0.501387894153595
Sample 17,Chronos,0.49861207604408264
Sample 18,Moirai,0.511384129524231
Sample 18,Chronos,0.48861584067344666
Sample 19,TimesFM,0.5051213502883911
Sample 19,Time-MoE,0.4948786497116089
Sample 20,Chronos,0.5012847781181335
Sample 20,Timer,0.49871525168418884
Sample 21,TimesFM,0.5048601031303406
Sample 21,Timer,0.49513986706733704
Sample 22,TimesFM,0.5000542402267456
Sample 22,Chronos,0.4999457895755768
Sample 23,Moirai,0.5117219090461731
Sample 23,Time-MoE,0.4882780909538269
Sample 24,Moirai,0.6484471559524536
Sample 24,Timer,0.3515528440475464
Sample 25,TimesFM,0.5008457899093628
Sample 25,Chronos,0.4991542100906372
Sample 26,Moirai,0.5135736465454102
Sample 26,Timer,0.48642638325691223
Sample 27,TimesFM,0.5049881935119629
Sample 27,Timer,0.4950118064880371
Sample 28,Moirai,0.5348325967788696
Sample 28,Chronos,0.4651673436164856
Sample 29,Time-MoE,0.5013123750686646
Sample 29,Timer,0.49868765473365784
Sample 30,Chronos,0.5004205703735352
Sample 30,Time-MoE,0.49957939982414246
Sample 31,Moirai,0.5631223320960999
Sample 31,Time-MoE,0.43687763810157776
Sample 0,Moirai,0.6320362091064453
Sample 0,Timer,0.3679637908935547
Sample 1,TimesFM,0.501304030418396
Sample 1,Chronos,0.498695969581604
Sample 2,Time-MoE,0.5015392899513245
Sample 2,Timer,0.49846068024635315
Sample 3,TimesFM,0.5037491917610168
Sample 3,Timer,0.49625083804130554
Sample 4,Moirai,0.5074307322502136
Sample 4,Chronos,0.4925692677497864
Sample 5,TimesFM,0.5014907717704773
Sample 5,Chronos,0.4985092282295227
Sample 6,Moirai,0.5064998269081116
Sample 6,Chronos,0.4935001730918884
Sample 7,Moirai,0.5308550000190735
Sample 7,Time-MoE,0.4691450297832489
Sample 8,Moirai,0.6241166591644287
Sample 8,Timer,0.3758833408355713
Sample 9,Moirai,0.5011128783226013
Sample 9,TimesFM,0.4988871216773987
Sample 10,Moirai,0.5200200080871582
Sample 10,TimesFM,0.4799799621105194
Sample 11,Moirai,0.5070928931236267
Sample 11,TimesFM,0.4929071068763733
Sample 12,Time-MoE,0.5004153251647949
Sample 12,TimesFM,0.4995846450328827
Sample 13,TimesFM,0.5033010244369507
Sample 13,Timer,0.4966990053653717
Sample 14,Chronos,0.5013806223869324
Sample 14,TimesFM,0.49861934781074524
Sample 15,Moirai,0.5332242250442505
Sample 15,Timer,0.4667758047580719
Sample 16,Moirai,0.6179335713386536
Sample 16,Timer,0.3820664584636688
Sample 17,Moirai,0.5056255459785461
Sample 17,TimesFM,0.49437445402145386
Sample 18,Moirai,0.5463403463363647
Sample 18,Chronos,0.45365965366363525
Sample 19,TimesFM,0.5024110078811646
Sample 19,Chronos,0.49758902192115784
Sample 20,TimesFM,0.5004865527153015
Sample 20,Time-MoE,0.4995134174823761
Sample 21,TimesFM,0.5029500126838684
Sample 21,Moirai,0.4970499277114868
Sample 22,Chronos,0.5018689632415771
Sample 22,Time-MoE,0.49813100695610046
Sample 23,Moirai,0.5440487861633301
Sample 23,Timer,0.4559512138366699
Sample 24,Moirai,0.6146674156188965
Sample 24,TimesFM,0.3853326439857483
Sample 25,TimesFM,0.5027388334274292
Sample 25,Timer,0.497261106967926
Sample 26,Moirai,0.510248064994812
Sample 26,Time-MoE,0.4897519052028656
Sample 27,TimesFM,0.5020958781242371
Sample 27,Chronos,0.49790409207344055
Sample 28,Time-MoE,0.5012654066085815
Sample 28,Timer,0.49873465299606323
Sample 29,TimesFM,0.5038977861404419
Sample 29,Chronos,0.4961021840572357
Sample 30,Moirai,0.5126023888587952
Sample 30,Chronos,0.48739761114120483
Sample 31,Time-MoE,0.5015327334403992
Sample 31,Timer,0.4984673261642456
Sample 0,Moirai,0.5628907084465027
Sample 0,TimesFM,0.4371092617511749
Sample 1,TimesFM,0.5018263459205627
Sample 1,Chronos,0.49817365407943726
Sample 2,Moirai,0.5004857182502747
Sample 2,Time-MoE,0.49951428174972534
Sample 3,TimesFM,0.5034734606742859
Sample 3,Timer,0.4965265393257141
Sample 4,Chronos,0.5013010501861572
Sample 4,TimesFM,0.4986989498138428
Sample 5,TimesFM,0.5033972263336182
Sample 5,Moirai,0.49660277366638184
Sample 6,TimesFM,0.5013993382453918
Sample 6,Chronos,0.49860069155693054
Sample 7,Moirai,0.5231938362121582
Sample 7,Time-MoE,0.4768061637878418
Sample 8,Moirai,0.6525337100028992
Sample 8,Chronos,0.34746626019477844
Sample 9,TimesFM,0.501671552658081
Sample 9,Timer,0.49832844734191895
Sample 10,Time-MoE,0.5027167797088623
Sample 10,Timer,0.4972832202911377
Sample 11,TimesFM,0.5042511820793152
Sample 11,Timer,0.4957487881183624
Sample 12,Chronos,0.502395510673523
Sample 12,Moirai,0.49760451912879944
Sample 13,TimesFM,0.5023297071456909
Sample 13,Timer,0.4976702332496643
Sample 14,Time-MoE,0.500194251537323
Sample 14,TimesFM,0.499805748462677
Sample 15,Moirai,0.5441910624504089
Sample 15,Time-MoE,0.45580899715423584
Sample 0,Moirai,0.6536992192268372
Sample 0,Time-MoE,0.34630075097084045
Sample 1,TimesFM,0.5012408494949341
Sample 1,Chronos,0.4987591803073883
Sample 2,Chronos,0.5005067586898804
Sample 2,Timer,0.4994933009147644
Sample 3,TimesFM,0.5046574473381042
Sample 3,Timer,0.49534258246421814
Sample 4,Chronos,0.5030609965324402
Sample 4,Moirai,0.4969390034675598
Sample 5,TimesFM,0.5003809928894043
Sample 5,Chronos,0.4996190369129181
Sample 6,Timer,0.5003578662872314
Sample 6,TimesFM,0.49964210391044617
Sample 7,Moirai,0.5515622496604919
Sample 7,Time-MoE,0.44843772053718567
Sample 8,Moirai,0.6433697938919067
Sample 8,Time-MoE,0.35663023591041565
Sample 9,TimesFM,0.5017062425613403
Sample 9,Chronos,0.4982937276363373
Sample 10,Time-MoE,0.5040735006332397
Sample 10,Moirai,0.49592646956443787
Sample 11,TimesFM,0.5050374269485474
Sample 11,Timer,0.49496257305145264
Sample 12,Moirai,0.5334239602088928
Sample 12,Chronos,0.46657606959342957
Sample 13,TimesFM,0.5033011436462402
Sample 13,Chronos,0.49669885635375977
Sample 14,Time-MoE,0.5013419389724731
Sample 14,Chronos,0.49865806102752686
Sample 15,Moirai,0.551297128200531
Sample 15,Timer,0.4487028121948242
Sample 16,Moirai,0.6030985116958618
Sample 16,Time-MoE,0.3969014883041382
Sample 17,Moirai,0.5019027590751648
Sample 17,TimesFM,0.4980972409248352
Sample 18,Moirai,0.5100620985031128
Sample 18,Chronos,0.4899379014968872
Sample 19,TimesFM,0.503322422504425
Sample 19,Timer,0.49667757749557495
Sample 20,Moirai,0.5352474451065063
Sample 20,Time-MoE,0.4647524952888489
Sample 21,TimesFM,0.5049523115158081
Sample 21,Timer,0.4950476586818695
Sample 22,TimesFM,0.5016423463821411
Sample 22,Chronos,0.4983576834201813
Sample 23,Timer,0.5009032487869263
Sample 23,Time-MoE,0.49909675121307373
Sample 24,Moirai,0.6135643124580383
Sample 24,Chronos,0.3864356577396393
Sample 25,TimesFM,0.5015072822570801
Sample 25,Chronos,0.4984927177429199
Sample 26,Moirai,0.5504686236381531
Sample 26,Time-MoE,0.4495314061641693
Sample 27,Moirai,0.523767352104187
Sample 27,TimesFM,0.4762325882911682
Sample 28,Chronos,0.5019698143005371
Sample 28,Timer,0.4980302155017853
Sample 29,TimesFM,0.5032796263694763
Sample 29,Chronos,0.49672040343284607
Sample 30,Time-MoE,0.500522792339325
Sample 30,TimesFM,0.49947723746299744
Sample 31,Moirai,0.531012773513794
Sample 31,Time-MoE,0.46898722648620605
Sample 0,Moirai,0.6119680404663086
Sample 0,TimesFM,0.3880319893360138
Sample 1,Moirai,0.5054857730865479
Sample 1,TimesFM,0.49451419711112976
Sample 2,Chronos,0.5002350807189941
Sample 2,Time-MoE,0.49976494908332825
Sample 3,TimesFM,0.5028417110443115
Sample 3,Chronos,0.4971582591533661
Sample 4,Time-MoE,0.5000724196434021
Sample 4,TimesFM,0.4999275803565979
Sample 5,TimesFM,0.5024273991584778
Sample 5,Timer,0.49757257103919983
Sample 6,Chronos,0.5025931596755981
Sample 6,Timer,0.49740684032440186
Sample 7,Moirai,0.5550671815872192
Sample 7,Time-MoE,0.4449327886104584
Sample 8,Moirai,0.6056139469146729
Sample 8,Time-MoE,0.39438608288764954
Sample 9,Moirai,0.5000087022781372
Sample 9,TimesFM,0.4999913275241852
Sample 10,Moirai,0.504458487033844
Sample 10,Time-MoE,0.495541512966156
Sample 11,Moirai,0.5126419067382812
Sample 11,Time-MoE,0.48735806345939636
Sample 12,Chronos,0.506748378276825
Sample 12,Timer,0.49325162172317505
Sample 13,Moirai,0.5088703632354736
Sample 13,TimesFM,0.49112966656684875
Sample 14,TimesFM,0.5073077082633972
Sample 14,Time-MoE,0.49269232153892517
Sample 15,Moirai,0.5505103468894958
Sample 15,Time-MoE,0.4494897127151489
Sample 16,Moirai,0.6343557238578796
Sample 16,Time-MoE,0.36564427614212036
Sample 17,Moirai,0.5055323839187622
Sample 17,TimesFM,0.4944675862789154
Sample 18,Time-MoE,0.5048583745956421
Sample 18,Timer,0.4951416254043579
Sample 19,TimesFM,0.5006704330444336
Sample 19,Moirai,0.4993295967578888
Sample 20,Moirai,0.5029019117355347
Sample 20,Chronos,0.4970981180667877
Sample 21,Moirai,0.5077766180038452
Sample 21,TimesFM,0.4922233521938324
Sample 22,Chronos,0.5013893842697144
Sample 22,Timer,0.49861061573028564
Sample 23,Time-MoE,0.5000258684158325
Sample 23,Timer,0.4999741315841675
Sample 24,Moirai,0.5827322602272034
Sample 24,Time-MoE,0.417267769575119
Sample 25,TimesFM,0.5028271079063416
Sample 25,Timer,0.49717289209365845
Sample 26,Time-MoE,0.5015978217124939
Sample 26,Chronos,0.49840211868286133
Sample 27,TimesFM,0.5067932605743408
Sample 27,Timer,0.49320676922798157
Sample 28,Moirai,0.5003396272659302
Sample 28,Chronos,0.4996604025363922
Sample 29,TimesFM,0.5054109692573547
Sample 29,Chronos,0.49458906054496765
Sample 30,Timer,0.5001914501190186
Sample 30,Chronos,0.49980854988098145
Sample 31,Moirai,0.5464690327644348
Sample 31,Time-MoE,0.4535309970378876
Sample 0,Moirai,0.596681535243988
Sample 0,Time-MoE,0.40331846475601196
Sample 1,Moirai,0.5061548352241516
Sample 1,TimesFM,0.4938451647758484
Sample 2,Moirai,0.5024110674858093
Sample 2,TimesFM,0.49758896231651306
Sample 3,TimesFM,0.5037786960601807
Sample 3,Chronos,0.4962213635444641
Sample 4,Moirai,0.544199526309967
Sample 4,Time-MoE,0.45580044388771057
Sample 5,Chronos,0.5014044046401978
Sample 5,Timer,0.49859562516212463
Sample 6,Timer,0.5004180669784546
Sample 6,Chronos,0.499581903219223
Sample 7,Moirai,0.5481804609298706
Sample 7,Time-MoE,0.451819509267807
Sample 8,Moirai,0.5910937190055847
Sample 8,Time-MoE,0.40890634059906006
Sample 9,TimesFM,0.5021042227745056
Sample 9,Timer,0.497895747423172
Sample 10,Moirai,0.5048730969429016
Sample 10,Chronos,0.4951269030570984
Sample 11,TimesFM,0.504073977470398
Sample 11,Chronos,0.49592602252960205
Sample 12,Chronos,0.500739574432373
Sample 12,Timer,0.49926039576530457
Sample 13,TimesFM,0.5043953657150269
Sample 13,Timer,0.49560463428497314
Sample 14,Time-MoE,0.5006284713745117
Sample 14,TimesFM,0.4993715286254883
Sample 15,Moirai,0.5289283394813538
Sample 15,Time-MoE,0.47107160091400146
Sample 16,Moirai,0.5601081252098083
Sample 16,TimesFM,0.4398919343948364
Sample 17,TimesFM,0.5022818446159363
Sample 17,Chronos,0.4977181553840637
Sample 18,Time-MoE,0.5015889406204224
Sample 18,Timer,0.49841105937957764
Sample 19,Moirai,0.5482814908027649
Sample 19,TimesFM,0.4517184793949127
Sample 20,Chronos,0.5012287497520447
Sample 20,TimesFM,0.4987712800502777
Sample 21,TimesFM,0.5055091381072998
Sample 21,Chronos,0.4944908618927002
Sample 22,Chronos,0.5056026577949524
Sample 22,Timer,0.4943973422050476
Sample 23,Time-MoE,0.5007264018058777
Sample 23,TimesFM,0.4992736577987671
Sample 24,Moirai,0.5855442881584167
Sample 24,Time-MoE,0.41445571184158325
Sample 25,TimesFM,0.502074122428894
Sample 25,Timer,0.49792584776878357
Sample 26,Moirai,0.5045084357261658
Sample 26,Time-MoE,0.49549153447151184
Sample 27,TimesFM,0.5076994895935059
Sample 27,Timer,0.49230051040649414
Sample 28,Timer,0.5001381039619446
Sample 28,Chronos,0.4998618960380554
Sample 29,TimesFM,0.5037475228309631
Sample 29,Chronos,0.49625253677368164
Sample 30,TimesFM,0.5006486773490906
Sample 30,Timer,0.49935129284858704
Sample 31,Moirai,0.5167971849441528
Sample 31,Time-MoE,0.48320281505584717
Sample 0,Moirai,0.609637975692749
Sample 0,Time-MoE,0.390362024307251
Sample 1,Moirai,0.5108088850975037
Sample 1,TimesFM,0.48919111490249634
Sample 2,Moirai,0.5333479642868042
Sample 2,Chronos,0.466651976108551
Sample 3,Moirai,0.504754364490509
Sample 3,TimesFM,0.49524563550949097
Sample 4,Chronos,0.5023091435432434
Sample 4,Timer,0.497690886259079
Sample 5,Moirai,0.5539115071296692
Sample 5,Chronos,0.4460884928703308
Sample 6,Moirai,0.5214102864265442
Sample 6,Time-MoE,0.4785896837711334
Sample 7,Moirai,0.5279358625411987
Sample 7,Time-MoE,0.47206413745880127
Sample 8,Moirai,0.6541062593460083
Sample 8,Chronos,0.3458937108516693
Sample 9,TimesFM,0.5017621517181396
Sample 9,Chronos,0.49823781847953796
Sample 10,TimesFM,0.5001766085624695
Sample 10,Chronos,0.4998234212398529
Sample 11,TimesFM,0.5054224729537964
Sample 11,Timer,0.4945775270462036
Sample 12,Moirai,0.5277702808380127
Sample 12,Chronos,0.4722297489643097
Sample 13,Chronos,0.5000186562538147
Sample 13,TimesFM,0.4999813735485077
Sample 14,TimesFM,0.5016254186630249
Sample 14,Time-MoE,0.4983745217323303
Sample 15,Moirai,0.5480732917785645
Sample 15,Timer,0.45192670822143555
Sample 16,Moirai,0.644130289554596
Sample 16,Chronos,0.35586971044540405
Sample 17,Chronos,0.5006305575370789
Sample 17,TimesFM,0.49936941266059875
Sample 18,Moirai,0.526809811592102
Sample 18,Time-MoE,0.47319018840789795
Sample 19,TimesFM,0.5055163502693176
Sample 19,Timer,0.49448361992836
Sample 20,Chronos,0.5005288124084473
Sample 20,Timer,0.49947112798690796
Sample 21,TimesFM,0.5022320747375488
Sample 21,Chronos,0.4977678954601288
Sample 22,Moirai,0.5232612490653992
Sample 22,Time-MoE,0.4767388105392456
Sample 23,Moirai,0.5323581695556641
Sample 23,Time-MoE,0.46764183044433594
Sample 24,Moirai,0.6119416952133179
Sample 24,Timer,0.3880583643913269
Sample 25,TimesFM,0.5028241872787476
Sample 25,Timer,0.49717584252357483
Sample 26,Moirai,0.5166023969650269
Sample 26,Chronos,0.48339763283729553
Sample 27,TimesFM,0.5045923590660095
Sample 27,Timer,0.4954076111316681
Sample 28,Moirai,0.5327187180519104
Sample 28,Chronos,0.4672812521457672
Sample 29,TimesFM,0.503357470035553
Sample 29,Timer,0.4966425895690918
Sample 30,Chronos,0.5000450611114502
Sample 30,Timer,0.4999549388885498
Sample 31,Moirai,0.5501628518104553
Sample 31,Chronos,0.4498371183872223
Sample 0,Moirai,0.6329498887062073
Sample 0,Chronos,0.36705008149147034
Sample 1,TimesFM,0.5020921230316162
Sample 1,Timer,0.4979078769683838
Sample 2,Chronos,0.5008021593093872
Sample 2,TimesFM,0.4991978704929352
Sample 3,TimesFM,0.504779040813446
Sample 3,Timer,0.49522098898887634
Sample 4,Moirai,0.5069672465324402
Sample 4,Chronos,0.4930327534675598
Sample 5,TimesFM,0.501663327217102
Sample 5,Time-MoE,0.49833667278289795
Sample 6,Moirai,0.501937985420227
Sample 6,TimesFM,0.49806201457977295
Sample 7,Moirai,0.5509840250015259
Sample 7,Time-MoE,0.4490159749984741
Sample 8,Moirai,0.6241310834884644
Sample 8,Time-MoE,0.37586888670921326
Sample 9,TimesFM,0.5022388100624084
Sample 9,Timer,0.49776116013526917
Sample 10,Moirai,0.5150629878044128
Sample 10,Time-MoE,0.48493707180023193
Sample 11,Moirai,0.5488117933273315
Sample 11,TimesFM,0.45118817687034607
Sample 12,Chronos,0.5073089003562927
Sample 12,Moirai,0.49269115924835205
Sample 13,Moirai,0.5016244649887085
Sample 13,TimesFM,0.4983755350112915
Sample 14,Chronos,0.5004413723945618
Sample 14,TimesFM,0.499558687210083
Sample 15,Time-MoE,0.5016205906867981
Sample 15,Timer,0.4983794093132019
Sample 16,Moirai,0.5952303409576416
Sample 16,TimesFM,0.4047696590423584
Sample 17,TimesFM,0.5021281242370605
Sample 17,Chronos,0.49787187576293945
Sample 18,Moirai,0.5112223029136658
Sample 18,Time-MoE,0.48877766728401184
Sample 19,TimesFM,0.5054078698158264
Sample 19,Timer,0.49459215998649597
Sample 20,Chronos,0.5012581944465637
Sample 20,Timer,0.4987417757511139
Sample 21,TimesFM,0.5053948163986206
Sample 21,Timer,0.4946052134037018
Sample 22,TimesFM,0.5008313655853271
Sample 22,Chronos,0.49916866421699524
Sample 23,Moirai,0.5123211145401001
Sample 23,Time-MoE,0.4876788556575775
Sample 24,Moirai,0.6527318358421326
Sample 24,Time-MoE,0.3472681939601898
Sample 25,TimesFM,0.5015203356742859
Sample 25,Chronos,0.4984796345233917
Sample 26,Moirai,0.5138266682624817
Sample 26,Time-MoE,0.4861733019351959
Sample 27,TimesFM,0.5056488513946533
Sample 27,Timer,0.4943511486053467
Sample 28,Moirai,0.5360068082809448
Sample 28,Chronos,0.46399325132369995
Sample 29,Time-MoE,0.5013061761856079
Sample 29,Timer,0.4986938238143921
Sample 30,Chronos,0.5001786947250366
Sample 30,Time-MoE,0.499821275472641
Sample 31,Moirai,0.5649310946464539
Sample 31,Time-MoE,0.43506890535354614
Sample 0,Moirai,0.6360659599304199
Sample 0,Chronos,0.3639340400695801
Sample 1,TimesFM,0.5018385052680969
Sample 1,Chronos,0.49816152453422546
Sample 2,Time-MoE,0.5016284584999084
Sample 2,Timer,0.49837154150009155
Sample 3,TimesFM,0.5041570663452148
Sample 3,Timer,0.49584290385246277
Sample 4,Moirai,0.5078622698783875
Sample 4,Chronos,0.49213775992393494
Sample 5,TimesFM,0.501758337020874
Sample 5,Time-MoE,0.498241662979126
Sample 6,Moirai,0.5066308379173279
Sample 6,Chronos,0.4933691918849945
Sample 7,Moirai,0.5318902730941772
Sample 7,Time-MoE,0.46810972690582275
Sample 8,Moirai,0.6279699802398682
Sample 8,Time-MoE,0.37202996015548706
Sample 9,Moirai,0.5005677938461304
Sample 9,TimesFM,0.49943220615386963
Sample 10,Moirai,0.520290732383728
Sample 10,TimesFM,0.47970929741859436
Sample 11,Moirai,0.50681072473526
Sample 11,TimesFM,0.4931893050670624
Sample 12,Time-MoE,0.5003403425216675
Sample 12,TimesFM,0.49965962767601013
Sample 13,TimesFM,0.5033217668533325
Sample 13,Timer,0.4966782033443451
Sample 14,Chronos,0.501228928565979
Sample 14,TimesFM,0.498771071434021
Sample 15,Moirai,0.5341889262199402
Sample 15,Time-MoE,0.4658110439777374
Sample 16,Moirai,0.6216635704040527
Sample 16,Chronos,0.3783363699913025
Sample 17,Moirai,0.5052794814109802
Sample 17,TimesFM,0.4947204887866974
Sample 18,Moirai,0.5478298664093018
Sample 18,Chronos,0.45217007398605347
Sample 19,TimesFM,0.5028992891311646
Sample 19,Chronos,0.49710068106651306
Sample 20,TimesFM,0.500666618347168
Sample 20,Time-MoE,0.49933335185050964
Sample 21,TimesFM,0.5035271048545837
Sample 21,Moirai,0.49647289514541626
Sample 22,Chronos,0.5018640160560608
Sample 22,Time-MoE,0.4981360137462616
Sample 23,Moirai,0.5458970069885254
Sample 23,Timer,0.4541029632091522
Sample 24,Moirai,0.6180077195167542
Sample 24,TimesFM,0.38199228048324585
Sample 25,TimesFM,0.5031464099884033
Sample 25,Timer,0.4968535602092743
Sample 26,Moirai,0.5102996826171875
Sample 26,Time-MoE,0.4897003769874573
Sample 27,TimesFM,0.5025534629821777
Sample 27,Chronos,0.49744653701782227
Sample 28,Time-MoE,0.5010974407196045
Sample 28,Timer,0.4989025592803955
Sample 29,TimesFM,0.5043842196464539
Sample 29,Timer,0.49561572074890137
Sample 30,Moirai,0.5128276944160461
Sample 30,Chronos,0.48717230558395386
Sample 31,Time-MoE,0.5009785294532776
Sample 31,Timer,0.4990215003490448
Sample 0,Moirai,0.5645684003829956
Sample 0,TimesFM,0.435431569814682
Sample 1,TimesFM,0.5020557045936584
Sample 1,Chronos,0.49794432520866394
Sample 2,Time-MoE,0.5001261830329895
Sample 2,Moirai,0.4998738169670105
Sample 3,TimesFM,0.50376957654953
Sample 3,Timer,0.49623045325279236
Sample 4,Chronos,0.5011938810348511
Sample 4,Timer,0.4988061189651489
Sample 5,TimesFM,0.5039038062095642
Sample 5,Moirai,0.4960961937904358
Sample 6,TimesFM,0.5017470121383667
Sample 6,Chronos,0.4982529580593109
Sample 7,Moirai,0.524027407169342
Sample 7,Time-MoE,0.4759725332260132
Sample 8,Moirai,0.6569317579269409
Sample 8,Time-MoE,0.3430682420730591
Sample 9,TimesFM,0.5019776821136475
Sample 9,Timer,0.49802231788635254
Sample 10,Time-MoE,0.5027637481689453
Sample 10,Timer,0.4972362816333771
Sample 11,TimesFM,0.504634439945221
Sample 11,Timer,0.49536558985710144
Sample 12,Chronos,0.5026307106018066
Sample 12,Moirai,0.49736925959587097
Sample 13,TimesFM,0.5026190280914307
Sample 13,Timer,0.49738094210624695
Sample 14,TimesFM,0.5000129342079163
Sample 14,Time-MoE,0.49998703598976135
Sample 15,Moirai,0.5456720590591431
Sample 15,Time-MoE,0.4543279707431793
Sample 0,Moirai,0.6576985120773315
Sample 0,Time-MoE,0.34230145812034607
Sample 1,TimesFM,0.5012966394424438
Sample 1,Chronos,0.49870333075523376
Sample 2,Chronos,0.5005887150764465
Sample 2,Timer,0.49941128492355347
Sample 3,TimesFM,0.5049570798873901
Sample 3,Timer,0.49504292011260986
Sample 4,Chronos,0.5033281445503235
Sample 4,Moirai,0.4966718852519989
Sample 5,TimesFM,0.5002992749214172
Sample 5,Chronos,0.4997006952762604
Sample 6,Timer,0.5002148747444153
Sample 6,TimesFM,0.4997851252555847
Sample 7,Moirai,0.5532483458518982
Sample 7,Time-MoE,0.4467516541481018
Sample 8,Moirai,0.6469400525093079
Sample 8,Time-MoE,0.3530599772930145
Sample 9,TimesFM,0.5017529726028442
Sample 9,Chronos,0.49824708700180054
Sample 10,Time-MoE,0.5047078132629395
Sample 10,Moirai,0.4952922463417053
Sample 11,TimesFM,0.505206823348999
Sample 11,Time-MoE,0.494793176651001
Sample 12,Moirai,0.5345737934112549
Sample 12,Chronos,0.4654262065887451
Sample 13,TimesFM,0.5032928586006165
Sample 13,Chronos,0.49670711159706116
Sample 14,Time-MoE,0.5011005401611328
Sample 14,Chronos,0.4988994598388672
Sample 15,Moirai,0.5530237555503845
Sample 15,Time-MoE,0.4469762146472931
Sample 16,Moirai,0.6056085228919983
Sample 16,Time-MoE,0.3943914473056793
Sample 17,Moirai,0.5017348527908325
Sample 17,TimesFM,0.4982651472091675
Sample 18,Moirai,0.5102998614311218
Sample 18,Chronos,0.4897001087665558
Sample 19,TimesFM,0.5035591721534729
Sample 19,Timer,0.4964408576488495
Sample 20,Moirai,0.5358578562736511
Sample 20,Time-MoE,0.46414217352867126
Sample 21,TimesFM,0.5052237510681152
Sample 21,Timer,0.49477627873420715
Sample 22,TimesFM,0.5019867420196533
Sample 22,Chronos,0.4980132281780243
Sample 23,Timer,0.5009296536445618
Sample 23,Time-MoE,0.49907034635543823
Sample 24,Moirai,0.617103099822998
Sample 24,Timer,0.38289687037467957
Sample 25,TimesFM,0.5015148520469666
Sample 25,Chronos,0.49848517775535583
Sample 26,Moirai,0.5518389344215393
Sample 26,Time-MoE,0.4481610655784607
Sample 27,Moirai,0.5244044661521912
Sample 27,TimesFM,0.47559550404548645
Sample 28,Chronos,0.5020423531532288
Sample 28,Timer,0.49795764684677124
Sample 29,TimesFM,0.5032381415367126
Sample 29,Chronos,0.49676188826560974
Sample 30,Time-MoE,0.5005865097045898
Sample 30,TimesFM,0.49941352009773254
Sample 31,Moirai,0.5321259498596191
Sample 31,Time-MoE,0.46787407994270325
Sample 0,Moirai,0.6155957579612732
Sample 0,TimesFM,0.38440418243408203
Sample 1,Moirai,0.5055851340293884
Sample 1,TimesFM,0.49441489577293396
Sample 2,Chronos,0.5003618597984314
Sample 2,Time-MoE,0.4996381402015686
Sample 3,TimesFM,0.5027704834938049
Sample 3,Chronos,0.49722951650619507
Sample 4,TimesFM,0.500126302242279
Sample 4,Time-MoE,0.49987372756004333
Sample 5,TimesFM,0.5023878812789917
Sample 5,Timer,0.4976120889186859
Sample 6,Chronos,0.5025984048843384
Sample 6,TimesFM,0.4974015951156616
Sample 7,Moirai,0.5568448305130005
Sample 7,Time-MoE,0.4431551694869995
Sample 8,Moirai,0.6080072522163391
Sample 8,Time-MoE,0.3919927477836609
Sample 9,TimesFM,0.5000488758087158
Sample 9,Moirai,0.49995115399360657
Sample 10,Moirai,0.504097044467926
Sample 10,Time-MoE,0.495902955532074
Sample 11,Moirai,0.5128387212753296
Sample 11,Time-MoE,0.4871612787246704
Sample 12,Chronos,0.5071513652801514
Sample 12,Timer,0.49284860491752625
Sample 13,Moirai,0.5091330409049988
Sample 13,TimesFM,0.490867018699646
Sample 14,TimesFM,0.5076220035552979
Sample 14,Chronos,0.49237799644470215
Sample 15,Moirai,0.5520035028457642
Sample 15,Time-MoE,0.44799649715423584
Sample 16,Moirai,0.6376427412033081
Sample 16,Time-MoE,0.3623572587966919
Sample 17,Moirai,0.5056666135787964
Sample 17,TimesFM,0.49433332681655884
Sample 18,Time-MoE,0.5051528215408325
Sample 18,Timer,0.49484720826148987
Sample 19,TimesFM,0.5007527470588684
Sample 19,Moirai,0.4992472529411316
Sample 20,Moirai,0.5026312470436096
Sample 20,Chronos,0.4973687529563904
Sample 21,Moirai,0.5079666972160339
Sample 21,TimesFM,0.4920332431793213
Sample 22,Chronos,0.5014412999153137
Sample 22,Timer,0.4985587000846863
Sample 23,Timer,0.5000548362731934
Sample 23,Time-MoE,0.49994516372680664
Sample 24,Moirai,0.584761381149292
Sample 24,Time-MoE,0.41523855924606323
Sample 25,TimesFM,0.5028046369552612
Sample 25,Chronos,0.49719536304473877
Sample 26,Time-MoE,0.5015596151351929
Sample 26,Chronos,0.49844032526016235
Sample 27,TimesFM,0.5070580244064331
Sample 27,Timer,0.4929419159889221
Sample 28,Moirai,0.5007633566856384
Sample 28,Chronos,0.49923667311668396
Sample 29,TimesFM,0.505286455154419
Sample 29,Chronos,0.49471354484558105
Sample 30,Timer,0.5000248551368713
Sample 30,Chronos,0.49997517466545105
Sample 31,Moirai,0.5480297207832336
Sample 31,Time-MoE,0.45197027921676636
Sample 0,Moirai,0.5993608236312866
Sample 0,Time-MoE,0.4006391763687134
Sample 1,Moirai,0.5064692497253418
Sample 1,TimesFM,0.4935307502746582
Sample 2,Moirai,0.5023688077926636
Sample 2,TimesFM,0.4976311922073364
Sample 3,TimesFM,0.5035086274147034
Sample 3,Chronos,0.49649134278297424
Sample 4,Moirai,0.5455524921417236
Sample 4,Time-MoE,0.45444753766059875
Sample 5,Chronos,0.5018072724342346
Sample 5,Timer,0.4981927275657654
Sample 6,Timer,0.5001931190490723
Sample 6,Chronos,0.49980688095092773
Sample 7,Moirai,0.549665629863739
Sample 7,Time-MoE,0.4503343105316162
Sample 8,Moirai,0.5936287045478821
Sample 8,Time-MoE,0.40637123584747314
Sample 9,TimesFM,0.5019316077232361
Sample 9,Timer,0.4980683922767639
Sample 10,Moirai,0.5047221183776855
Sample 10,Chronos,0.49527788162231445
Sample 11,TimesFM,0.504226803779602
Sample 11,Chronos,0.4957731366157532
Sample 12,Chronos,0.5005643963813782
Sample 12,TimesFM,0.4994356036186218
Sample 13,TimesFM,0.5040600895881653
Sample 13,Chronos,0.4959399104118347
Sample 14,Time-MoE,0.5006451606750488
Sample 14,TimesFM,0.4993548095226288
Sample 15,Moirai,0.5300583243370056
Sample 15,Time-MoE,0.4699416756629944
Sample 16,Moirai,0.5621740221977234
Sample 16,TimesFM,0.4378259479999542
Sample 17,TimesFM,0.5019389390945435
Sample 17,Chronos,0.49806106090545654
Sample 18,Time-MoE,0.5017300844192505
Sample 18,Chronos,0.4982698857784271
Sample 19,Moirai,0.5499523282051086
Sample 19,TimesFM,0.4500476121902466
Sample 20,Chronos,0.5007882118225098
Sample 20,TimesFM,0.49921175837516785
Sample 21,TimesFM,0.5052478909492493
Sample 21,Chronos,0.49475210905075073
Sample 22,Chronos,0.505925178527832
Sample 22,Timer,0.49407482147216797
Sample 23,Time-MoE,0.5005325078964233
Sample 23,TimesFM,0.49946752190589905
Sample 24,Moirai,0.5880661010742188
Sample 24,Time-MoE,0.41193386912345886
Sample 25,TimesFM,0.5019511580467224
Sample 25,Timer,0.4980488121509552
Sample 26,Moirai,0.5044843554496765
Sample 26,Time-MoE,0.4955156147480011
Sample 27,TimesFM,0.5081531405448914
Sample 27,Timer,0.4918469190597534
Sample 28,Timer,0.5002033710479736
Sample 28,Chronos,0.49979662895202637
Sample 29,TimesFM,0.503476083278656
Sample 29,Chronos,0.49652397632598877
Sample 30,TimesFM,0.500586211681366
Sample 30,Timer,0.49941378831863403
Sample 31,Moirai,0.5175847411155701
Sample 31,Time-MoE,0.48241525888442993
Sample 0,Moirai,0.6128060817718506
Sample 0,Time-MoE,0.387193888425827
Sample 1,Moirai,0.5114786624908447
Sample 1,TimesFM,0.4885213077068329
Sample 2,Moirai,0.5342656970024109
Sample 2,Chronos,0.4657343029975891
Sample 3,Moirai,0.505203366279602
Sample 3,TimesFM,0.49479666352272034
Sample 4,Chronos,0.5024559497833252
Sample 4,Timer,0.49754399061203003
Sample 5,Moirai,0.5557547807693481
Sample 5,Chronos,0.44424518942832947
Sample 6,Moirai,0.5218137502670288
Sample 6,Time-MoE,0.4781862497329712
Sample 7,Moirai,0.5287508964538574
Sample 7,Time-MoE,0.4712490737438202
Sample 8,Moirai,0.6585318446159363
Sample 8,Timer,0.34146809577941895
Sample 9,TimesFM,0.5012602210044861
Sample 9,Chronos,0.4987398087978363
Sample 10,TimesFM,0.5003591775894165
Sample 10,Chronos,0.4996408224105835
Sample 11,TimesFM,0.505402147769928
Sample 11,Timer,0.49459782242774963
Sample 12,Moirai,0.5290228724479675
Sample 12,Chronos,0.4709770679473877
Sample 13,Chronos,0.5005534291267395
Sample 13,Time-MoE,0.4994465708732605
Sample 14,TimesFM,0.5015708804130554
Sample 14,Time-MoE,0.49842917919158936
Sample 15,Moirai,0.5495610237121582
Sample 15,Timer,0.4504389464855194
Sample 16,Moirai,0.648567259311676
Sample 16,Chronos,0.351432740688324
Sample 17,Chronos,0.5008980631828308
Sample 17,TimesFM,0.4991019666194916
Sample 18,Moirai,0.5275722742080688
Sample 18,Time-MoE,0.47242769598960876
Sample 19,TimesFM,0.5057851076126099
Sample 19,Timer,0.49421486258506775
Sample 20,Chronos,0.5004986524581909
Sample 20,Timer,0.4995013475418091
Sample 21,TimesFM,0.5017144680023193
Sample 21,Chronos,0.4982854723930359
Sample 22,Moirai,0.5237917900085449
Sample 22,Time-MoE,0.4762081801891327
Sample 23,Moirai,0.5335366725921631
Sample 23,Time-MoE,0.4664633870124817
Sample 24,Moirai,0.6152173280715942
Sample 24,Timer,0.384782612323761
Sample 25,TimesFM,0.5025784373283386
Sample 25,Timer,0.497421532869339
Sample 26,Moirai,0.5172045826911926
Sample 26,Chronos,0.48279547691345215
Sample 27,TimesFM,0.5045366287231445
Sample 27,Timer,0.49546337127685547
Sample 28,Moirai,0.5340986847877502
Sample 28,Chronos,0.46590134501457214
Sample 29,TimesFM,0.5033830404281616
Sample 29,Timer,0.4966169595718384
Sample 30,Chronos,0.5002586841583252
Sample 30,Timer,0.4997413456439972
Sample 31,Moirai,0.5519508719444275
Sample 31,Timer,0.4480490982532501
Sample 0,Moirai,0.6367862820625305
Sample 0,Time-MoE,0.3632137179374695
Sample 1,TimesFM,0.5014657974243164
Sample 1,Chronos,0.4985341727733612
Sample 2,Chronos,0.5011641383171082
Sample 2,TimesFM,0.49883580207824707
Sample 3,TimesFM,0.5045026540756226
Sample 3,Timer,0.49549737572669983
Sample 4,Moirai,0.5069202184677124
Sample 4,Chronos,0.49307981133461
Sample 5,TimesFM,0.5010817646980286
Sample 5,Time-MoE,0.4989182651042938
Sample 6,Moirai,0.5021239519119263
Sample 6,Timer,0.49787604808807373
Sample 7,Moirai,0.55255526304245
Sample 7,Time-MoE,0.44744476675987244
Sample 8,Moirai,0.6272152662277222
Sample 8,Time-MoE,0.37278470396995544
Sample 9,TimesFM,0.5017349720001221
Sample 9,Timer,0.49826502799987793
Sample 10,Moirai,0.5154204368591309
Sample 10,Time-MoE,0.48457959294319153
Sample 11,Moirai,0.5506021976470947
Sample 11,TimesFM,0.44939783215522766
Sample 12,Chronos,0.507727861404419
Sample 12,Moirai,0.49227213859558105
Sample 13,Moirai,0.5020508170127869
Sample 13,TimesFM,0.49794918298721313
Sample 14,Chronos,0.500734269618988
Sample 14,TimesFM,0.49926576018333435
Sample 15,Time-MoE,0.501899003982544
Sample 15,Timer,0.49810105562210083
Sample 16,Moirai,0.5986099243164062
Sample 16,TimesFM,0.4013901352882385
Sample 17,TimesFM,0.5014420747756958
Sample 17,Chronos,0.4985579252243042
Sample 18,Moirai,0.5111146569252014
Sample 18,Time-MoE,0.4888853132724762
Sample 19,TimesFM,0.5057691931724548
Sample 19,Timer,0.49423080682754517
Sample 20,Chronos,0.5012839436531067
Sample 20,Timer,0.4987160861492157
Sample 21,TimesFM,0.5050848722457886
Sample 21,Timer,0.4949151277542114
Sample 22,TimesFM,0.5001859664916992
Sample 22,Chronos,0.4998140037059784
Sample 23,Moirai,0.5129354000091553
Sample 23,Time-MoE,0.4870645999908447
Sample 24,Moirai,0.6569572687149048
Sample 24,Time-MoE,0.3430427312850952
Sample 25,TimesFM,0.5008962154388428
Sample 25,Chronos,0.4991038143634796
Sample 26,Moirai,0.5140871405601501
Sample 26,Time-MoE,0.48591282963752747
Sample 27,TimesFM,0.5054879784584045
Sample 27,Timer,0.49451205134391785
Sample 28,Moirai,0.5374498963356018
Sample 28,Chronos,0.4625501036643982
Sample 29,Time-MoE,0.5014598965644836
Sample 29,Timer,0.4985400438308716
Sample 30,Chronos,0.5002748370170593
Sample 30,Time-MoE,0.49972522258758545
Sample 31,Moirai,0.566924512386322
Sample 31,Time-MoE,0.433075487613678
Sample 0,Moirai,0.6403235793113708
Sample 0,Timer,0.35967639088630676
Sample 1,TimesFM,0.5010867118835449
Sample 1,Chronos,0.49891334772109985
Sample 2,Time-MoE,0.5017526745796204
Sample 2,Timer,0.49824732542037964
Sample 3,TimesFM,0.5038281679153442
Sample 3,Timer,0.49617186188697815
Sample 4,Moirai,0.5084338784217834
Sample 4,Chronos,0.49156615138053894
Sample 5,TimesFM,0.5011042356491089
Sample 5,Time-MoE,0.4988957941532135
Sample 6,Moirai,0.5064114332199097
Sample 6,Chronos,0.4935885965824127
Sample 7,Moirai,0.5330827832221985
Sample 7,Time-MoE,0.4669171869754791
Sample 8,Moirai,0.6316152811050415
Sample 8,Timer,0.3683846592903137
Sample 9,Moirai,0.5010221004486084
Sample 9,TimesFM,0.498977929353714
Sample 10,Moirai,0.520783543586731
Sample 10,Chronos,0.4792165160179138
Sample 11,Moirai,0.5074167847633362
Sample 11,TimesFM,0.4925832152366638
Sample 12,Time-MoE,0.500295102596283
Sample 12,TimesFM,0.49970489740371704
Sample 13,TimesFM,0.5038304328918457
Sample 13,Chronos,0.4961695671081543
Sample 14,Chronos,0.5009984374046326
Sample 14,TimesFM,0.49900156259536743
Sample 15,Moirai,0.5352472066879272
Sample 15,Time-MoE,0.46475279331207275
Sample 16,Moirai,0.6252955198287964
Sample 16,Timer,0.3747045397758484
Sample 17,Moirai,0.5059300661087036
Sample 17,TimesFM,0.4940699636936188
Sample 18,Moirai,0.5494384169578552
Sample 18,Chronos,0.4505615532398224
Sample 19,TimesFM,0.5021961331367493
Sample 19,Chronos,0.4978038966655731
Sample 20,TimesFM,0.5001384019851685
Sample 20,Time-MoE,0.49986159801483154
Sample 21,TimesFM,0.5031023025512695
Sample 21,Timer,0.4968976676464081
Sample 22,Chronos,0.502211332321167
Sample 22,Time-MoE,0.497788667678833
Sample 23,Moirai,0.5472464561462402
Sample 23,Timer,0.45275354385375977
Sample 24,Moirai,0.6213904023170471
Sample 24,Time-MoE,0.3786095380783081
Sample 25,TimesFM,0.5026845932006836
Sample 25,Timer,0.4973154366016388
Sample 26,Moirai,0.5104394555091858
Sample 26,Time-MoE,0.4895605742931366
Sample 27,TimesFM,0.5017837285995483
Sample 27,Chronos,0.49821627140045166
Sample 28,Time-MoE,0.5013242959976196
Sample 28,Timer,0.49867573380470276
Sample 29,TimesFM,0.5039806365966797
Sample 29,Chronos,0.49601930379867554
Sample 30,Moirai,0.5128061771392822
Sample 30,Chronos,0.4871938228607178
Sample 31,Time-MoE,0.5013489127159119
Sample 31,Timer,0.49865105748176575
Sample 0,Moirai,0.5669195652008057
Sample 0,TimesFM,0.4330804646015167
Sample 1,TimesFM,0.5014249086380005
Sample 1,Chronos,0.4985750913619995
Sample 2,Time-MoE,0.5005898475646973
Sample 2,Moirai,0.49941015243530273
Sample 3,TimesFM,0.5035173296928406
Sample 3,Timer,0.4964827001094818
Sample 4,Chronos,0.5011492967605591
Sample 4,TimesFM,0.4988507330417633
Sample 5,TimesFM,0.503375768661499
Sample 5,Chronos,0.4966242015361786
Sample 6,TimesFM,0.5013256669044495
Sample 6,Chronos,0.49867430329322815
Sample 7,Moirai,0.5249170660972595
Sample 7,Time-MoE,0.4750829339027405
Sample 8,Moirai,0.6614246368408203
Sample 8,Timer,0.3385753035545349
Sample 9,TimesFM,0.5014528632164001
Sample 9,Chronos,0.49854713678359985
Sample 10,Time-MoE,0.5030326843261719
Sample 10,Timer,0.4969673752784729
Sample 11,TimesFM,0.5043256878852844
Sample 11,Timer,0.4956742525100708
Sample 12,Chronos,0.5031257271766663
Sample 12,Moirai,0.49687430262565613
Sample 13,TimesFM,0.5019766092300415
Sample 13,Chronos,0.4980233907699585
Sample 14,Time-MoE,0.5002259016036987
Sample 14,Timer,0.49977409839630127
Sample 15,Moirai,0.5473104119300842
Sample 15,Time-MoE,0.45268961787223816
Sample 0,Moirai,0.66245037317276
Sample 0,Timer,0.3375495672225952
Sample 1,TimesFM,0.5008119940757751
Sample 1,Chronos,0.49918797612190247
Sample 2,Chronos,0.5008366703987122
Sample 2,Timer,0.49916332960128784
Sample 3,TimesFM,0.5047147274017334
Sample 3,Timer,0.495285302400589
Sample 4,Chronos,0.5038046836853027
Sample 4,Moirai,0.4961952865123749
Sample 5,Chronos,0.500297486782074
Sample 5,TimesFM,0.499702513217926
Sample 6,Timer,0.500468373298645
Sample 6,TimesFM,0.4995315968990326
Sample 7,Moirai,0.5550602674484253
Sample 7,Time-MoE,0.4449397027492523
Sample 8,Moirai,0.651339590549469
Sample 8,Time-MoE,0.34866034984588623
Sample 9,TimesFM,0.5012811422348022
Sample 9,Chronos,0.49871888756752014
Sample 10,Time-MoE,0.5052476525306702
Sample 10,Moirai,0.49475228786468506
Sample 11,TimesFM,0.5049414038658142
Sample 11,Timer,0.495058536529541
Sample 12,Moirai,0.5354162454605103
Sample 12,Chronos,0.46458375453948975
Sample 13,TimesFM,0.5027967095375061
Sample 13,Chronos,0.4972033202648163
Sample 14,Time-MoE,0.5012511014938354
Sample 14,Chronos,0.49874886870384216
Sample 15,Moirai,0.5548360347747803
Sample 15,Time-MoE,0.44516393542289734
Sample 16,Moirai,0.6086208820343018
Sample 16,Time-MoE,0.39137914776802063
Sample 17,Moirai,0.5020898580551147
Sample 17,TimesFM,0.49791014194488525
Sample 18,Moirai,0.5104748606681824
Sample 18,Chronos,0.48952516913414
Sample 19,TimesFM,0.5031733512878418
Sample 19,Timer,0.4968266189098358
Sample 20,Moirai,0.5366992354393005
Sample 20,Time-MoE,0.46330076456069946
Sample 21,TimesFM,0.5049297213554382
Sample 21,Timer,0.495070219039917
Sample 22,TimesFM,0.5020934343338013
Sample 22,Chronos,0.49790653586387634
Sample 23,Timer,0.5009073615074158
Sample 23,Time-MoE,0.49909263849258423
Sample 24,Moirai,0.6201695203781128
Sample 24,Timer,0.3798304796218872
Sample 25,TimesFM,0.5010228753089905
Sample 25,Chronos,0.49897709488868713
Sample 26,Moirai,0.553447425365448
Sample 26,Timer,0.4465526044368744
Sample 27,Moirai,0.5252701640129089
Sample 27,TimesFM,0.47472983598709106
Sample 28,Chronos,0.5023711323738098
Sample 28,Timer,0.4976288974285126
Sample 29,TimesFM,0.5027219653129578
Sample 29,Chronos,0.49727797508239746
Sample 30,Time-MoE,0.5010120868682861
Sample 30,TimesFM,0.4989878535270691
Sample 31,Moirai,0.5332748293876648
Sample 31,Time-MoE,0.4667251408100128
Sample 0,Moirai,0.6190750598907471
Sample 0,TimesFM,0.3809249699115753
Sample 1,Moirai,0.5059525370597839
Sample 1,TimesFM,0.49404746294021606
Sample 2,Chronos,0.5001651048660278
Sample 2,Time-MoE,0.49983492493629456
Sample 3,TimesFM,0.502509355545044
Sample 3,Chronos,0.49749061465263367
Sample 4,TimesFM,0.5000771880149841
Sample 4,Time-MoE,0.4999227821826935
Sample 5,TimesFM,0.5019350647926331
Sample 5,Timer,0.49806496500968933
Sample 6,Chronos,0.5028815269470215
Sample 6,TimesFM,0.4971185028553009
Sample 7,Moirai,0.5587170720100403
Sample 7,Time-MoE,0.4412829875946045
Sample 8,Moirai,0.6109853982925415
Sample 8,Time-MoE,0.38901466131210327
Sample 9,Moirai,0.5001697540283203
Sample 9,TimesFM,0.4998302161693573
Sample 10,Moirai,0.5039293766021729
Sample 10,Time-MoE,0.49607062339782715
Sample 11,Moirai,0.5132811069488525
Sample 11,Time-MoE,0.48671889305114746
Sample 12,Chronos,0.5076209306716919
Sample 12,TimesFM,0.4923791289329529
Sample 13,Moirai,0.509636640548706
Sample 13,TimesFM,0.49036335945129395
Sample 14,TimesFM,0.5076828598976135
Sample 14,Chronos,0.4923171401023865
Sample 15,Moirai,0.5536724328994751
Sample 15,Time-MoE,0.4463275969028473
Sample 16,Moirai,0.6415523290634155
Sample 16,Time-MoE,0.3584476709365845
Sample 17,Moirai,0.5060651302337646
Sample 17,TimesFM,0.4939349293708801
Sample 18,Time-MoE,0.5056162476539612
Sample 18,Chronos,0.4943838119506836
Sample 19,TimesFM,0.5005685687065125
Sample 19,Moirai,0.49943146109580994
Sample 20,Moirai,0.5023595690727234
Sample 20,Chronos,0.4976404011249542
Sample 21,Moirai,0.5084128975868225
Sample 21,TimesFM,0.4915871024131775
Sample 22,Chronos,0.5016677379608154
Sample 22,Timer,0.49833226203918457
Sample 23,Time-MoE,0.5002741813659668
Sample 23,Timer,0.499725878238678
Sample 24,Moirai,0.5874017477035522
Sample 24,Time-MoE,0.41259822249412537
Sample 25,TimesFM,0.5025296211242676
Sample 25,Timer,0.4974703788757324
Sample 26,Time-MoE,0.501680314540863
Sample 26,Chronos,0.49831968545913696
Sample 27,TimesFM,0.5069382190704346
Sample 27,Timer,0.49306178092956543
Sample 28,Moirai,0.5009649991989136
Sample 28,Chronos,0.4990350306034088
Sample 29,TimesFM,0.5050434470176697
Sample 29,Chronos,0.4949565827846527
Sample 30,Chronos,0.5000558495521545
Sample 30,Timer,0.49994418025016785
Sample 31,Moirai,0.5496329069137573
Sample 31,Time-MoE,0.45036712288856506
Sample 0,Moirai,0.6022188663482666
Sample 0,Time-MoE,0.3977810740470886
Sample 1,Moirai,0.5068107843399048
Sample 1,TimesFM,0.4931892454624176
Sample 2,Moirai,0.5025112628936768
Sample 2,TimesFM,0.49748873710632324
Sample 3,TimesFM,0.5033952593803406
Sample 3,Chronos,0.4966047704219818
Sample 4,Moirai,0.5469793081283569
Sample 4,Time-MoE,0.4530206620693207
Sample 5,Chronos,0.501583993434906
Sample 5,Time-MoE,0.4984159767627716
Sample 6,Timer,0.5002762079238892
Sample 6,Chronos,0.49972379207611084
Sample 7,Moirai,0.5512969493865967
Sample 7,Time-MoE,0.44870302081108093
Sample 8,Moirai,0.5962740778923035
Sample 8,Time-MoE,0.4037259519100189
Sample 9,TimesFM,0.501520037651062
Sample 9,Timer,0.498479962348938
Sample 10,Moirai,0.5046031475067139
Sample 10,Chronos,0.49539685249328613
Sample 11,TimesFM,0.5044419765472412
Sample 11,Chronos,0.4955580532550812
Sample 12,Chronos,0.5002472996711731
Sample 12,TimesFM,0.4997527301311493
Sample 13,TimesFM,0.5038974285125732
Sample 13,Chronos,0.49610257148742676
Sample 14,Time-MoE,0.5008302927017212
Sample 14,TimesFM,0.4991697371006012
Sample 15,Moirai,0.5310620665550232
Sample 15,Time-MoE,0.46893787384033203
Sample 16,Moirai,0.5641149282455444
Sample 16,TimesFM,0.43588510155677795
Sample 17,TimesFM,0.501771867275238
Sample 17,Chronos,0.49822816252708435
Sample 18,Time-MoE,0.5022812485694885
Sample 18,Chronos,0.4977187514305115
Sample 19,Moirai,0.5514554381370544
Sample 19,TimesFM,0.44854456186294556
Sample 20,Chronos,0.5005086064338684
Sample 20,TimesFM,0.49949145317077637
Sample 21,TimesFM,0.505108654499054
Sample 21,Chronos,0.49489131569862366
Sample 22,Chronos,0.5062867403030396
Sample 22,Timer,0.49371325969696045
Sample 23,Time-MoE,0.5006608366966248
Sample 23,TimesFM,0.49933916330337524
Sample 24,Moirai,0.590641975402832
Sample 24,Time-MoE,0.4093579947948456
Sample 25,TimesFM,0.501595675945282
Sample 25,Timer,0.4984043538570404
Sample 26,Moirai,0.5044102668762207
Sample 26,Time-MoE,0.4955897331237793
Sample 27,TimesFM,0.5083112716674805
Sample 27,Timer,0.49168872833251953
Sample 28,Timer,0.500031054019928
Sample 28,Chronos,0.4999689757823944
Sample 29,TimesFM,0.503341555595398
Sample 29,Chronos,0.49665841460227966
Sample 30,TimesFM,0.5003662705421448
Sample 30,Timer,0.4996337294578552
Sample 31,Moirai,0.5181733965873718
Sample 31,Time-MoE,0.4818265736103058
Sample 0,Moirai,0.6161957383155823
Sample 0,Time-MoE,0.3838042914867401
Sample 1,Moirai,0.5119041800498962
Sample 1,TimesFM,0.48809581995010376
Sample 2,Moirai,0.5349333882331848
Sample 2,Chronos,0.4650666117668152
Sample 3,Moirai,0.5054478049278259
Sample 3,TimesFM,0.49455222487449646
Sample 4,Chronos,0.5024557113647461
Sample 4,Timer,0.4975442588329315
Sample 5,Moirai,0.5572322010993958
Sample 5,Chronos,0.44276782870292664
Sample 6,Moirai,0.5222784280776978
Sample 6,Time-MoE,0.477721631526947
Sample 7,Moirai,0.5296948552131653
Sample 7,Time-MoE,0.4703051745891571
Sample 8,Moirai,0.6627030372619629
Sample 8,Chronos,0.3372969925403595
Sample 9,TimesFM,0.5010988116264343
Sample 9,Chronos,0.4989011585712433
Sample 10,TimesFM,0.5005567669868469
Sample 10,Chronos,0.4994432330131531
Sample 11,TimesFM,0.5051445364952087
Sample 11,Timer,0.49485543370246887
Sample 12,Moirai,0.5298436284065247
Sample 12,Chronos,0.47015637159347534
Sample 13,Chronos,0.5005502104759216
Sample 13,Time-MoE,0.49944978952407837
Sample 14,TimesFM,0.5012709498405457
Sample 14,Time-MoE,0.49872907996177673
Sample 15,Moirai,0.5512734651565552
Sample 15,Timer,0.4487265646457672
Sample 16,Moirai,0.6519936323165894
Sample 16,Chronos,0.34800636768341064
Sample 17,Chronos,0.5009517073631287
Sample 17,TimesFM,0.49904823303222656
Sample 18,Moirai,0.528378427028656
Sample 18,Time-MoE,0.471621572971344
Sample 19,TimesFM,0.505720853805542
Sample 19,Timer,0.4942791163921356
Sample 20,Chronos,0.5007302761077881
Sample 20,Timer,0.4992697536945343
Sample 21,TimesFM,0.5016962885856628
Sample 21,Chronos,0.49830374121665955
Sample 22,Moirai,0.5242350697517395
Sample 22,Time-MoE,0.4757649898529053
Sample 23,Moirai,0.5346871018409729
Sample 23,Time-MoE,0.4653128683567047
Sample 24,Moirai,0.6186491847038269
Sample 24,Timer,0.3813507854938507
Sample 25,TimesFM,0.5022270679473877
Sample 25,Timer,0.4977729916572571
Sample 26,Moirai,0.5175400376319885
Sample 26,Chronos,0.4824599325656891
Sample 27,TimesFM,0.504255473613739
Sample 27,Timer,0.495744526386261
Sample 28,Moirai,0.535000741481781
Sample 28,Chronos,0.464999258518219
Sample 29,TimesFM,0.5030405521392822
Sample 29,Timer,0.4969594478607178
Sample 30,Chronos,0.5001977682113647
Sample 30,Timer,0.4998021721839905
Sample 31,Moirai,0.553520679473877
Sample 31,Chronos,0.44647929072380066
Sample 0,Moirai,0.6404598951339722
Sample 0,Chronos,0.35954010486602783
Sample 1,TimesFM,0.5012675523757935
Sample 1,Timer,0.49873241782188416
Sample 2,Chronos,0.5011875629425049
Sample 2,TimesFM,0.4988124668598175
Sample 3,TimesFM,0.5042828321456909
Sample 3,Timer,0.4957171678543091
Sample 4,Moirai,0.5066502690315247
Sample 4,Chronos,0.49334973096847534
Sample 5,TimesFM,0.5010245442390442
Sample 5,Time-MoE,0.4989754557609558
Sample 6,Moirai,0.5018426775932312
Sample 6,Timer,0.4981573522090912
Sample 7,Moirai,0.5542134046554565
Sample 7,Time-MoE,0.44578659534454346
Sample 8,Moirai,0.6308535933494568
Sample 8,Time-MoE,0.3691464066505432
Sample 9,TimesFM,0.5014533400535583
Sample 9,Timer,0.4985467195510864
Sample 10,Moirai,0.5156819224357605
Sample 10,Time-MoE,0.4843180477619171
Sample 11,Moirai,0.5518800020217896
Sample 11,TimesFM,0.44811996817588806
Sample 12,Chronos,0.5083985924720764
Sample 12,Moirai,0.49160146713256836
Sample 13,Moirai,0.5020361542701721
Sample 13,TimesFM,0.4979638457298279
Sample 14,Chronos,0.5005812644958496
Sample 14,TimesFM,0.499418705701828
Sample 15,Time-MoE,0.5020302534103394
Sample 15,Timer,0.49796974658966064
Sample 16,Moirai,0.6013797521591187
Sample 16,TimesFM,0.3986201882362366
Sample 17,TimesFM,0.5014798641204834
Sample 17,Chronos,0.4985200762748718
Sample 18,Moirai,0.5111099481582642
Sample 18,Time-MoE,0.48889005184173584
Sample 19,TimesFM,0.505453884601593
Sample 19,Timer,0.4945460855960846
Sample 20,Chronos,0.5011969804763794
Sample 20,TimesFM,0.4988029897212982
Sample 21,TimesFM,0.5048463940620422
Sample 21,Timer,0.49515360593795776
Sample 22,TimesFM,0.5001461505889893
Sample 22,Chronos,0.49985384941101074
Sample 23,Moirai,0.5134167671203613
Sample 23,Time-MoE,0.4865832030773163
Sample 24,Moirai,0.6613004803657532
Sample 24,Chronos,0.3386995196342468
Sample 25,TimesFM,0.5008097290992737
Sample 25,Chronos,0.4991902709007263
Sample 26,Moirai,0.514426052570343
Sample 26,Timer,0.48557397723197937
Sample 27,TimesFM,0.5053110718727112
Sample 27,Timer,0.4946889281272888
Sample 28,Moirai,0.5384324789047241
Sample 28,Chronos,0.4615674912929535
Sample 29,Time-MoE,0.5012938976287842
Sample 29,Timer,0.49870607256889343
Sample 30,Chronos,0.5002976059913635
Sample 30,Timer,0.4997023642063141
Sample 31,Moirai,0.5690281391143799
Sample 31,Time-MoE,0.4309719204902649
Sample 0,Moirai,0.6437440514564514
Sample 0,Chronos,0.3562559187412262
Sample 1,TimesFM,0.5011332035064697
Sample 1,Chronos,0.4988667964935303
Sample 2,Time-MoE,0.5017852783203125
Sample 2,Timer,0.4982147216796875
Sample 3,TimesFM,0.5036475658416748
Sample 3,Timer,0.4963524341583252
Sample 4,Moirai,0.5086405873298645
Sample 4,Chronos,0.4913594722747803
Sample 5,TimesFM,0.5011590123176575
Sample 5,Time-MoE,0.49884095788002014
Sample 6,Moirai,0.5062476396560669
Sample 6,Chronos,0.4937524199485779
Sample 7,Moirai,0.5342594385147095
Sample 7,Time-MoE,0.4657405614852905
Sample 8,Moirai,0.6349624991416931
Sample 8,TimesFM,0.3650374412536621
Sample 9,Moirai,0.5008904933929443
Sample 9,TimesFM,0.49910956621170044
Sample 10,Moirai,0.5210552215576172
Sample 10,Chronos,0.4789447784423828
Sample 11,Moirai,0.507506787776947
Sample 11,TimesFM,0.492493212223053
Sample 12,Time-MoE,0.5003834366798401
Sample 12,TimesFM,0.4996165931224823
Sample 13,TimesFM,0.5037458539009094
Sample 13,Timer,0.4962541460990906
Sample 14,Chronos,0.5009132623672485
Sample 14,TimesFM,0.49908673763275146
Sample 15,Moirai,0.5363528728485107
Sample 15,Chronos,0.46364718675613403
Sample 16,Moirai,0.6285120248794556
Sample 16,Chronos,0.3714880049228668
Sample 17,Moirai,0.5059830546379089
Sample 17,TimesFM,0.49401697516441345
Sample 18,Moirai,0.5505309700965881
Sample 18,Chronos,0.44946905970573425
Sample 19,TimesFM,0.5022777915000916
Sample 19,Chronos,0.49772220849990845
Sample 20,Time-MoE,0.5001126527786255
Sample 20,TimesFM,0.4998873174190521
Sample 21,TimesFM,0.5028311014175415
Sample 21,Timer,0.4971688985824585
Sample 22,Chronos,0.5017417073249817
Sample 22,Time-MoE,0.4982582926750183
Sample 23,Moirai,0.54910808801651
Sample 23,Chronos,0.4508918821811676
Sample 24,Moirai,0.6244643330574036
Sample 24,Chronos,0.37553566694259644
Sample 25,TimesFM,0.5024310350418091
Sample 25,Timer,0.49756893515586853
Sample 26,Moirai,0.5104245543479919
Sample 26,Time-MoE,0.48957544565200806
Sample 27,TimesFM,0.5018994212150574
Sample 27,Chronos,0.498100608587265
Sample 28,Time-MoE,0.5017211437225342
Sample 28,Timer,0.4982788860797882
Sample 29,TimesFM,0.5042091608047485
Sample 29,Chronos,0.49579086899757385
Sample 30,Moirai,0.5126837491989136
Sample 30,Time-MoE,0.4873162806034088
Sample 31,Time-MoE,0.5016873478889465
Sample 31,Timer,0.49831268191337585
Sample 0,Moirai,0.5685257315635681
Sample 0,TimesFM,0.4314742684364319
Sample 1,TimesFM,0.5015933513641357
Sample 1,Chronos,0.49840667843818665
Sample 2,Time-MoE,0.5011889338493347
Sample 2,Moirai,0.4988110661506653
Sample 3,TimesFM,0.5032395720481873
Sample 3,Timer,0.49676042795181274
Sample 4,Chronos,0.5012100338935852
Sample 4,TimesFM,0.4987899959087372
Sample 5,TimesFM,0.5035948157310486
Sample 5,Chronos,0.4964051842689514
Sample 6,TimesFM,0.5014795064926147
Sample 6,Chronos,0.49852046370506287
Sample 7,Moirai,0.5258408188819885
Sample 7,Time-MoE,0.4741591811180115
Sample 8,Moirai,0.6655659079551697
Sample 8,Chronos,0.3344340920448303
Sample 9,TimesFM,0.5013233423233032
Sample 9,Timer,0.49867671728134155
Sample 10,Time-MoE,0.5033596158027649
Sample 10,Timer,0.4966404139995575
Sample 11,TimesFM,0.5042117834091187
Sample 11,Timer,0.49578821659088135
Sample 12,Chronos,0.5036980509757996
Sample 12,Moirai,0.49630194902420044
Sample 13,TimesFM,0.502062201499939
Sample 13,Timer,0.4979378283023834
Sample 14,Time-MoE,0.5001327991485596
Sample 14,Timer,0.4998672306537628
Sample 15,Moirai,0.5489019155502319
Sample 15,Time-MoE,0.45109811425209045
Sample 0,Moirai,0.666892945766449
Sample 0,Time-MoE,0.333107054233551
Sample 1,TimesFM,0.5009873509407043
Sample 1,Chronos,0.49901267886161804
Sample 2,Chronos,0.5008211731910706
Sample 2,Timer,0.49917882680892944
Sample 3,TimesFM,0.5048002004623413
Sample 3,Timer,0.4951997697353363
Sample 4,Chronos,0.5042622089385986
Sample 4,Moirai,0.495737761259079
Sample 5,Chronos,0.5001599192619324
Sample 5,TimesFM,0.49984005093574524
Sample 6,Timer,0.5004985928535461
Sample 6,TimesFM,0.49950137734413147
Sample 7,Moirai,0.5569332838058472
Sample 7,Time-MoE,0.44306671619415283
Sample 8,Moirai,0.6554268598556519
Sample 8,Time-MoE,0.34457316994667053
Sample 9,TimesFM,0.5014628171920776
Sample 9,Timer,0.49853718280792236
Sample 10,Time-MoE,0.5058374404907227
Sample 10,Moirai,0.49416255950927734
Sample 11,TimesFM,0.504944384098053
Sample 11,Timer,0.495055615901947
Sample 12,Moirai,0.536234974861145
Sample 12,Chronos,0.46376505494117737
Sample 13,TimesFM,0.503018319606781
Sample 13,Timer,0.496981680393219
Sample 14,Time-MoE,0.5016336441040039
Sample 14,Chronos,0.4983663260936737
Sample 15,Moirai,0.5567050576210022
Sample 15,Time-MoE,0.4432949721813202
Sample 16,Moirai,0.6114952564239502
Sample 16,Time-MoE,0.3885047137737274
Sample 17,Moirai,0.5017772316932678
Sample 17,TimesFM,0.49822279810905457
Sample 18,Moirai,0.5106298923492432
Sample 18,Chronos,0.4893701374530792
Sample 19,TimesFM,0.5031989812850952
Sample 19,Timer,0.4968010485172272
Sample 20,Moirai,0.5374684929847717
Sample 20,Time-MoE,0.46253156661987305
Sample 21,TimesFM,0.5049597024917603
Sample 21,Timer,0.49504029750823975
Sample 22,TimesFM,0.5021496415138245
Sample 22,Chronos,0.49785029888153076
Sample 23,Timer,0.5009372234344482
Sample 23,Time-MoE,0.49906277656555176
Sample 24,Moirai,0.6238003969192505
Sample 24,Chronos,0.3761995732784271
Sample 25,TimesFM,0.5012205839157104
Sample 25,Chronos,0.49877938628196716
Sample 26,Moirai,0.5549605488777161
Sample 26,Timer,0.44503942131996155
Sample 27,Moirai,0.5256639122962952
Sample 27,TimesFM,0.47433605790138245
Sample 28,Chronos,0.5026888251304626
Sample 28,Timer,0.49731114506721497
Sample 29,TimesFM,0.5029893517494202
Sample 29,Chronos,0.4970106780529022
Sample 30,Time-MoE,0.5012946724891663
Sample 30,TimesFM,0.49870529770851135
Sample 31,Moirai,0.534502387046814
Sample 31,Time-MoE,0.46549761295318604
Sample 0,Moirai,0.6222129464149475
Sample 0,TimesFM,0.3777869939804077
Sample 1,Moirai,0.5056301951408386
Sample 1,TimesFM,0.494369775056839
Sample 2,Time-MoE,0.5000261664390564
Sample 2,Chronos,0.4999738335609436
Sample 3,TimesFM,0.5028318762779236
Sample 3,Chronos,0.4971681237220764
Sample 4,TimesFM,0.5000109672546387
Sample 4,Time-MoE,0.49998903274536133
Sample 5,TimesFM,0.5020950436592102
Sample 5,Timer,0.4979049861431122
Sample 6,Chronos,0.502963125705719
Sample 6,TimesFM,0.4970368444919586
Sample 7,Moirai,0.5607316493988037
Sample 7,Time-MoE,0.4392683207988739
Sample 8,Moirai,0.61358243227005
Sample 8,Time-MoE,0.38641756772994995
Sample 9,TimesFM,0.5002877116203308
Sample 9,Moirai,0.4997122585773468
Sample 10,Moirai,0.5033729672431946
Sample 10,Time-MoE,0.4966270625591278
Sample 11,Moirai,0.513470470905304
Sample 11,Time-MoE,0.48652949929237366
Sample 12,Chronos,0.507927656173706
Sample 12,TimesFM,0.49207234382629395
Sample 13,Moirai,0.5094217658042908
Sample 13,TimesFM,0.49057823419570923
Sample 14,TimesFM,0.5079461932182312
Sample 14,Time-MoE,0.4920538067817688
Sample 15,Moirai,0.555366575717926
Sample 15,Time-MoE,0.44463345408439636
Sample 16,Moirai,0.6451836228370667
Sample 16,Time-MoE,0.35481634736061096
Sample 17,Moirai,0.5057619214057922
Sample 17,TimesFM,0.4942380487918854
Sample 18,Time-MoE,0.505957841873169
Sample 18,Chronos,0.49404215812683105
Sample 19,TimesFM,0.5010452270507812
Sample 19,Moirai,0.49895477294921875
Sample 20,Moirai,0.5020980834960938
Sample 20,Chronos,0.49790191650390625
Sample 21,Moirai,0.5081454515457153
Sample 21,TimesFM,0.49185454845428467
Sample 22,Chronos,0.5018488168716431
Sample 22,Time-MoE,0.49815118312835693
Sample 23,Time-MoE,0.500184178352356
Sample 23,Timer,0.49981585144996643
Sample 24,Moirai,0.5894790887832642
Sample 24,Time-MoE,0.41052091121673584
Sample 25,TimesFM,0.5026531219482422
Sample 25,Timer,0.4973468482494354
Sample 26,Time-MoE,0.5018966794013977
Sample 26,Chronos,0.4981033205986023
Sample 27,TimesFM,0.5071396827697754
Sample 27,Timer,0.49286025762557983
Sample 28,Moirai,0.5012797713279724
Sample 28,Chronos,0.4987202286720276
Sample 29,TimesFM,0.5054411292076111
Sample 29,Chronos,0.4945589005947113
Sample 30,Chronos,0.5002793669700623
Sample 30,Timer,0.49972063302993774
Sample 31,Moirai,0.5514506697654724
Sample 31,Time-MoE,0.4485493004322052
Sample 0,Moirai,0.6050781011581421
Sample 0,Time-MoE,0.3949218988418579
Sample 1,Moirai,0.506419837474823
Sample 1,TimesFM,0.4935801327228546
Sample 2,Moirai,0.5021719336509705
Sample 2,TimesFM,0.4978281259536743
Sample 3,TimesFM,0.5036348700523376
Sample 3,Chronos,0.49636510014533997
Sample 4,Moirai,0.5483855605125427
Sample 4,Time-MoE,0.45161446928977966
Sample 5,Chronos,0.5017120242118835
Sample 5,Time-MoE,0.49828800559043884
Sample 6,Chronos,0.5000364780426025
Sample 6,Timer,0.49996355175971985
Sample 7,Moirai,0.5529020428657532
Sample 7,Time-MoE,0.44709792733192444
Sample 8,Moirai,0.5990839600563049
Sample 8,Time-MoE,0.40091603994369507
Sample 9,TimesFM,0.5018128752708435
Sample 9,Timer,0.4981870949268341
Sample 10,Moirai,0.5044463872909546
Sample 10,Chronos,0.4955536723136902
Sample 11,TimesFM,0.5044959783554077
Sample 11,Chronos,0.4955040514469147
Sample 12,Chronos,0.5004770159721375
Sample 12,TimesFM,0.49952298402786255
Sample 13,TimesFM,0.5041961073875427
Sample 13,Chronos,0.4958038926124573
Sample 14,Time-MoE,0.5009633302688599
Sample 14,TimesFM,0.49903663992881775
Sample 15,Moirai,0.5323947072029114
Sample 15,Time-MoE,0.4676052927970886
Sample 16,Moirai,0.5653400421142578
Sample 16,TimesFM,0.43466001749038696
Sample 17,TimesFM,0.5018606781959534
Sample 17,Chronos,0.498139351606369
Sample 18,Time-MoE,0.5022087693214417
Sample 18,Chronos,0.49779123067855835
Sample 19,Moirai,0.5523686408996582
Sample 19,TimesFM,0.4476313292980194
Sample 20,Chronos,0.5007052421569824
Sample 20,TimesFM,0.4992947578430176
Sample 21,TimesFM,0.505539059638977
Sample 21,Chronos,0.49446094036102295
Sample 22,Chronos,0.5063091516494751
Sample 22,Time-MoE,0.4936908781528473
Sample 23,Time-MoE,0.5006643533706665
Sample 23,TimesFM,0.4993356764316559
Sample 24,Moirai,0.5934141874313354
Sample 24,Time-MoE,0.40658581256866455
Sample 25,TimesFM,0.5019171237945557
Sample 25,Timer,0.49808287620544434
Sample 26,Moirai,0.5043300986289978
Sample 26,Time-MoE,0.4956699013710022
Sample 27,TimesFM,0.5086337327957153
Sample 27,Timer,0.49136626720428467
Sample 28,Chronos,0.5000044107437134
Sample 28,Timer,0.4999955892562866
Sample 29,TimesFM,0.5036463737487793
Sample 29,Chronos,0.4963536560535431
Sample 30,TimesFM,0.5006219744682312
Sample 30,Timer,0.4993779957294464
Sample 31,Moirai,0.5191465616226196
Sample 31,Time-MoE,0.48085346817970276
Sample 0,Moirai,0.6194619536399841
Sample 0,Time-MoE,0.38053807616233826
Sample 1,Moirai,0.5115939974784851
Sample 1,TimesFM,0.4884059727191925
Sample 2,Moirai,0.535945475101471
Sample 2,Chronos,0.46405455470085144
Sample 3,Moirai,0.5049984455108643
Sample 3,TimesFM,0.49500158429145813
Sample 4,Chronos,0.5027568340301514
Sample 4,Timer,0.49724316596984863
Sample 5,Moirai,0.5591839551925659
Sample 5,Chronos,0.4408160150051117
Sample 6,Moirai,0.5225871801376343
Sample 6,Time-MoE,0.47741279006004333
Sample 7,Moirai,0.5305635929107666
Sample 7,Time-MoE,0.4694364070892334
Sample 8,Moirai,0.6671446561813354
Sample 8,Timer,0.33285537362098694
Sample 9,TimesFM,0.5013841986656189
Sample 9,Chronos,0.4986158013343811
Sample 10,TimesFM,0.500174343585968
Sample 10,Chronos,0.49982568621635437
Sample 11,TimesFM,0.5055301785469055
Sample 11,Timer,0.4944697916507721
Sample 12,Moirai,0.5312446355819702
Sample 12,Chronos,0.468755304813385
Sample 13,Chronos,0.5006252527236938
Sample 13,Time-MoE,0.49937477707862854
Sample 14,TimesFM,0.5011934638023376
Sample 14,Time-MoE,0.49880653619766235
Sample 15,Moirai,0.5529456734657288
Sample 15,Timer,0.447054386138916
Sample 16,Moirai,0.6567854285240173
Sample 16,Chronos,0.3432145416736603
Sample 17,Chronos,0.5011550784111023
Sample 17,TimesFM,0.4988449215888977
Sample 18,Moirai,0.5292102694511414
Sample 18,Time-MoE,0.4707897901535034
Sample 19,TimesFM,0.506098747253418
Sample 19,Timer,0.49390122294425964
Sample 20,Chronos,0.5006569027900696
Sample 20,Timer,0.49934303760528564
Sample 21,TimesFM,0.5015643835067749
Sample 21,Chronos,0.4984356164932251
Sample 22,Moirai,0.524534285068512
Sample 22,Time-MoE,0.47546568512916565
Sample 23,Moirai,0.5360293984413147
Sample 23,Time-MoE,0.4639705717563629
Sample 24,Moirai,0.6219606995582581
Sample 24,Timer,0.37803924083709717
Sample 25,TimesFM,0.5026593208312988
Sample 25,Timer,0.49734067916870117
Sample 26,Moirai,0.5183150768280029
Sample 26,Chronos,0.48168495297431946
Sample 27,TimesFM,0.5047051310539246
Sample 27,Timer,0.49529483914375305
Sample 28,Moirai,0.5365818738937378
Sample 28,Chronos,0.4634180963039398
Sample 29,TimesFM,0.5033392310142517
Sample 29,Timer,0.4966607987880707
Sample 30,Chronos,0.5003874897956848
Sample 30,Time-MoE,0.4996124804019928
Sample 31,Moirai,0.5555509328842163
Sample 31,Timer,0.4444490671157837
Sample 0,Moirai,0.6443246603012085
Sample 0,Timer,0.3556753098964691
Sample 1,TimesFM,0.5017282962799072
Sample 1,Chronos,0.4982717037200928
Sample 2,Chronos,0.5012778043746948
Sample 2,TimesFM,0.4987221956253052
Sample 3,TimesFM,0.5048145651817322
Sample 3,Timer,0.4951854348182678
Sample 4,Moirai,0.5066301226615906
Sample 4,Chronos,0.4933698773384094
Sample 5,TimesFM,0.5011359453201294
Sample 5,Time-MoE,0.4988640546798706
Sample 6,Moirai,0.5017077922821045
Sample 6,TimesFM,0.4982922375202179
Sample 7,Moirai,0.5558368563652039
Sample 7,Time-MoE,0.44416311383247375
Sample 8,Moirai,0.6337962746620178
Sample 8,Time-MoE,0.3662037253379822
Sample 9,TimesFM,0.501966655254364
Sample 9,Timer,0.498033344745636
Sample 10,Moirai,0.5160056948661804
Sample 10,Time-MoE,0.4839942455291748
Sample 11,Moirai,0.5527803301811218
Sample 11,TimesFM,0.4472196698188782
Sample 12,Chronos,0.5086684823036194
Sample 12,Moirai,0.4913315176963806
Sample 13,Moirai,0.5013705492019653
Sample 13,TimesFM,0.49862948060035706
Sample 14,Chronos,0.5010251998901367
Sample 14,TimesFM,0.4989747703075409
Sample 15,Time-MoE,0.501963198184967
Sample 15,Timer,0.49803677201271057
Sample 16,Moirai,0.6036894917488098
Sample 16,TimesFM,0.3963105082511902
Sample 17,TimesFM,0.501447319984436
Sample 17,Chronos,0.49855268001556396
Sample 18,Moirai,0.5107237696647644
Sample 18,Time-MoE,0.48927628993988037
Sample 19,TimesFM,0.5056943893432617
Sample 19,Time-MoE,0.4943056106567383
Sample 20,Chronos,0.5015576481819153
Sample 20,TimesFM,0.4984423816204071
Sample 21,TimesFM,0.5054298639297485
Sample 21,Timer,0.49457013607025146
Sample 22,TimesFM,0.5002330541610718
Sample 22,Chronos,0.4997669458389282
Sample 23,Moirai,0.5142703056335449
Sample 23,Time-MoE,0.4857296347618103
Sample 24,Moirai,0.6657221913337708
Sample 24,Time-MoE,0.33427777886390686
Sample 25,TimesFM,0.5011332631111145
Sample 25,Chronos,0.4988667368888855
Sample 26,Moirai,0.5146805047988892
Sample 26,Time-MoE,0.48531943559646606
Sample 27,TimesFM,0.5058380961418152
Sample 27,Timer,0.4941619038581848
Sample 28,Moirai,0.5401095151901245
Sample 28,Chronos,0.4598904848098755
Sample 29,Time-MoE,0.5015379786491394
Sample 29,Timer,0.498462051153183
Sample 30,Chronos,0.5004438161849976
Sample 30,Time-MoE,0.4995562434196472
Sample 31,Moirai,0.5710551142692566
Sample 31,Time-MoE,0.4289449155330658
Sample 0,Moirai,0.6483672857284546
Sample 0,Time-MoE,0.3516327738761902
Sample 1,TimesFM,0.5013051629066467
Sample 1,Chronos,0.49869486689567566
Sample 2,Time-MoE,0.5019175410270691
Sample 2,Timer,0.4980824291706085
Sample 3,TimesFM,0.5041356086730957
Sample 3,Timer,0.4958643615245819
Sample 4,Moirai,0.509466290473938
Sample 4,Chronos,0.4905337393283844
Sample 5,TimesFM,0.5012447237968445
Sample 5,Time-MoE,0.49875524640083313
Sample 6,Moirai,0.5061628818511963
Sample 6,Chronos,0.4938371479511261
Sample 7,Moirai,0.535455584526062
Sample 7,Time-MoE,0.4645444452762604
Sample 8,Moirai,0.6386064291000366
Sample 8,TimesFM,0.36139360070228577
Sample 9,Moirai,0.5002283453941345
Sample 9,TimesFM,0.49977168440818787
Sample 10,Moirai,0.5214724540710449
Sample 10,TimesFM,0.4785275161266327
Sample 11,Moirai,0.5071557760238647
Sample 11,TimesFM,0.49284422397613525
Sample 12,Time-MoE,0.5003129839897156
Sample 12,TimesFM,0.49968695640563965
Sample 13,TimesFM,0.5036166310310364
Sample 13,Chronos,0.4963833689689636
Sample 14,Chronos,0.5010776519775391
Sample 14,TimesFM,0.49892231822013855
Sample 15,Moirai,0.5373713970184326
Sample 15,Time-MoE,0.46262866258621216
Sample 16,Moirai,0.6327158212661743
Sample 16,Time-MoE,0.3672841787338257
Sample 17,Moirai,0.5054695010185242
Sample 17,TimesFM,0.4945305287837982
Sample 18,Moirai,0.5525147914886475
Sample 18,Chronos,0.44748514890670776
Sample 19,TimesFM,0.5025278925895691
Sample 19,Chronos,0.4974721074104309
Sample 20,Time-MoE,0.5000670552253723
Sample 20,TimesFM,0.4999329745769501
Sample 21,TimesFM,0.5033058524131775
Sample 21,Timer,0.4966941177845001
Sample 22,Chronos,0.5022225379943848
Sample 22,Time-MoE,0.4977774918079376
Sample 23,Moirai,0.5506480932235718
Sample 23,Timer,0.449351966381073
Sample 24,Moirai,0.6278417110443115
Sample 24,TimesFM,0.3721582889556885
Sample 25,TimesFM,0.502901017665863
Sample 25,Timer,0.49709901213645935
Sample 26,Moirai,0.5106856226921082
Sample 26,Time-MoE,0.48931437730789185
Sample 27,TimesFM,0.5019387602806091
Sample 27,Chronos,0.49806123971939087
Sample 28,Time-MoE,0.5016466975212097
Sample 28,Timer,0.4983533024787903
Sample 29,TimesFM,0.5043079257011414
Sample 29,Chronos,0.49569204449653625
Sample 30,Moirai,0.5131475329399109
Sample 30,Time-MoE,0.4868524670600891
Sample 31,Time-MoE,0.5013834238052368
Sample 31,Timer,0.4986165761947632
Sample 0,Moirai,0.5698979496955872
Sample 0,TimesFM,0.43010208010673523
Sample 1,TimesFM,0.5013023614883423
Sample 1,Chronos,0.4986976087093353
Sample 2,Time-MoE,0.5015633702278137
Sample 2,Moirai,0.49843665957450867
Sample 3,TimesFM,0.5035649538040161
Sample 3,Timer,0.4964349865913391
Sample 4,Chronos,0.5020791292190552
Sample 4,TimesFM,0.49792081117630005
Sample 5,TimesFM,0.5037729740142822
Sample 5,Chronos,0.49622705578804016
Sample 6,TimesFM,0.5013067126274109
Sample 6,Chronos,0.4986933171749115
Sample 7,Moirai,0.5268410444259644
Sample 7,Time-MoE,0.47315889596939087
Sample 8,Moirai,0.6700490713119507
Sample 8,Time-MoE,0.3299509286880493
Sample 9,TimesFM,0.5016435980796814
Sample 9,Timer,0.49835634231567383
Sample 10,Time-MoE,0.503460168838501
Sample 10,Timer,0.4965398609638214
Sample 11,TimesFM,0.5045812129974365
Sample 11,Timer,0.4954187572002411
Sample 12,Chronos,0.5038993954658508
Sample 12,Moirai,0.4961005747318268
Sample 13,TimesFM,0.5022357702255249
Sample 13,Chronos,0.4977642595767975
Sample 14,Time-MoE,0.5003916621208191
Sample 14,Timer,0.4996083676815033
Sample 15,Moirai,0.5505620837211609
Sample 15,Time-MoE,0.4494379758834839
Sample 0,Moirai,0.6708544492721558
Sample 0,Time-MoE,0.3291455805301666
Sample 1,TimesFM,0.5008277893066406
Sample 1,Chronos,0.49917224049568176
Sample 2,Chronos,0.5009258389472961
Sample 2,Timer,0.49907416105270386
Sample 3,TimesFM,0.505020797252655
Sample 3,Timer,0.4949791431427002
Sample 4,Chronos,0.5046376585960388
Sample 4,Moirai,0.49536237120628357
Sample 5,Chronos,0.5003198981285095
Sample 5,TimesFM,0.4996800422668457
Sample 6,Timer,0.5006122589111328
Sample 6,TimesFM,0.4993877708911896
Sample 7,Moirai,0.5587948560714722
Sample 7,Time-MoE,0.4412052035331726
Sample 8,Moirai,0.6589069962501526
Sample 8,Time-MoE,0.3410930633544922
Sample 9,TimesFM,0.5013263821601868
Sample 9,Chronos,0.49867358803749084
Sample 10,Time-MoE,0.5060229301452637
Sample 10,Timer,0.4939771294593811
Sample 11,TimesFM,0.5052016973495483
Sample 11,Timer,0.49479836225509644
Sample 12,Moirai,0.537612795829773
Sample 12,Chronos,0.46238717436790466
Sample 13,TimesFM,0.502931535243988
Sample 13,Chronos,0.49706846475601196
Sample 14,Time-MoE,0.5010913610458374
Sample 14,Chronos,0.4989086091518402
Sample 15,Moirai,0.5585033893585205
Sample 15,Timer,0.4414965808391571
Sample 16,Moirai,0.6143336296081543
Sample 16,Time-MoE,0.3856663107872009
Sample 17,Moirai,0.5014994144439697
Sample 17,TimesFM,0.49850061535835266
Sample 18,Moirai,0.5111508965492249
Sample 18,Chronos,0.48884910345077515
Sample 19,TimesFM,0.5033462643623352
Sample 19,Timer,0.4966537356376648
Sample 20,Moirai,0.5382345914840698
Sample 20,Time-MoE,0.4617653787136078
Sample 21,TimesFM,0.5052010416984558
Sample 21,Timer,0.4947989583015442
Sample 22,TimesFM,0.5019972324371338
Sample 22,Chronos,0.4980027675628662
Sample 23,Timer,0.5009751915931702
Sample 23,Time-MoE,0.4990248382091522
Sample 24,Moirai,0.6270592212677002
Sample 24,Timer,0.3729407787322998
Sample 25,TimesFM,0.5010983943939209
Sample 25,Chronos,0.4989016056060791
Sample 26,Moirai,0.5562934279441833
Sample 26,Time-MoE,0.44370660185813904
Sample 27,Moirai,0.5260728597640991
Sample 27,TimesFM,0.4739271402359009
Sample 28,Chronos,0.5029393434524536
Sample 28,Timer,0.4970606863498688
Sample 29,TimesFM,0.5029672980308533
Sample 29,Chronos,0.4970327615737915
Sample 30,Time-MoE,0.5013503432273865
Sample 30,Timer,0.4986496865749359
Sample 31,Moirai,0.5357192158699036
Sample 31,Time-MoE,0.46428078413009644
Sample 0,Moirai,0.6253915429115295
Sample 0,TimesFM,0.37460845708847046
Sample 1,Moirai,0.5056633353233337
Sample 1,TimesFM,0.49433669447898865
Sample 2,Chronos,0.5000690221786499
Sample 2,Time-MoE,0.4999309778213501
Sample 3,TimesFM,0.5027540326118469
Sample 3,Chronos,0.4972459375858307
Sample 4,TimesFM,0.5001164078712463
Sample 4,Time-MoE,0.49988359212875366
Sample 5,TimesFM,0.5020695328712463
Sample 5,Timer,0.49793046712875366
Sample 6,Chronos,0.5033711194992065
Sample 6,TimesFM,0.49662888050079346
Sample 7,Moirai,0.5625293254852295
Sample 7,Timer,0.4374706447124481
Sample 8,Moirai,0.6161845922470093
Sample 8,Time-MoE,0.38381537795066833
Sample 9,TimesFM,0.5004252791404724
Sample 9,Moirai,0.49957475066185
Sample 10,Moirai,0.5030319094657898
Sample 10,Time-MoE,0.4969681203365326
Sample 11,Moirai,0.51353919506073
Sample 11,Time-MoE,0.4864608645439148
Sample 12,Chronos,0.5081051588058472
Sample 12,Timer,0.4918948709964752
Sample 13,Moirai,0.5094661712646484
Sample 13,TimesFM,0.49053382873535156
Sample 14,TimesFM,0.5078824162483215
Sample 14,Chronos,0.4921175539493561
Sample 15,Moirai,0.5568702816963196
Sample 15,Timer,0.44312968850135803
Sample 16,Moirai,0.6486313343048096
Sample 16,Time-MoE,0.35136863589286804
Sample 17,Moirai,0.5057862997055054
Sample 17,TimesFM,0.4942137598991394
Sample 18,Time-MoE,0.5060404539108276
Sample 18,Chronos,0.49395960569381714
Sample 19,TimesFM,0.5012432932853699
Sample 19,Moirai,0.4987567067146301
Sample 20,Moirai,0.5017892122268677
Sample 20,Chronos,0.4982107877731323
Sample 21,Moirai,0.5081932544708252
Sample 21,TimesFM,0.4918067753314972
Sample 22,Chronos,0.5019870400428772
Sample 22,Timer,0.4980129301548004
Sample 23,Timer,0.5000134110450745
Sample 23,Time-MoE,0.4999866187572479
Sample 24,Moirai,0.5914020538330078
Sample 24,Time-MoE,0.4085979461669922
Sample 25,TimesFM,0.502494215965271
Sample 25,Chronos,0.497505784034729
Sample 26,Time-MoE,0.5017673969268799
Sample 26,Chronos,0.4982326030731201
Sample 27,TimesFM,0.5073281526565552
Sample 27,Timer,0.49267181754112244
Sample 28,Moirai,0.5017468333244324
Sample 28,Chronos,0.4982531666755676
Sample 29,TimesFM,0.505422830581665
Sample 29,Chronos,0.49457716941833496
Sample 30,Chronos,0.5007122159004211
Sample 30,Timer,0.49928781390190125
Sample 31,Moirai,0.5530610680580139
Sample 31,Timer,0.44693896174430847
Sample 0,Moirai,0.6080374121665955
Sample 0,Time-MoE,0.39196258783340454
Sample 1,Moirai,0.5065783262252808
Sample 1,TimesFM,0.49342167377471924
Sample 2,Moirai,0.5021094083786011
Sample 2,TimesFM,0.4978906512260437
Sample 3,TimesFM,0.5035117268562317
Sample 3,Chronos,0.4964882433414459
Sample 4,Moirai,0.5497984290122986
Sample 4,Time-MoE,0.4502015709877014
Sample 5,Chronos,0.5020347833633423
Sample 5,Time-MoE,0.49796515703201294
Sample 6,Chronos,0.5002738833427429
Sample 6,Timer,0.4997261166572571
Sample 7,Moirai,0.5544692873954773
Sample 7,Time-MoE,0.4455307424068451
Sample 8,Moirai,0.6018694639205933
Sample 8,Time-MoE,0.39813053607940674
Sample 9,TimesFM,0.5016308426856995
Sample 9,Timer,0.49836912751197815
Sample 10,Moirai,0.5043491721153259
Sample 10,Chronos,0.4956508278846741
Sample 11,TimesFM,0.5046054124832153
Sample 11,Chronos,0.4953945577144623
Sample 12,Chronos,0.5002013444900513
Sample 12,TimesFM,0.49979865550994873
Sample 13,TimesFM,0.5040514469146729
Sample 13,Chronos,0.4959484934806824
Sample 14,Time-MoE,0.5012492537498474
Sample 14,TimesFM,0.498750776052475
Sample 15,Moirai,0.5336335301399231
Sample 15,Time-MoE,0.4663664698600769
Sample 16,Moirai,0.5670962333679199
Sample 16,TimesFM,0.43290379643440247
Sample 17,TimesFM,0.5015970468521118
Sample 17,Chronos,0.4984029531478882
Sample 18,Time-MoE,0.5021525621414185
Sample 18,Chronos,0.49784740805625916
Sample 19,Moirai,0.5537269711494446
Sample 19,TimesFM,0.44627299904823303
Sample 20,Chronos,0.5004684925079346
Sample 20,TimesFM,0.49953144788742065
Sample 21,TimesFM,0.5055063962936401
Sample 21,Chronos,0.49449360370635986
Sample 22,Chronos,0.506588339805603
Sample 22,Time-MoE,0.493411660194397
Sample 23,Time-MoE,0.5004994869232178
Sample 23,TimesFM,0.49950048327445984
Sample 24,Moirai,0.5961840152740479
Sample 24,Time-MoE,0.40381595492362976
Sample 25,TimesFM,0.5016923546791077
Sample 25,Timer,0.49830761551856995
Sample 26,Moirai,0.5044946670532227
Sample 26,Time-MoE,0.49550530314445496
Sample 27,TimesFM,0.5088838338851929
Sample 27,Timer,0.49111613631248474
Sample 28,Timer,0.5000423192977905
Sample 28,Chronos,0.4999576508998871
Sample 29,TimesFM,0.5035184025764465
Sample 29,Chronos,0.4964815676212311
Sample 30,TimesFM,0.5004228353500366
Sample 30,Timer,0.499577134847641
Sample 31,Moirai,0.5200244784355164
Sample 31,Time-MoE,0.47997552156448364
Sample 0,Moirai,0.6226014494895935
Sample 0,Timer,0.37739861011505127
Sample 1,Moirai,0.5120213031768799
Sample 1,TimesFM,0.4879786968231201
Sample 2,Moirai,0.5366467833518982
Sample 2,Chronos,0.4633531868457794
Sample 3,Moirai,0.5052189826965332
Sample 3,TimesFM,0.4947810173034668
Sample 4,Chronos,0.5028393864631653
Sample 4,Timer,0.4971606135368347
Sample 5,Moirai,0.5606865286827087
Sample 5,Chronos,0.43931347131729126
Sample 6,Moirai,0.5231896042823792
Sample 6,Time-MoE,0.47681039571762085
Sample 7,Moirai,0.5313791036605835
Sample 7,Timer,0.4686208963394165
Sample 8,Moirai,0.6709532737731934
Sample 8,Timer,0.32904672622680664
Sample 9,TimesFM,0.501081109046936
Sample 9,Chronos,0.49891892075538635
Sample 10,TimesFM,0.5003247857093811
Sample 10,Chronos,0.49967527389526367
Sample 11,TimesFM,0.505405604839325
Sample 11,Timer,0.49459442496299744
Sample 12,Moirai,0.532296359539032
Sample 12,Chronos,0.4677036702632904
Sample 13,Chronos,0.5005307197570801
Sample 13,Time-MoE,0.4994692802429199
Sample 14,TimesFM,0.5010310411453247
Sample 14,Time-MoE,0.49896901845932007
Sample 15,Moirai,0.5544460415840149
Sample 15,Timer,0.4455539882183075
Sample 16,Moirai,0.6605330109596252
Sample 16,Timer,0.33946704864501953
Sample 17,Chronos,0.501439094543457
Sample 17,TimesFM,0.4985608458518982
Sample 18,Moirai,0.5300524234771729
Sample 18,Chronos,0.46994757652282715
Sample 19,TimesFM,0.5061652064323425
Sample 19,Timer,0.4938347637653351
Sample 20,Chronos,0.5006019473075867
Sample 20,Timer,0.49939802289009094
Sample 21,TimesFM,0.5012993216514587
Sample 21,Chronos,0.49870067834854126
Sample 22,Moirai,0.5254254937171936
Sample 22,Time-MoE,0.474574476480484
Sample 23,Moirai,0.5372709631919861
Sample 23,Time-MoE,0.4627290666103363
Sample 24,Moirai,0.6249216198921204
Sample 24,Timer,0.37507832050323486
Sample 25,TimesFM,0.5024183392524719
Sample 25,Timer,0.4975816309452057
Sample 26,Moirai,0.5189234614372253
Sample 26,Chronos,0.48107659816741943
Sample 27,TimesFM,0.5046253204345703
Sample 27,Timer,0.4953746199607849
Sample 28,Moirai,0.5377990007400513
Sample 28,Chronos,0.46220096945762634
Sample 29,TimesFM,0.5031588077545166
Sample 29,Time-MoE,0.4968411922454834
Sample 30,Chronos,0.5004462599754333
Sample 30,Time-MoE,0.49955374002456665
Sample 31,Moirai,0.5570523738861084
Sample 31,Timer,0.4429476857185364
Sample 0,Moirai,0.647634744644165
Sample 0,Timer,0.35236528515815735
Sample 1,TimesFM,0.5012364983558655
Sample 1,Timer,0.4987635314464569
Sample 2,Chronos,0.5014591217041016
Sample 2,TimesFM,0.49854084849357605
Sample 3,TimesFM,0.5044137835502625
Sample 3,Timer,0.49558618664741516
Sample 4,Moirai,0.5066120028495789
Sample 4,Chronos,0.49338796734809875
Sample 5,TimesFM,0.500592827796936
Sample 5,Time-MoE,0.4994071424007416
Sample 6,Moirai,0.5015860795974731
Sample 6,Timer,0.49841389060020447
Sample 7,Moirai,0.5574889779090881
Sample 7,Time-MoE,0.44251102209091187
Sample 8,Moirai,0.6369673013687134
Sample 8,Time-MoE,0.36303266882896423
Sample 9,TimesFM,0.5014387965202332
Sample 9,Timer,0.49856120347976685
Sample 10,Moirai,0.5165295004844666
Sample 10,Time-MoE,0.48347049951553345
Sample 11,Moirai,0.554324209690094
Sample 11,TimesFM,0.4456757605075836
Sample 12,Chronos,0.508992075920105
Sample 12,Moirai,0.4910079538822174
Sample 13,Moirai,0.5014925003051758
Sample 13,TimesFM,0.4985075294971466
Sample 14,Chronos,0.5010812282562256
Sample 14,TimesFM,0.4989187717437744
Sample 15,Time-MoE,0.5023345351219177
Sample 15,Timer,0.4976654350757599
Sample 16,Moirai,0.6065875291824341
Sample 16,TimesFM,0.39341244101524353
Sample 17,TimesFM,0.5011773109436035
Sample 17,Chronos,0.4988226890563965
Sample 18,Moirai,0.5107842683792114
Sample 18,Time-MoE,0.48921576142311096
Sample 19,TimesFM,0.5056477189064026
Sample 19,Time-MoE,0.49435222148895264
Sample 20,Chronos,0.5012202858924866
Sample 20,TimesFM,0.4987797439098358
Sample 21,TimesFM,0.5050672292709351
Sample 21,Timer,0.49493274092674255
Sample 22,Chronos,0.5001581311225891
Sample 22,TimesFM,0.4998418986797333
Sample 23,Moirai,0.5149469375610352
Sample 23,Time-MoE,0.48505303263664246
Sample 24,Moirai,0.6698721647262573
Sample 24,Timer,0.33012786507606506
Sample 25,TimesFM,0.5007979869842529
Sample 25,Chronos,0.49920201301574707
Sample 26,Moirai,0.5152105689048767
Sample 26,Time-MoE,0.4847894608974457
Sample 27,TimesFM,0.505488932132721
Sample 27,Timer,0.49451109766960144
Sample 28,Moirai,0.5412079095840454
Sample 28,Chronos,0.458792120218277
Sample 29,Time-MoE,0.5015573501586914
Sample 29,Timer,0.4984426200389862
Sample 30,Chronos,0.5004625916481018
Sample 30,Time-MoE,0.4995374381542206
Sample 31,Moirai,0.5731221437454224
Sample 31,Time-MoE,0.42687785625457764
Sample 0,Moirai,0.6519004702568054
Sample 0,Timer,0.34809955954551697
Sample 1,TimesFM,0.5010428428649902
Sample 1,Chronos,0.4989571273326874
Sample 2,Time-MoE,0.5019506812095642
Sample 2,Timer,0.4980493187904358
Sample 3,TimesFM,0.5036649703979492
Sample 3,Timer,0.4963350296020508
Sample 4,Moirai,0.5097706913948059
Sample 4,Chronos,0.4902293086051941
Sample 5,TimesFM,0.5007249116897583
Sample 5,Time-MoE,0.4992751181125641
Sample 6,Moirai,0.5063251256942749
Sample 6,Chronos,0.4936748743057251
Sample 7,Moirai,0.5366992354393005
Sample 7,Time-MoE,0.46330079436302185
Sample 8,Moirai,0.6423386931419373
Sample 8,Timer,0.35766133666038513
Sample 9,Moirai,0.5005003809928894
Sample 9,TimesFM,0.4994996190071106
Sample 10,Moirai,0.5221372246742249
Sample 10,Chronos,0.47786277532577515
Sample 11,Moirai,0.5075896382331848
Sample 11,TimesFM,0.4924103319644928
Sample 12,Time-MoE,0.5001842975616455
Sample 12,TimesFM,0.4998156726360321
Sample 13,TimesFM,0.5039833784103394
Sample 13,Timer,0.49601659178733826
Sample 14,Chronos,0.5009417533874512
Sample 14,TimesFM,0.4990583062171936
Sample 15,Moirai,0.5384351015090942
Sample 15,Timer,0.46156492829322815
Sample 16,Moirai,0.6359807848930359
Sample 16,Timer,0.3640191853046417
Sample 17,Moirai,0.5058727264404297
Sample 17,TimesFM,0.4941272437572479
Sample 18,Moirai,0.5537295937538147
Sample 18,Chronos,0.4462704062461853
Sample 19,TimesFM,0.5023300647735596
Sample 19,Chronos,0.49766993522644043
Sample 20,Time-MoE,0.500453531742096
Sample 20,TimesFM,0.49954646825790405
Sample 21,TimesFM,0.5028566718101501
Sample 21,Timer,0.49714332818984985
Sample 22,Chronos,0.5023266673088074
Sample 22,Time-MoE,0.49767330288887024
Sample 23,Moirai,0.5520944595336914
Sample 23,Timer,0.447905570268631
Sample 24,Moirai,0.6309788823127747
Sample 24,Timer,0.36902111768722534
Sample 25,TimesFM,0.5023951530456543
Sample 25,Timer,0.4976048469543457
Sample 26,Moirai,0.5111566781997681
Sample 26,Time-MoE,0.48884329199790955
Sample 27,TimesFM,0.5017797350883484
Sample 27,Chronos,0.498220294713974
Sample 28,Time-MoE,0.5015705227851868
Sample 28,Timer,0.49842947721481323
Sample 29,TimesFM,0.5042808055877686
Sample 29,Timer,0.49571919441223145
Sample 30,Moirai,0.5135782361030579
Sample 30,Chronos,0.48642173409461975
Sample 31,Time-MoE,0.5015658736228943
Sample 31,Timer,0.4984341561794281
Sample 0,Moirai,0.5720007419586182
Sample 0,TimesFM,0.42799922823905945
Sample 1,TimesFM,0.5012585520744324
Sample 1,Chronos,0.49874141812324524
Sample 2,Time-MoE,0.501690685749054
Sample 2,Moirai,0.49830931425094604
Sample 3,TimesFM,0.5033363699913025
Sample 3,Timer,0.4966636598110199
Sample 4,Chronos,0.501620888710022
Sample 4,TimesFM,0.49837908148765564
Sample 5,TimesFM,0.5036617517471313
Sample 5,Chronos,0.49633824825286865
Sample 6,TimesFM,0.5012698769569397
Sample 6,Chronos,0.4987300932407379
Sample 7,Moirai,0.5277823209762573
Sample 7,Time-MoE,0.4722176790237427
Sample 8,Moirai,0.6744349002838135
Sample 8,Time-MoE,0.3255650997161865
Sample 9,TimesFM,0.501273512840271
Sample 9,Timer,0.49872642755508423
Sample 10,Time-MoE,0.503411054611206
Sample 10,Timer,0.49658894538879395
Sample 11,TimesFM,0.5042505860328674
Sample 11,Timer,0.49574941396713257
Sample 12,Chronos,0.5042731761932373
Sample 12,Moirai,0.4957268536090851
Sample 13,TimesFM,0.501987636089325
Sample 13,Timer,0.49801239371299744
Sample 14,Time-MoE,0.5002972483634949
Sample 14,Timer,0.49970272183418274
Sample 15,Moirai,0.552226722240448
Sample 15,Time-MoE,0.4477732479572296
Sample 0,Moirai,0.6751803159713745
Sample 0,Time-MoE,0.3248197138309479
Sample 1,TimesFM,0.5007138848304749
Sample 1,Chronos,0.49928608536720276
Sample 2,Chronos,0.5003673434257507
Sample 2,Timer,0.49963265657424927
Sample 3,TimesFM,0.5047824382781982
Sample 3,Timer,0.49521759152412415
Sample 4,Chronos,0.5049912929534912
Sample 4,Moirai,0.49500876665115356
Sample 5,Chronos,0.5004894137382507
Sample 5,TimesFM,0.49951061606407166
Sample 6,Timer,0.501153826713562
Sample 6,TimesFM,0.498846173286438
Sample 7,Moirai,0.560640275478363
Sample 7,Chronos,0.4393596947193146
Sample 8,Moirai,0.662770688533783
Sample 8,Time-MoE,0.33722934126853943
Sample 9,TimesFM,0.5012277364730835
Sample 9,Chronos,0.4987722337245941
Sample 10,Time-MoE,0.5063677430152893
Sample 10,Timer,0.4936322271823883
Sample 11,TimesFM,0.5049316883087158
Sample 11,Time-MoE,0.4950682818889618
Sample 12,Moirai,0.5382940173149109
Sample 12,Chronos,0.4617059528827667
Sample 13,TimesFM,0.5029188990592957
Sample 13,Chronos,0.49708110094070435
Sample 14,Time-MoE,0.501376211643219
Sample 14,Chronos,0.4986237585544586
Sample 15,Moirai,0.560236930847168
Sample 15,Chronos,0.43976303935050964
Sample 16,Moirai,0.6174411177635193
Sample 16,Time-MoE,0.3825588822364807
Sample 17,Moirai,0.5017551183700562
Sample 17,TimesFM,0.49824488162994385
Sample 18,Moirai,0.5113562345504761
Sample 18,Chronos,0.4886437952518463
Sample 19,TimesFM,0.5031400322914124
Sample 19,Timer,0.49685996770858765
Sample 20,Moirai,0.5390958189964294
Sample 20,Time-MoE,0.46090421080589294
Sample 21,TimesFM,0.5052245259284973
Sample 21,Timer,0.4947754740715027
Sample 22,TimesFM,0.5021980404853821
Sample 22,Chronos,0.4978019595146179
Sample 23,Timer,0.5009885430335999
Sample 23,Time-MoE,0.4990115165710449
Sample 24,Moirai,0.6304983496665955
Sample 24,Timer,0.36950159072875977
Sample 25,TimesFM,0.5009920001029968
Sample 25,Chronos,0.49900802969932556
Sample 26,Moirai,0.55767422914505
Sample 26,Time-MoE,0.44232574105262756
Sample 27,Moirai,0.5268537998199463
Sample 27,TimesFM,0.4731462597846985
Sample 28,Chronos,0.5029634237289429
Sample 28,Timer,0.49703654646873474
Sample 29,TimesFM,0.5029104948043823
Sample 29,Chronos,0.4970895051956177
Sample 30,Time-MoE,0.5012418627738953
Sample 30,Timer,0.49875813722610474
Sample 31,Moirai,0.5368881821632385
Sample 31,Time-MoE,0.4631118178367615
Sample 0,Moirai,0.6287530660629272
Sample 0,TimesFM,0.37124699354171753
Sample 1,Moirai,0.5060214996337891
Sample 1,TimesFM,0.4939785301685333
Sample 2,Time-MoE,0.5000053644180298
Sample 2,Chronos,0.4999946355819702
Sample 3,TimesFM,0.5027119517326355
Sample 3,Chronos,0.4972880482673645
Sample 4,TimesFM,0.5001547932624817
Sample 4,Time-MoE,0.4998451769351959
Sample 5,TimesFM,0.5019460320472717
Sample 5,Time-MoE,0.49805396795272827
Sample 6,Chronos,0.5030364990234375
Sample 6,Timer,0.4969635009765625
Sample 7,Moirai,0.5644670724868774
Sample 7,Chronos,0.43553295731544495
Sample 8,Moirai,0.6190894246101379
Sample 8,Time-MoE,0.38091057538986206
Sample 9,TimesFM,0.5002322793006897
Sample 9,Moirai,0.4997677206993103
Sample 10,Moirai,0.502819299697876
Sample 10,Time-MoE,0.49718067049980164
Sample 11,Moirai,0.5137118101119995
Sample 11,Time-MoE,0.4862881898880005
Sample 12,Chronos,0.5078334212303162
Sample 12,Timer,0.49216654896736145
Sample 13,Moirai,0.509892463684082
Sample 13,TimesFM,0.49010753631591797
Sample 14,TimesFM,0.5080568194389343
Sample 14,Timer,0.49194321036338806
Sample 15,Moirai,0.5586135983467102
Sample 15,Time-MoE,0.441386342048645
Sample 16,Moirai,0.6523886322975159
Sample 16,Time-MoE,0.34761136770248413
Sample 17,Moirai,0.5061521530151367
Sample 17,TimesFM,0.4938478469848633
Sample 18,Time-MoE,0.5061638355255127
Sample 18,Timer,0.4938361346721649
Sample 19,TimesFM,0.5011047124862671
Sample 19,Moirai,0.4988952875137329
Sample 20,Moirai,0.5017465949058533
Sample 20,Chronos,0.49825337529182434
Sample 21,Moirai,0.5086066722869873
Sample 21,TimesFM,0.4913933277130127
Sample 22,Chronos,0.5014079809188843
Sample 22,Timer,0.49859195947647095
Sample 23,Timer,0.5003989338874817
Sample 23,Time-MoE,0.4996010363101959
Sample 24,Moirai,0.5936564803123474
Sample 24,Time-MoE,0.406343549489975
Sample 25,TimesFM,0.5025112628936768
Sample 25,Timer,0.49748873710632324
Sample 26,Time-MoE,0.5021580457687378
Sample 26,Chronos,0.497842013835907
Sample 27,TimesFM,0.5072823166847229
Sample 27,Timer,0.4927176833152771
Sample 28,Moirai,0.5017147064208984
Sample 28,Chronos,0.4982852339744568
Sample 29,TimesFM,0.5055034160614014
Sample 29,Chronos,0.494496613740921
Sample 30,Timer,0.5001601576805115
Sample 30,Chronos,0.49983981251716614
Sample 31,Moirai,0.5547539591789246
Sample 31,Timer,0.44524598121643066
Sample 0,Moirai,0.6109495162963867
Sample 0,Time-MoE,0.3890504539012909
Sample 1,Moirai,0.5067768096923828
Sample 1,TimesFM,0.4932231903076172
Sample 2,Moirai,0.5021342635154724
Sample 2,TimesFM,0.4978657066822052
Sample 3,TimesFM,0.5038172006607056
Sample 3,Chronos,0.4961828291416168
Sample 4,Moirai,0.551219642162323
Sample 4,Time-MoE,0.4487803876399994
Sample 5,Chronos,0.5018352270126343
Sample 5,Time-MoE,0.4981647729873657
Sample 6,Timer,0.5003260374069214
Sample 6,Chronos,0.4996739625930786
Sample 7,Moirai,0.5560368299484253
Sample 7,Time-MoE,0.4439631700515747
Sample 8,Moirai,0.6045924425125122
Sample 8,Time-MoE,0.3954075574874878
Sample 9,TimesFM,0.5019387006759644
Sample 9,Chronos,0.49806132912635803
Sample 10,Moirai,0.5044220685958862
Sample 10,Chronos,0.4955779016017914
Sample 11,TimesFM,0.5050016641616821
Sample 11,Chronos,0.49499833583831787
Sample 12,Chronos,0.5002585053443909
Sample 12,TimesFM,0.49974146485328674
Sample 13,TimesFM,0.5043408870697021
Sample 13,Chronos,0.49565911293029785
Sample 14,Time-MoE,0.5012571215629578
Sample 14,TimesFM,0.4987429082393646
Sample 15,Moirai,0.5346599817276001
Sample 15,Time-MoE,0.4653399586677551
Sample 16,Moirai,0.5689226388931274
Sample 16,TimesFM,0.43107742071151733
Sample 17,TimesFM,0.5018565654754639
Sample 17,Chronos,0.49814340472221375
Sample 18,Time-MoE,0.5020838379859924
Sample 18,Timer,0.49791616201400757
Sample 19,Moirai,0.5551563501358032
Sample 19,TimesFM,0.44484367966651917
Sample 20,Chronos,0.5004979968070984
Sample 20,TimesFM,0.4995020031929016
Sample 21,TimesFM,0.5057215690612793
Sample 21,Chronos,0.4942784607410431
Sample 22,Chronos,0.5068639516830444
Sample 22,Time-MoE,0.49313604831695557
Sample 23,Time-MoE,0.500514030456543
Sample 23,TimesFM,0.49948593974113464
Sample 24,Moirai,0.5988460779190063
Sample 24,Time-MoE,0.40115392208099365
Sample 25,TimesFM,0.5019058585166931
Sample 25,Chronos,0.4980941414833069
Sample 26,Moirai,0.5045812726020813
Sample 26,Time-MoE,0.4954187273979187
Sample 27,TimesFM,0.508621335029602
Sample 27,Timer,0.49137866497039795
Sample 28,Timer,0.5005463361740112
Sample 28,Chronos,0.49945366382598877
Sample 29,TimesFM,0.5037413835525513
Sample 29,Chronos,0.49625858664512634
Sample 30,TimesFM,0.5000946521759033
Sample 30,Timer,0.4999052882194519
Sample 31,Moirai,0.5206410884857178
Sample 31,Time-MoE,0.4793589413166046
Sample 0,Moirai,0.6258640885353088
Sample 0,Chronos,0.37413594126701355
Sample 1,Moirai,0.5122194886207581
Sample 1,TimesFM,0.48778051137924194
Sample 2,Moirai,0.5372741222381592
Sample 2,Chronos,0.4627258777618408
Sample 3,Moirai,0.5052374005317688
Sample 3,TimesFM,0.4947625696659088
Sample 4,Chronos,0.5030494332313538
Sample 4,Time-MoE,0.49695056676864624
Sample 5,Moirai,0.5620921850204468
Sample 5,Chronos,0.4379078149795532
Sample 6,Moirai,0.5238105654716492
Sample 6,Time-MoE,0.47618943452835083
Sample 7,Moirai,0.5322799682617188
Sample 7,Time-MoE,0.4677199721336365
Sample 8,Moirai,0.6757335662841797
Sample 8,Chronos,0.3242664337158203
Sample 9,TimesFM,0.501362681388855
Sample 9,Chronos,0.49863728880882263
Sample 10,TimesFM,0.5005320906639099
Sample 10,Chronos,0.4994679093360901
Sample 11,TimesFM,0.5057938098907471
Sample 11,Timer,0.49420619010925293
Sample 12,Moirai,0.5328711271286011
Sample 12,Chronos,0.4671288728713989
Sample 13,Chronos,0.5004249215126038
Sample 13,Time-MoE,0.49957510828971863
Sample 14,TimesFM,0.5013484954833984
Sample 14,Time-MoE,0.49865150451660156
Sample 15,Moirai,0.5558748245239258
Sample 15,Timer,0.4441252052783966
Sample 16,Moirai,0.6639993786811829
Sample 16,Chronos,0.3360006809234619
Sample 17,Chronos,0.5011861324310303
Sample 17,TimesFM,0.4988138675689697
Sample 18,Moirai,0.5305702686309814
Sample 18,Chronos,0.46942976117134094
Sample 19,TimesFM,0.5060955882072449
Sample 19,Timer,0.4939044117927551
Sample 20,Chronos,0.5000818371772766
Sample 20,Timer,0.4999181628227234
Sample 21,TimesFM,0.5018262267112732
Sample 21,Chronos,0.4981737732887268
Sample 22,Moirai,0.5258321762084961
Sample 22,Chronos,0.4741678535938263
Sample 23,Moirai,0.5382586121559143
Sample 23,Time-MoE,0.4617413580417633
Sample 24,Moirai,0.6285848617553711
Sample 24,Timer,0.3714151084423065
Sample 25,TimesFM,0.5028147101402283
Sample 25,Timer,0.49718528985977173
Sample 26,Moirai,0.5191366076469421
Sample 26,Chronos,0.48086342215538025
Sample 27,TimesFM,0.5049905180931091
Sample 27,Timer,0.49500948190689087
Sample 28,Moirai,0.5384628176689148
Sample 28,Chronos,0.46153712272644043
Sample 29,TimesFM,0.503436803817749
Sample 29,Time-MoE,0.496563196182251
Sample 30,Chronos,0.5004341006278992
Sample 30,Timer,0.49956589937210083
Sample 31,Moirai,0.5583609342575073
Sample 31,Chronos,0.4416390657424927
Sample 0,Moirai,0.6517855525016785
Sample 0,Chronos,0.34821444749832153
Sample 1,TimesFM,0.5018593668937683
Sample 1,Chronos,0.49814069271087646
Sample 2,Chronos,0.5011815428733826
Sample 2,TimesFM,0.4988184869289398
Sample 3,TimesFM,0.5053384900093079
Sample 3,Timer,0.4946615397930145
Sample 4,Moirai,0.5064506530761719
Sample 4,Chronos,0.49354928731918335
Sample 5,TimesFM,0.501207172870636
Sample 5,Time-MoE,0.4987927973270416
Sample 6,Moirai,0.5018844604492188
Sample 6,TimesFM,0.49811553955078125
Sample 7,Moirai,0.5589519143104553
Sample 7,Time-MoE,0.44104811549186707
Sample 8,Moirai,0.6404815316200256
Sample 8,Time-MoE,0.359518438577652
Sample 9,TimesFM,0.502196729183197
Sample 9,Chronos,0.49780330061912537
Sample 10,Moirai,0.516940712928772
Sample 10,Time-MoE,0.48305925726890564
Sample 11,Moirai,0.5555817484855652
Sample 11,TimesFM,0.4444182217121124
Sample 12,Chronos,0.5096697807312012
Sample 12,Moirai,0.49033018946647644
Sample 13,Moirai,0.5012778639793396
Sample 13,TimesFM,0.4987221360206604
Sample 14,Chronos,0.5005975365638733
Sample 14,TimesFM,0.4994024336338043
Sample 15,Time-MoE,0.5021584630012512
Sample 15,Timer,0.4978415369987488
Sample 16,Moirai,0.6092836856842041
Sample 16,TimesFM,0.3907163441181183
Sample 17,TimesFM,0.5018124580383301
Sample 17,Chronos,0.49818751215934753
Sample 18,Moirai,0.5111281275749207
Sample 18,Time-MoE,0.4888719320297241
Sample 19,TimesFM,0.5056295394897461
Sample 19,Timer,0.4943704903125763
Sample 20,Chronos,0.5007122159004211
Sample 20,Timer,0.49928781390190125
Sample 21,TimesFM,0.5060988664627075
Sample 21,Chronos,0.49390116333961487
Sample 22,TimesFM,0.5002885460853577
Sample 22,Chronos,0.49971145391464233
Sample 23,Moirai,0.515171229839325
Sample 23,Time-MoE,0.48482879996299744
Sample 24,Moirai,0.6740999221801758
Sample 24,Chronos,0.3259001076221466
Sample 25,TimesFM,0.5012051463127136
Sample 25,Chronos,0.49879488348960876
Sample 26,Moirai,0.515635073184967
Sample 26,Chronos,0.48436495661735535
Sample 27,TimesFM,0.5063573122024536
Sample 27,Timer,0.493642657995224
Sample 28,Moirai,0.5419915914535522
Sample 28,Chronos,0.458008348941803
Sample 29,Time-MoE,0.5018547177314758
Sample 29,Timer,0.4981452524662018
Sample 30,Chronos,0.5007608532905579
Sample 30,Time-MoE,0.49923914670944214
Sample 31,Moirai,0.5749891996383667
Sample 31,Time-MoE,0.4250108599662781
Sample 0,Moirai,0.6552944779396057
Sample 0,Chronos,0.3447055220603943
Sample 1,TimesFM,0.5016336441040039
Sample 1,Chronos,0.4983663558959961
Sample 2,Time-MoE,0.5020620822906494
Sample 2,Timer,0.4979378879070282
Sample 3,TimesFM,0.5047925114631653
Sample 3,Timer,0.49520745873451233
Sample 4,Moirai,0.5096164345741272
Sample 4,Chronos,0.4903835356235504
Sample 5,TimesFM,0.5015227794647217
Sample 5,Time-MoE,0.4984772205352783
Sample 6,Moirai,0.5063947439193726
Sample 6,Chronos,0.49360522627830505
Sample 7,Moirai,0.5376318693161011
Sample 7,Time-MoE,0.46236807107925415
Sample 8,Moirai,0.645979106426239
Sample 8,TimesFM,0.3540208637714386
Sample 9,Moirai,0.5002164244651794
Sample 9,TimesFM,0.49978357553482056
Sample 10,Moirai,0.5226037502288818
Sample 10,TimesFM,0.4773962199687958
Sample 11,Moirai,0.5075321793556213
Sample 11,TimesFM,0.4924677908420563
Sample 12,Time-MoE,0.500166654586792
Sample 12,TimesFM,0.4998333156108856
Sample 13,TimesFM,0.5033910870552063
Sample 13,Timer,0.4966089129447937
Sample 14,Chronos,0.5009423494338989
Sample 14,TimesFM,0.4990576505661011
Sample 15,Moirai,0.5392929911613464
Sample 15,Chronos,0.4607069492340088
Sample 16,Moirai,0.6389028429985046
Sample 16,Chronos,0.3610970973968506
Sample 17,Moirai,0.5057771801948547
Sample 17,TimesFM,0.4942227900028229
Sample 18,Moirai,0.5546305179595947
Sample 18,Chronos,0.4453694820404053
Sample 19,TimesFM,0.5029380321502686
Sample 19,Chronos,0.49706199765205383
Sample 20,TimesFM,0.5001153945922852
Sample 20,Time-MoE,0.49988457560539246
Sample 21,TimesFM,0.5040373802185059
Sample 21,Time-MoE,0.4959626793861389
Sample 22,Chronos,0.5024107098579407
Sample 22,Time-MoE,0.4975892901420593
Sample 23,Moirai,0.5533127188682556
Sample 23,Chronos,0.4466872811317444
Sample 24,Moirai,0.6344136595726013
Sample 24,Chronos,0.36558640003204346
Sample 25,TimesFM,0.5036423206329346
Sample 25,Timer,0.4963577091693878
Sample 26,Moirai,0.5112372040748596
Sample 26,Time-MoE,0.488762766122818
Sample 27,TimesFM,0.5024873614311218
Sample 27,Chronos,0.4975126385688782
Sample 28,Time-MoE,0.5011491775512695
Sample 28,Timer,0.4988507926464081
Sample 29,TimesFM,0.5050252079963684
Sample 29,Chronos,0.4949747622013092
Sample 30,Moirai,0.5136243104934692
Sample 30,Chronos,0.48637568950653076
Sample 31,Time-MoE,0.500943660736084
Sample 31,Timer,0.49905630946159363
Sample 0,Moirai,0.5732762217521667
Sample 0,TimesFM,0.42672374844551086
Sample 1,TimesFM,0.5024247169494629
Sample 1,Chronos,0.4975752830505371
Sample 2,Time-MoE,0.5017552971839905
Sample 2,Moirai,0.4982447326183319
Sample 3,TimesFM,0.504734992980957
Sample 3,Timer,0.49526500701904297
Sample 4,Chronos,0.5003013610839844
Sample 4,Timer,0.4996986389160156
Sample 5,TimesFM,0.5048147439956665
Sample 5,Chronos,0.4951852560043335
Sample 6,TimesFM,0.5021441578865051
Sample 6,Chronos,0.49785587191581726
Sample 7,Moirai,0.5279915928840637
Sample 7,Time-MoE,0.4720083773136139
Sample 8,Moirai,0.6784735918045044
Sample 8,Chronos,0.321526437997818
Sample 9,TimesFM,0.5025837421417236
Sample 9,Chronos,0.49741628766059875
Sample 10,Time-MoE,0.5035860538482666
Sample 10,Timer,0.4964139461517334
Sample 11,TimesFM,0.505621612071991
Sample 11,Timer,0.4943784475326538
Sample 12,Chronos,0.5047392845153809
Sample 12,Moirai,0.49526071548461914
Sample 13,TimesFM,0.5031794905662537
Sample 13,Chronos,0.49682047963142395
Sample 14,TimesFM,0.5003970265388489
Sample 14,Timer,0.4996029734611511
Sample 15,Moirai,0.5529670715332031
Sample 15,Time-MoE,0.44703295826911926
Sample 0,Moirai,0.6794211864471436
Sample 0,Time-MoE,0.32057878375053406
Sample 1,TimesFM,0.5022484064102173
Sample 1,Chronos,0.4977515935897827
Sample 2,Timer,0.500124990940094
Sample 2,Chronos,0.4998750686645508
Sample 3,TimesFM,0.5064104199409485
Sample 3,Timer,0.4935895502567291
Sample 4,Chronos,0.5050960183143616
Sample 4,Moirai,0.4949040412902832
Sample 5,TimesFM,0.5010239481925964
Sample 5,Chronos,0.49897605180740356
Sample 6,Timer,0.500319242477417
Sample 6,TimesFM,0.499680757522583
Sample 7,Moirai,0.5613204836845398
Sample 7,Time-MoE,0.4386794865131378
Sample 8,Moirai,0.6671009659767151
Sample 8,Time-MoE,0.3328990340232849
Sample 9,TimesFM,0.5027766823768616
Sample 9,Chronos,0.49722328782081604
Sample 10,Time-MoE,0.5066638588905334
Sample 10,Moirai,0.49333611130714417
Sample 11,TimesFM,0.5070481300354004
Sample 11,Timer,0.492951899766922
Sample 12,Moirai,0.5388719439506531
Sample 12,Chronos,0.4611280560493469
Sample 13,TimesFM,0.5045819878578186
Sample 13,Chronos,0.4954180419445038
Sample 14,Time-MoE,0.50067138671875
Sample 14,Timer,0.49932861328125
Sample 15,Moirai,0.5610116124153137
Sample 15,Time-MoE,0.43898841738700867
Sample 16,Moirai,0.6198128461837769
Sample 16,Time-MoE,0.38018718361854553
Sample 17,Moirai,0.5006705522537231
Sample 17,TimesFM,0.49932947754859924
Sample 18,Moirai,0.5113861560821533
Sample 18,Chronos,0.4886137843132019
Sample 19,TimesFM,0.5048767924308777
Sample 19,Timer,0.4951231777667999
Sample 20,Moirai,0.539984941482544
Sample 20,Time-MoE,0.46001508831977844
Sample 21,TimesFM,0.5071859359741211
Sample 21,Timer,0.4928140640258789
Sample 22,TimesFM,0.5025368928909302
Sample 22,Chronos,0.49746307730674744
Sample 23,Timer,0.5008911490440369
Sample 23,Time-MoE,0.49910885095596313
Sample 24,Moirai,0.6333689093589783
Sample 24,Time-MoE,0.36663103103637695
Sample 25,TimesFM,0.502531886100769
Sample 25,Chronos,0.49746814370155334
Sample 26,Moirai,0.5596571564674377
Sample 26,Chronos,0.44034281373023987
Sample 27,Moirai,0.5269356966018677
Sample 27,TimesFM,0.47306424379348755
Sample 28,Chronos,0.5026527047157288
Sample 28,Timer,0.49734732508659363
Sample 29,TimesFM,0.5045457482337952
Sample 29,Chronos,0.49545425176620483
Sample 30,Time-MoE,0.5000523924827576
Sample 30,TimesFM,0.4999476373195648
Sample 31,Moirai,0.5372198820114136
Sample 31,Time-MoE,0.4627801477909088
Sample 0,Moirai,0.6317074298858643
Sample 0,TimesFM,0.36829257011413574
Sample 1,Moirai,0.5046929121017456
Sample 1,TimesFM,0.495307058095932
Sample 2,Time-MoE,0.5003239512443542
Sample 2,Chronos,0.49967607855796814
Sample 3,TimesFM,0.5046318173408508
Sample 3,Chronos,0.4953681528568268
Sample 4,Time-MoE,0.50030916929245
Sample 4,Timer,0.49969080090522766
Sample 5,TimesFM,0.5046291947364807
Sample 5,Timer,0.4953708052635193
Sample 6,Chronos,0.5025713443756104
Sample 6,TimesFM,0.49742865562438965
Sample 7,Moirai,0.5650757551193237
Sample 7,Time-MoE,0.43492427468299866
Sample 8,Moirai,0.6223164796829224
Sample 8,Time-MoE,0.37768349051475525
Sample 9,TimesFM,0.5017125010490417
Sample 9,Moirai,0.49828749895095825
Sample 10,Moirai,0.5036575794219971
Sample 10,Time-MoE,0.4963424503803253
Sample 11,Moirai,0.5145639777183533
Sample 11,Time-MoE,0.48543599247932434
Sample 12,Chronos,0.5078732371330261
Sample 12,Timer,0.4921267628669739
Sample 13,Moirai,0.5086570978164673
Sample 13,TimesFM,0.4913428723812103
Sample 14,TimesFM,0.5098828077316284
Sample 14,Chronos,0.49011725187301636
Sample 15,Moirai,0.5595924258232117
Sample 15,Time-MoE,0.4404076337814331
Sample 16,Moirai,0.655688464641571
Sample 16,Time-MoE,0.34431150555610657
Sample 17,Moirai,0.5048392415046692
Sample 17,TimesFM,0.49516069889068604
Sample 18,Time-MoE,0.5066038966178894
Sample 18,Timer,0.4933960437774658
Sample 19,TimesFM,0.5025777220726013
Sample 19,Moirai,0.4974222481250763
Sample 20,Moirai,0.5022198557853699
Sample 20,Chronos,0.4977801442146301
Sample 21,Moirai,0.507308304309845
Sample 21,TimesFM,0.49269166588783264
Sample 22,Chronos,0.5011966228485107
Sample 22,Timer,0.49880337715148926
Sample 23,Time-MoE,0.5004360675811768
Sample 23,Timer,0.49956393241882324
Sample 24,Moirai,0.5971229076385498
Sample 24,Time-MoE,0.4028770625591278
Sample 25,TimesFM,0.5045501589775085
Sample 25,Chronos,0.49544984102249146
Sample 26,Time-MoE,0.5015316009521484
Sample 26,Chronos,0.49846839904785156
Sample 27,TimesFM,0.5091851949691772
Sample 27,Timer,0.49081477522850037
Sample 28,Moirai,0.501291036605835
Sample 28,Chronos,0.49870893359184265
Sample 29,TimesFM,0.5076138973236084
Sample 29,Chronos,0.492386132478714
Sample 30,Timer,0.5000345706939697
Sample 30,TimesFM,0.4999653995037079
Sample 31,Moirai,0.5550288558006287
Sample 31,Time-MoE,0.44497114419937134
Sample 0,Moirai,0.612614095211029
Sample 0,Time-MoE,0.38738590478897095
Sample 1,Moirai,0.5052964091300964
Sample 1,TimesFM,0.49470359086990356
Sample 2,Moirai,0.5013985633850098
Sample 2,TimesFM,0.49860143661499023
Sample 3,TimesFM,0.5059232711791992
Sample 3,Chronos,0.4940767288208008
Sample 4,Moirai,0.5521386861801147
Sample 4,Time-MoE,0.44786128401756287
Sample 5,Chronos,0.5023128390312195
Sample 5,TimesFM,0.4976871609687805
Sample 6,Timer,0.5004938244819641
Sample 6,Chronos,0.4995062053203583
Sample 7,Moirai,0.5569905042648315
Sample 7,Time-MoE,0.44300946593284607
Sample 8,Moirai,0.6057001352310181
Sample 8,Time-MoE,0.39429980516433716
Sample 9,TimesFM,0.504253625869751
Sample 9,Chronos,0.495746374130249
Sample 10,Moirai,0.5050348043441772
Sample 10,Chronos,0.49496522545814514
Sample 11,TimesFM,0.5056707262992859
Sample 11,Chronos,0.4943292438983917
Sample 12,Chronos,0.5002892017364502
Sample 12,Timer,0.4997108280658722
Sample 13,TimesFM,0.5066971182823181
Sample 13,Chronos,0.4933028817176819
Sample 14,TimesFM,0.5010102391242981
Sample 14,Time-MoE,0.4989897608757019
Sample 15,Moirai,0.5342257022857666
Sample 15,Time-MoE,0.4657742977142334
Sample 16,Moirai,0.5692365169525146
Sample 16,TimesFM,0.43076348304748535
Sample 17,TimesFM,0.503990650177002
Sample 17,Chronos,0.49600932002067566
Sample 18,Time-MoE,0.5025635957717896
Sample 18,Timer,0.49743637442588806
Sample 19,Moirai,0.5554780960083008
Sample 19,TimesFM,0.4445219337940216
Sample 20,Chronos,0.5016590356826782
Sample 20,Timer,0.49834099411964417
Sample 21,TimesFM,0.5079856514930725
Sample 21,Chronos,0.4920143783092499
Sample 22,Chronos,0.50567626953125
Sample 22,TimesFM,0.4943237006664276
Sample 23,Time-MoE,0.5010254979133606
Sample 23,TimesFM,0.498974472284317
Sample 24,Moirai,0.5998088121414185
Sample 24,Time-MoE,0.40019115805625916
Sample 25,TimesFM,0.5041026473045349
Sample 25,Timer,0.4958973228931427
Sample 26,Moirai,0.5045291185379028
Sample 26,Time-MoE,0.49547091126441956
Sample 27,TimesFM,0.5095019936561584
Sample 27,Timer,0.49049800634384155
Sample 28,Timer,0.5003653168678284
Sample 28,Time-MoE,0.49963462352752686
Sample 29,TimesFM,0.5059102177619934
Sample 29,Chronos,0.4940897226333618
Sample 30,TimesFM,0.5013478398323059
Sample 30,Timer,0.4986521303653717
Sample 31,Moirai,0.519687831401825
Sample 31,Time-MoE,0.4803121089935303
Sample 0,Moirai,0.628056526184082
Sample 0,Time-MoE,0.37194347381591797
Sample 1,Moirai,0.510840654373169
Sample 1,TimesFM,0.48915934562683105
Sample 2,Moirai,0.5385267734527588
Sample 2,Chronos,0.4614731967449188
Sample 3,Moirai,0.5037645697593689
Sample 3,TimesFM,0.4962354004383087
Sample 4,Chronos,0.5025501251220703
Sample 4,TimesFM,0.4974498450756073
Sample 5,Moirai,0.5639705657958984
Sample 5,TimesFM,0.43602943420410156
Sample 6,Moirai,0.5243792533874512
Sample 6,TimesFM,0.47562071681022644
Sample 7,Moirai,0.5327702760696411
Sample 7,Time-MoE,0.4672296941280365
Sample 8,Moirai,0.6796136498451233
Sample 8,Time-MoE,0.3203863501548767
Sample 9,TimesFM,0.5038276314735413
Sample 9,Chronos,0.49617239832878113
Sample 10,Chronos,0.5002623200416565
Sample 10,Timer,0.49973762035369873
Sample 11,TimesFM,0.5077322125434875
Sample 11,Timer,0.49226781725883484
Sample 12,Moirai,0.5333808660507202
Sample 12,Chronos,0.4666191637516022
Sample 13,TimesFM,0.5011123418807983
Sample 13,Chronos,0.49888765811920166
Sample 14,TimesFM,0.502548336982727
Sample 14,Timer,0.49745166301727295
Sample 15,Moirai,0.5568758249282837
Sample 15,Time-MoE,0.4431241750717163
Sample 16,Moirai,0.6681699752807617
Sample 16,Time-MoE,0.33183008432388306
Sample 17,Chronos,0.5000226497650146
Sample 17,TimesFM,0.49997738003730774
Sample 18,Moirai,0.5310224890708923
Sample 18,Time-MoE,0.46897754073143005
Sample 19,TimesFM,0.5072869062423706
Sample 19,Timer,0.4927131235599518
Sample 20,Chronos,0.500242292881012
Sample 20,Timer,0.49975767731666565
Sample 21,TimesFM,0.5035805702209473
Sample 21,Chronos,0.49641942977905273
Sample 22,Moirai,0.5268866419792175
Sample 22,Chronos,0.47311335802078247
Sample 23,Moirai,0.5380163192749023
Sample 23,Time-MoE,0.46198371052742004
Sample 24,Moirai,0.6313228607177734
Sample 24,Time-MoE,0.3686770796775818
Sample 25,TimesFM,0.5048370957374573
Sample 25,Timer,0.4951629042625427
Sample 26,Moirai,0.5192468166351318
Sample 26,Chronos,0.48075321316719055
Sample 27,TimesFM,0.5070145726203918
Sample 27,Timer,0.49298539757728577
Sample 28,Moirai,0.5390620231628418
Sample 28,Chronos,0.4609379470348358
Sample 29,TimesFM,0.5052503347396851
Sample 29,Timer,0.49474960565567017
Sample 30,TimesFM,0.5007697343826294
Sample 30,Chronos,0.499230295419693
Sample 31,Moirai,0.5589413642883301
Sample 31,Time-MoE,0.44105857610702515
Sample 0,Moirai,0.6556848287582397
Sample 0,TimesFM,0.34431517124176025
Sample 1,TimesFM,0.5044636726379395
Sample 1,Timer,0.4955363869667053
Sample 2,Chronos,0.5001915693283081
Sample 2,TimesFM,0.4998084306716919
Sample 3,TimesFM,0.5073469877243042
Sample 3,Timer,0.4926529824733734
Sample 4,Moirai,0.5070402026176453
Sample 4,Chronos,0.4929598271846771
Sample 5,TimesFM,0.5040020942687988
Sample 5,Timer,0.4959978759288788
Sample 6,Moirai,0.5004685521125793
Sample 6,TimesFM,0.49953144788742065
Sample 7,Moirai,0.5596238374710083
Sample 7,Time-MoE,0.4403761923313141
Sample 8,Moirai,0.644001841545105
Sample 8,Time-MoE,0.35599812865257263
Sample 9,TimesFM,0.5046406984329224
Sample 9,Timer,0.49535927176475525
Sample 10,Moirai,0.5170761346817017
Sample 10,Time-MoE,0.4829238951206207
Sample 11,Moirai,0.5560789108276367
Sample 11,TimesFM,0.44392114877700806
Sample 12,Chronos,0.5097066164016724
Sample 12,Timer,0.49029338359832764
Sample 13,TimesFM,0.5003642439842224
Sample 13,Moirai,0.4996357262134552
Sample 14,Chronos,0.50047367811203
Sample 14,TimesFM,0.49952635169029236
Sample 15,Time-MoE,0.502500057220459
Sample 15,Timer,0.497499942779541
Sample 16,Moirai,0.6109181642532349
Sample 16,TimesFM,0.38908180594444275
Sample 17,TimesFM,0.5039713382720947
Sample 17,Chronos,0.4960286617279053
Sample 18,Moirai,0.5120882391929626
Sample 18,Chronos,0.48791176080703735
Sample 19,TimesFM,0.5068762898445129
Sample 19,Timer,0.4931236803531647
Sample 20,Chronos,0.5011332035064697
Sample 20,Timer,0.4988667666912079
Sample 21,TimesFM,0.5084771513938904
Sample 21,Timer,0.491522878408432
Sample 22,TimesFM,0.5022534132003784
Sample 22,Chronos,0.4977465867996216
Sample 23,Moirai,0.5141488909721375
Sample 23,Time-MoE,0.48585107922554016
Sample 24,Moirai,0.6774346828460693
Sample 24,Time-MoE,0.32256531715393066
Sample 25,TimesFM,0.5037403106689453
Sample 25,Chronos,0.4962596595287323
Sample 26,Moirai,0.5161439776420593
Sample 26,TimesFM,0.48385605216026306
Sample 27,TimesFM,0.5083566904067993
Sample 27,Timer,0.49164336919784546
Sample 28,Moirai,0.542837381362915
Sample 28,Chronos,0.45716264843940735
Sample 29,Time-MoE,0.5009311437606812
Sample 29,Timer,0.49906888604164124
Sample 30,Chronos,0.500737726688385
Sample 30,TimesFM,0.4992622435092926
Sample 31,Moirai,0.5759573578834534
Sample 31,Time-MoE,0.424042671918869
Sample 0,Moirai,0.6587231755256653
Sample 0,Time-MoE,0.34127676486968994
Sample 1,TimesFM,0.5041521191596985
Sample 1,Chronos,0.4958479106426239
Sample 2,Time-MoE,0.5019423961639404
Sample 2,Timer,0.4980575740337372
Sample 3,TimesFM,0.5067283511161804
Sample 3,Timer,0.4932716190814972
Sample 4,Moirai,0.5094028115272522
Sample 4,Chronos,0.4905971884727478
Sample 5,TimesFM,0.5040299892425537
Sample 5,Chronos,0.4959700107574463
Sample 6,Moirai,0.5070191621780396
Sample 6,Chronos,0.4929807782173157
Sample 7,Moirai,0.5378418564796448
Sample 7,Time-MoE,0.46215808391571045
Sample 8,Moirai,0.6490713953971863
Sample 8,Time-MoE,0.35092857480049133
Sample 9,TimesFM,0.5016005635261536
Sample 9,Moirai,0.4983994960784912
Sample 10,Moirai,0.5224475264549255
Sample 10,TimesFM,0.4775524139404297
Sample 11,Moirai,0.506261944770813
Sample 11,TimesFM,0.4937380254268646
Sample 12,Time-MoE,0.5000514388084412
Sample 12,TimesFM,0.4999485909938812
Sample 13,TimesFM,0.5039979815483093
Sample 13,Timer,0.4960019886493683
Sample 14,Chronos,0.5014109015464783
Sample 14,Time-MoE,0.4985891282558441
Sample 15,Moirai,0.5400257110595703
Sample 15,Time-MoE,0.4599742591381073
Sample 16,Moirai,0.6421160697937012
Sample 16,Time-MoE,0.3578839898109436
Sample 17,Moirai,0.5041067004203796
Sample 17,TimesFM,0.4958932399749756
Sample 18,Moirai,0.5557869672775269
Sample 18,Time-MoE,0.44421303272247314
Sample 19,TimesFM,0.5054755210876465
Sample 19,Chronos,0.4945245087146759
Sample 20,TimesFM,0.502281129360199
Sample 20,Timer,0.497718870639801
Sample 21,TimesFM,0.5065407752990723
Sample 21,Moirai,0.49345922470092773
Sample 22,Chronos,0.5021575093269348
Sample 22,TimesFM,0.49784255027770996
Sample 23,Moirai,0.5534511208534241
Sample 23,Time-MoE,0.44654884934425354
Sample 24,Moirai,0.6368513107299805
Sample 24,TimesFM,0.3631487190723419
Sample 25,TimesFM,0.5057212710380554
Sample 25,Timer,0.49427875876426697
Sample 26,Moirai,0.510861873626709
Sample 26,Time-MoE,0.489138126373291
Sample 27,TimesFM,0.5047488808631897
Sample 27,Chronos,0.4952511191368103
Sample 28,Time-MoE,0.5017310976982117
Sample 28,Timer,0.4982689321041107
Sample 29,TimesFM,0.5066977739334106
Sample 29,Timer,0.49330219626426697
Sample 30,Moirai,0.5137695670127869
Sample 30,Chronos,0.48623037338256836
Sample 31,Time-MoE,0.5023381114006042
Sample 31,Timer,0.49766188859939575
Sample 0,Moirai,0.5740389823913574
Sample 0,TimesFM,0.4259610176086426
Sample 1,TimesFM,0.5042213797569275
Sample 1,Chronos,0.4957785904407501
Sample 2,Time-MoE,0.5018215179443359
Sample 2,Moirai,0.49817848205566406
Sample 3,TimesFM,0.5063202381134033
Sample 3,Timer,0.49367982149124146
Sample 4,Chronos,0.5014365911483765
Sample 4,Timer,0.49856337904930115
Sample 5,TimesFM,0.5070382952690125
Sample 5,Chronos,0.49296173453330994
Sample 6,TimesFM,0.5032511949539185
Sample 6,Chronos,0.49674880504608154
Sample 7,Moirai,0.527691662311554
Sample 7,Time-MoE,0.47230827808380127
Sample 8,Moirai,0.6826866865158081
Sample 8,Time-MoE,0.3173132836818695
Sample 9,TimesFM,0.5044229626655579
Sample 9,Timer,0.4955770969390869
Sample 10,Time-MoE,0.5037246346473694
Sample 10,Timer,0.496275395154953
Sample 11,TimesFM,0.5070656538009644
Sample 11,Timer,0.49293434619903564
Sample 12,Chronos,0.5048568844795227
Sample 12,Moirai,0.4951430857181549
Sample 13,TimesFM,0.5052313804626465
Sample 13,Timer,0.4947686493396759
Sample 14,TimesFM,0.5014366507530212
Sample 14,Timer,0.49856334924697876
Sample 15,Moirai,0.55299973487854
Sample 15,Time-MoE,0.44700029492378235
Sample 0,Moirai,0.6834649443626404
Sample 0,Time-MoE,0.3165350556373596
Sample 1,TimesFM,0.5037354826927185
Sample 1,Chronos,0.4962645173072815
Sample 2,Chronos,0.5006999373435974
Sample 2,Timer,0.4993000626564026
Sample 3,TimesFM,0.5074837803840637
Sample 3,Timer,0.49251624941825867
Sample 4,Chronos,0.5048996806144714
Sample 4,Moirai,0.49510031938552856
Sample 5,TimesFM,0.5024678111076355
Sample 5,Chronos,0.4975321888923645
Sample 6,Timer,0.5001419186592102
Sample 6,TimesFM,0.4998580813407898
Sample 7,Moirai,0.5618398785591125
Sample 7,Time-MoE,0.43816012144088745
Sample 8,Moirai,0.6713059544563293
Sample 8,Time-MoE,0.3286939859390259
Sample 9,TimesFM,0.5042775273323059
Sample 9,Timer,0.4957224726676941
Sample 10,Time-MoE,0.5069262385368347
Sample 10,Moirai,0.4930737614631653
Sample 11,TimesFM,0.5083885192871094
Sample 11,Timer,0.49161145091056824
Sample 12,Moirai,0.5395204424858093
Sample 12,Chronos,0.46047961711883545
Sample 13,TimesFM,0.5062292814254761
Sample 13,Chronos,0.49377068877220154
Sample 14,Time-MoE,0.5002993941307068
Sample 14,Timer,0.4997006058692932
Sample 15,Moirai,0.5615498423576355
Sample 15,Time-MoE,0.4384501278400421
Sample 16,Moirai,0.621981143951416
Sample 16,Time-MoE,0.378018856048584
Sample 17,TimesFM,0.5001677870750427
Sample 17,Moirai,0.49983224272727966
Sample 18,Moirai,0.5113505721092224
Sample 18,Chronos,0.4886494576931
Sample 19,TimesFM,0.5058437585830688
Sample 19,Timer,0.49415624141693115
Sample 20,Moirai,0.5407724380493164
Sample 20,Time-MoE,0.4592275619506836
Sample 21,TimesFM,0.5085055232048035
Sample 21,Timer,0.4914945065975189
Sample 22,TimesFM,0.5022175312042236
Sample 22,Chronos,0.497782438993454
Sample 23,Timer,0.5006968975067139
Sample 23,Time-MoE,0.49930304288864136
Sample 24,Moirai,0.6355445981025696
Sample 24,Time-MoE,0.36445534229278564
Sample 25,TimesFM,0.5040905475616455
Sample 25,Chronos,0.4959094226360321
Sample 26,Moirai,0.5609043836593628
Sample 26,TimesFM,0.4390955865383148
Sample 27,Moirai,0.527128279209137
Sample 27,TimesFM,0.47287169098854065
Sample 28,Chronos,0.5025656223297119
Sample 28,Time-MoE,0.49743443727493286
Sample 29,TimesFM,0.5061978697776794
Sample 29,Chronos,0.49380210041999817
Sample 30,TimesFM,0.5012438893318176
Sample 30,Time-MoE,0.49875608086586
Sample 31,Moirai,0.5374616384506226
Sample 31,Time-MoE,0.46253839135169983
Sample 0,Moirai,0.635192334651947
Sample 0,TimesFM,0.36480769515037537
Sample 1,Moirai,0.5044687390327454
Sample 1,TimesFM,0.49553123116493225
Sample 2,Time-MoE,0.5002135634422302
Sample 2,Chronos,0.49978649616241455
Sample 3,TimesFM,0.505682647228241
Sample 3,Chronos,0.49431735277175903
Sample 4,Time-MoE,0.5006076097488403
Sample 4,TimesFM,0.4993923604488373
Sample 5,TimesFM,0.5054837465286255
Sample 5,Timer,0.4945162832736969
Sample 6,Chronos,0.5026630759239197
Sample 6,TimesFM,0.4973369538784027
Sample 7,Moirai,0.5660189390182495
Sample 7,Time-MoE,0.4339810609817505
Sample 8,Moirai,0.6254538297653198
Sample 8,Time-MoE,0.3745461702346802
Sample 9,TimesFM,0.5021489262580872
Sample 9,Moirai,0.49785107374191284
Sample 10,Moirai,0.5042970180511475
Sample 10,Time-MoE,0.49570292234420776
Sample 11,Moirai,0.5153655409812927
Sample 11,Time-MoE,0.48463448882102966
Sample 12,Chronos,0.5084699392318726
Sample 12,Timer,0.49153009057044983
Sample 13,Moirai,0.508365273475647
Sample 13,TimesFM,0.491634726524353
Sample 14,TimesFM,0.5106661319732666
Sample 14,Chronos,0.4893338680267334
Sample 15,Moirai,0.5608066916465759
Sample 15,Time-MoE,0.4391932785511017
Sample 16,Moirai,0.6591012477874756
Sample 16,Time-MoE,0.3408987522125244
Sample 17,Moirai,0.5046022534370422
Sample 17,TimesFM,0.49539777636528015
Sample 18,Time-MoE,0.5069759488105774
Sample 18,Chronos,0.4930240511894226
Sample 19,TimesFM,0.5030174851417542
Sample 19,Moirai,0.49698251485824585
Sample 20,Moirai,0.5028112530708313
Sample 20,Chronos,0.4971887767314911
Sample 21,Moirai,0.507015585899353
Sample 21,TimesFM,0.492984414100647
Sample 22,Chronos,0.5011583566665649
Sample 22,Timer,0.49884164333343506
Sample 23,Time-MoE,0.5013812184333801
Sample 23,Timer,0.49861881136894226
Sample 24,Moirai,0.6001698970794678
Sample 24,TimesFM,0.39983007311820984
Sample 25,TimesFM,0.5054460167884827
Sample 25,Timer,0.49455398321151733
Sample 26,Time-MoE,0.5012071132659912
Sample 26,Chronos,0.4987928569316864
Sample 27,TimesFM,0.5102958083152771
Sample 27,Timer,0.4897041916847229
Sample 28,Moirai,0.5007592439651489
Sample 28,Chronos,0.4992407560348511
Sample 29,TimesFM,0.5089635252952576
Sample 29,Chronos,0.49103647470474243
Sample 30,TimesFM,0.5004226565361023
Sample 30,Timer,0.4995773434638977
Sample 31,Moirai,0.555628776550293
Sample 31,Time-MoE,0.4443712532520294
Sample 0,Moirai,0.6149714589118958
Sample 0,Time-MoE,0.38502857089042664
Sample 1,Moirai,0.5054323673248291
Sample 1,TimesFM,0.4945676922798157
Sample 2,Moirai,0.5011973977088928
Sample 2,TimesFM,0.49880263209342957
Sample 3,TimesFM,0.5066466331481934
Sample 3,Chronos,0.49335339665412903
Sample 4,Moirai,0.553371787071228
Sample 4,Time-MoE,0.44662824273109436
Sample 5,Chronos,0.5022708177566528
Sample 5,TimesFM,0.4977291524410248
Sample 6,Timer,0.5003107786178589
Sample 6,Chronos,0.4996892511844635
Sample 7,Moirai,0.5582985877990723
Sample 7,Time-MoE,0.44170138239860535
Sample 8,Moirai,0.6075915098190308
Sample 8,Time-MoE,0.39240843057632446
Sample 9,TimesFM,0.5045846700668335
Sample 9,Timer,0.4954153597354889
Sample 10,Moirai,0.50555020570755
Sample 10,Chronos,0.49444976449012756
Sample 11,TimesFM,0.5058441758155823
Sample 11,Chronos,0.4941558241844177
Sample 12,Chronos,0.5007956624031067
Sample 12,Timer,0.4992043077945709
Sample 13,TimesFM,0.5075811743736267
Sample 13,Chronos,0.4924188256263733
Sample 14,TimesFM,0.5012874603271484
Sample 14,Timer,0.4987124800682068
Sample 15,Moirai,0.5345124006271362
Sample 15,Time-MoE,0.4654875695705414
Sample 16,Moirai,0.5712255835533142
Sample 16,TimesFM,0.4287744164466858
Sample 17,TimesFM,0.504647433757782
Sample 17,Chronos,0.49535253643989563
Sample 18,Time-MoE,0.5031047463417053
Sample 18,Chronos,0.4968951940536499
Sample 19,Moirai,0.5570694208145142
Sample 19,TimesFM,0.44293054938316345
Sample 20,Chronos,0.5022207498550415
Sample 20,Timer,0.4977792799472809
Sample 21,TimesFM,0.5088667869567871
Sample 21,Chronos,0.4911332428455353
Sample 22,Chronos,0.5062071681022644
Sample 22,TimesFM,0.4937928318977356
Sample 23,Time-MoE,0.5010303854942322
Sample 23,TimesFM,0.4989696741104126
Sample 24,Moirai,0.6016331315040588
Sample 24,Time-MoE,0.3983668386936188
Sample 25,TimesFM,0.5043131709098816
Sample 25,Timer,0.495686799287796
Sample 26,Moirai,0.5045391321182251
Sample 26,Time-MoE,0.4954608976840973
Sample 27,TimesFM,0.5104783773422241
Sample 27,Timer,0.48952168226242065
Sample 28,Time-MoE,0.5003347992897034
Sample 28,Timer,0.499665230512619
Sample 29,TimesFM,0.5066140294075012
Sample 29,Chronos,0.4933859705924988
Sample 30,TimesFM,0.5015687942504883
Sample 30,Timer,0.4984312057495117
Sample 31,Moirai,0.519510805606842
Sample 31,Time-MoE,0.48048919439315796
Sample 0,Moirai,0.6310949921607971
Sample 0,Time-MoE,0.3689049780368805
Sample 1,Moirai,0.5115430355072021
Sample 1,TimesFM,0.48845696449279785
Sample 2,Moirai,0.539544403553009
Sample 2,Chronos,0.46045559644699097
Sample 3,Moirai,0.5042229890823364
Sample 3,TimesFM,0.4957770109176636
Sample 4,Chronos,0.5026863217353821
Sample 4,TimesFM,0.4973136782646179
Sample 5,Moirai,0.5659896731376648
Sample 5,TimesFM,0.4340102970600128
Sample 6,Moirai,0.5247483849525452
Sample 6,Timer,0.47525155544281006
Sample 7,Moirai,0.5335978269577026
Sample 7,Time-MoE,0.466402143239975
Sample 8,Moirai,0.6833270788192749
Sample 8,Timer,0.3166729211807251
Sample 9,TimesFM,0.5039172172546387
Sample 9,Timer,0.4960828125476837
Sample 10,Chronos,0.500649631023407
Sample 10,TimesFM,0.4993503987789154
Sample 11,TimesFM,0.5081923007965088
Sample 11,Timer,0.4918076992034912
Sample 12,Moirai,0.5338053703308105
Sample 12,Chronos,0.46619462966918945
Sample 13,TimesFM,0.5012775659561157
Sample 13,Chronos,0.49872246384620667
Sample 14,TimesFM,0.5026174187660217
Sample 14,Timer,0.49738261103630066
Sample 15,Moirai,0.5579448938369751
Sample 15,Time-MoE,0.4420551359653473
Sample 16,Moirai,0.6722263097763062
Sample 16,Chronos,0.32777366042137146
Sample 17,Chronos,0.5003153085708618
Sample 17,TimesFM,0.4996846914291382
Sample 18,Moirai,0.5316944718360901
Sample 18,Time-MoE,0.4683055281639099
Sample 19,TimesFM,0.5080175399780273
Sample 19,Timer,0.49198243021965027
Sample 20,Chronos,0.5006663203239441
Sample 20,Timer,0.4993336498737335
Sample 21,TimesFM,0.5037786960601807
Sample 21,Chronos,0.4962213635444641
Sample 22,Moirai,0.527599573135376
Sample 22,Timer,0.472400426864624
Sample 23,Moirai,0.5386773943901062
Sample 23,Time-MoE,0.4613226056098938
Sample 24,Moirai,0.6339390277862549
Sample 24,Timer,0.36606094241142273
Sample 25,TimesFM,0.5050145983695984
Sample 25,Timer,0.4949853718280792
Sample 26,Moirai,0.5192702412605286
Sample 26,Chronos,0.48072972893714905
Sample 27,TimesFM,0.5075387358665466
Sample 27,Timer,0.49246132373809814
Sample 28,Moirai,0.5395330190658569
Sample 28,Chronos,0.46046698093414307
Sample 29,TimesFM,0.5061376094818115
Sample 29,Timer,0.4938623905181885
Sample 30,TimesFM,0.5005273222923279
Sample 30,Timer,0.49947261810302734
Sample 31,Moirai,0.5600975155830383
Sample 31,Time-MoE,0.43990248441696167
Sample 0,Moirai,0.6595035195350647
Sample 0,Timer,0.3404965102672577
Sample 1,TimesFM,0.5039816498756409
Sample 1,Timer,0.4960184097290039
Sample 2,Chronos,0.5005999803543091
Sample 2,TimesFM,0.4994000196456909
Sample 3,TimesFM,0.5071925520896912
Sample 3,Timer,0.4928074777126312
Sample 4,Moirai,0.5072361826896667
Sample 4,Chronos,0.49276381731033325
Sample 5,TimesFM,0.503964900970459
Sample 5,Timer,0.49603506922721863
Sample 6,Moirai,0.5015103816986084
Sample 6,TimesFM,0.4984896183013916
Sample 7,Moirai,0.561073362827301
Sample 7,Time-MoE,0.43892666697502136
Sample 8,Moirai,0.6476235389709473
Sample 8,Time-MoE,0.35237646102905273
Sample 9,TimesFM,0.5041493773460388
Sample 9,Timer,0.4958505928516388
Sample 10,Moirai,0.51740562915802
Sample 10,Time-MoE,0.48259437084198
Sample 11,Moirai,0.5582545399665833
Sample 11,TimesFM,0.44174546003341675
Sample 12,Chronos,0.510454535484314
Sample 12,Timer,0.48954546451568604
Sample 13,Moirai,0.5001447200775146
Sample 13,TimesFM,0.49985530972480774
Sample 14,Chronos,0.5008732080459595
Sample 14,TimesFM,0.4991268217563629
Sample 15,Time-MoE,0.5032141208648682
Sample 15,Timer,0.49678587913513184
Sample 16,Moirai,0.6145132184028625
Sample 16,TimesFM,0.38548678159713745
Sample 17,TimesFM,0.5037932395935059
Sample 17,Chronos,0.49620679020881653
Sample 18,Moirai,0.5124532580375671
Sample 18,Chronos,0.4875467121601105
Sample 19,TimesFM,0.5079761147499084
Sample 19,Timer,0.49202391505241394
Sample 20,Chronos,0.5014123916625977
Sample 20,Time-MoE,0.4985876679420471
Sample 21,TimesFM,0.5084769129753113
Sample 21,Timer,0.4915231168270111
Sample 22,TimesFM,0.5016738176345825
Sample 22,Chronos,0.4983261823654175
Sample 23,Moirai,0.5141611695289612
Sample 23,Time-MoE,0.4858388602733612
Sample 24,Moirai,0.6816152334213257
Sample 24,Time-MoE,0.3183847665786743
Sample 25,TimesFM,0.5034375190734863
Sample 25,Chronos,0.4965624511241913
Sample 26,Moirai,0.5167898535728455
Sample 26,TimesFM,0.4832102060317993
Sample 27,TimesFM,0.5083309412002563
Sample 27,Timer,0.4916691184043884
Sample 28,Moirai,0.5436269044876099
Sample 28,Chronos,0.4563731253147125
Sample 29,Time-MoE,0.5009133219718933
Sample 29,Timer,0.4990866780281067
Sample 30,Chronos,0.500713050365448
Sample 30,Timer,0.4992869794368744
Sample 31,Moirai,0.5778392553329468
Sample 31,Time-MoE,0.4221607446670532
Sample 0,Moirai,0.6626138687133789
Sample 0,Time-MoE,0.3373861014842987
Sample 1,TimesFM,0.5035194158554077
Sample 1,Chronos,0.4964806139469147
Sample 2,Time-MoE,0.5019680261611938
Sample 2,Timer,0.49803194403648376
Sample 3,TimesFM,0.5063278675079346
Sample 3,Timer,0.49367210268974304
Sample 4,Moirai,0.5091345906257629
Sample 4,Chronos,0.49086540937423706
Sample 5,TimesFM,0.5034534335136414
Sample 5,Chronos,0.49654656648635864
Sample 6,Moirai,0.5072293281555176
Sample 6,Chronos,0.4927707016468048
Sample 7,Moirai,0.5388332605361938
Sample 7,Time-MoE,0.46116670966148376
Sample 8,Moirai,0.6521748304367065
Sample 8,Timer,0.34782519936561584
Sample 9,TimesFM,0.5005318522453308
Sample 9,Moirai,0.4994680881500244
Sample 10,Moirai,0.5235533714294434
Sample 10,TimesFM,0.47644665837287903
Sample 11,Moirai,0.5075402855873108
Sample 11,TimesFM,0.4924596846103668
Sample 12,TimesFM,0.5000539422035217
Sample 12,Time-MoE,0.4999460279941559
Sample 13,TimesFM,0.5050931572914124
Sample 13,Timer,0.49490684270858765
Sample 14,Chronos,0.5016825199127197
Sample 14,Time-MoE,0.4983174800872803
Sample 15,Moirai,0.5410646200180054
Sample 15,Time-MoE,0.45893537998199463
Sample 16,Moirai,0.645715594291687
Sample 16,Time-MoE,0.354284405708313
Sample 17,Moirai,0.5053054690361023
Sample 17,TimesFM,0.4946945309638977
Sample 18,Moirai,0.5570394396781921
Sample 18,Chronos,0.44296056032180786
Sample 19,TimesFM,0.5049811005592346
Sample 19,Chronos,0.495018869638443
Sample 20,TimesFM,0.5025147199630737
Sample 20,Timer,0.4974852502346039
Sample 21,TimesFM,0.5058435797691345
Sample 21,Moirai,0.4941564202308655
Sample 22,Chronos,0.5029168725013733
Sample 22,TimesFM,0.4970831573009491
Sample 23,Moirai,0.5546948313713074
Sample 23,Time-MoE,0.445305198431015
Sample 24,Moirai,0.6410080194473267
Sample 24,TimesFM,0.3589920103549957
Sample 25,TimesFM,0.5051966309547424
Sample 25,Timer,0.4948033392429352
Sample 26,Moirai,0.5110249519348145
Sample 26,Time-MoE,0.48897504806518555
Sample 27,TimesFM,0.5043243169784546
Sample 27,Chronos,0.495675653219223
Sample 28,Time-MoE,0.5021083354949951
Sample 28,Timer,0.4978916645050049
Sample 29,TimesFM,0.5063291192054749
Sample 29,Timer,0.49367088079452515
Sample 30,Moirai,0.5137094855308533
Sample 30,Chronos,0.48629051446914673
Sample 31,Time-MoE,0.503215491771698
Sample 31,Timer,0.4967845380306244
Sample 0,Moirai,0.5772915482521057
Sample 0,TimesFM,0.4227084517478943
Sample 1,TimesFM,0.5035780668258667
Sample 1,Chronos,0.4964219927787781
Sample 2,Time-MoE,0.5020379424095154
Sample 2,Moirai,0.497962087392807
Sample 3,TimesFM,0.5060373544692993
Sample 3,Timer,0.4939626455307007
Sample 4,Chronos,0.5019956231117249
Sample 4,Timer,0.49800437688827515
Sample 5,TimesFM,0.5061888694763184
Sample 5,Moirai,0.49381113052368164
Sample 6,TimesFM,0.5023254752159119
Sample 6,Chronos,0.4976745843887329
Sample 7,Moirai,0.5282867550849915
Sample 7,Time-MoE,0.47171324491500854
Sample 8,Moirai,0.6863182187080383
Sample 8,Timer,0.31368178129196167
Sample 9,TimesFM,0.5035068392753601
Sample 9,Timer,0.4964931309223175
Sample 10,Time-MoE,0.5039710998535156
Sample 10,Timer,0.496028870344162
Sample 11,TimesFM,0.5064723491668701
Sample 11,Timer,0.4935276508331299
Sample 12,Chronos,0.5053569674491882
Sample 12,Moirai,0.49464303255081177
Sample 13,TimesFM,0.504320502281189
Sample 13,Chronos,0.49567946791648865
Sample 14,TimesFM,0.5007001161575317
Sample 14,Timer,0.49929988384246826
Sample 15,Moirai,0.5542855262756348
Sample 15,Time-MoE,0.44571447372436523
Sample 0,Moirai,0.6874693036079407
Sample 0,Timer,0.3125307261943817
Sample 1,TimesFM,0.5025194883346558
Sample 1,Chronos,0.49748048186302185
Sample 2,Chronos,0.5010170340538025
Sample 2,Timer,0.4989830255508423
Sample 3,TimesFM,0.5067229270935059
Sample 3,Timer,0.49327701330184937
Sample 4,Chronos,0.5050658583641052
Sample 4,Moirai,0.4949341416358948
Sample 5,TimesFM,0.5012252926826477
Sample 5,Chronos,0.4987747073173523
Sample 6,Timer,0.5011867880821228
Sample 6,TimesFM,0.4988132119178772
Sample 7,Moirai,0.5633796453475952
Sample 7,Time-MoE,0.4366203844547272
Sample 8,Moirai,0.6753803491592407
Sample 8,Time-MoE,0.32461968064308167
Sample 9,TimesFM,0.5032169222831726
Sample 9,Chronos,0.4967830777168274
Sample 10,Time-MoE,0.5073758363723755
Sample 10,Chronos,0.4926241338253021
Sample 11,TimesFM,0.5077793002128601
Sample 11,Timer,0.4922207295894623
Sample 12,Moirai,0.5399221777915955
Sample 12,Chronos,0.46007785201072693
Sample 13,TimesFM,0.505271315574646
Sample 13,Chronos,0.494728684425354
Sample 14,Time-MoE,0.5008354783058167
Sample 14,Timer,0.4991644620895386
Sample 15,Moirai,0.5631043910980225
Sample 15,Time-MoE,0.43689554929733276
Sample 16,Moirai,0.6247385144233704
Sample 16,Time-MoE,0.375261515378952
Sample 17,Moirai,0.5014598369598389
Sample 17,TimesFM,0.49854013323783875
Sample 18,Moirai,0.5112279057502747
Sample 18,Chronos,0.48877206444740295
Sample 19,TimesFM,0.5048679709434509
Sample 19,Timer,0.4951320290565491
Sample 20,Moirai,0.541504442691803
Sample 20,Time-MoE,0.4584955871105194
Sample 21,TimesFM,0.5079308152198792
Sample 21,Timer,0.49206918478012085
Sample 22,TimesFM,0.5015360116958618
Sample 22,Chronos,0.4984639883041382
Sample 23,Timer,0.5007086396217346
Sample 23,Time-MoE,0.499291330575943
Sample 24,Moirai,0.6386644840240479
Sample 24,Time-MoE,0.36133548617362976
Sample 25,TimesFM,0.5029881000518799
Sample 25,Chronos,0.49701187014579773
Sample 26,Moirai,0.5635300278663635
Sample 26,Timer,0.4364699125289917
Sample 27,Moirai,0.5287222862243652
Sample 27,TimesFM,0.47127771377563477
Sample 28,Chronos,0.5026739239692688
Sample 28,Time-MoE,0.4973261058330536
Sample 29,TimesFM,0.5052098631858826
Sample 29,Chronos,0.49479013681411743
Sample 30,TimesFM,0.5002503991127014
Sample 30,Time-MoE,0.4997496008872986
Sample 31,Moirai,0.538421630859375
Sample 31,Time-MoE,0.4615783989429474
Sample 0,Moirai,0.6391915082931519
Sample 0,TimesFM,0.36080849170684814
Sample 1,Moirai,0.5064729452133179
Sample 1,TimesFM,0.49352705478668213
Sample 2,Time-MoE,0.5000105500221252
Sample 2,Chronos,0.49998944997787476
Sample 3,TimesFM,0.5043749213218689
Sample 3,Chronos,0.4956250786781311
Sample 4,Time-MoE,0.500262439250946
Sample 4,TimesFM,0.49973753094673157
Sample 5,TimesFM,0.504336416721344
Sample 5,Timer,0.495663583278656
Sample 6,Chronos,0.5034744143486023
Sample 6,Timer,0.4965255558490753
Sample 7,Moirai,0.567683756351471
Sample 7,Time-MoE,0.43231627345085144
Sample 8,Moirai,0.6281285881996155
Sample 8,Time-MoE,0.3718714416027069
Sample 9,TimesFM,0.5004078149795532
Sample 9,Moirai,0.49959224462509155
Sample 10,Moirai,0.504324734210968
Sample 10,Time-MoE,0.4956752359867096
Sample 11,Moirai,0.5158641338348389
Sample 11,Time-MoE,0.48413586616516113
Sample 12,Chronos,0.5091108679771423
Sample 12,Timer,0.4908891022205353
Sample 13,Moirai,0.510194718837738
Sample 13,TimesFM,0.48980528116226196
Sample 14,TimesFM,0.5100613236427307
Sample 14,Chronos,0.48993873596191406
Sample 15,Moirai,0.5623889565467834
Sample 15,Time-MoE,0.43761104345321655
Sample 16,Moirai,0.6624892950057983
Sample 16,Time-MoE,0.3375106453895569
Sample 17,Moirai,0.5065760612487793
Sample 17,TimesFM,0.4934239089488983
Sample 18,Time-MoE,0.5072908401489258
Sample 18,TimesFM,0.49270913004875183
Sample 19,TimesFM,0.5013443231582642
Sample 19,Moirai,0.49865567684173584
Sample 20,Moirai,0.5030398964881897
Sample 20,Chronos,0.4969601333141327
Sample 21,Moirai,0.5089015960693359
Sample 21,TimesFM,0.49109840393066406
Sample 22,Chronos,0.5014922022819519
Sample 22,Timer,0.4985077381134033
Sample 23,Time-MoE,0.5011603832244873
Sample 23,Timer,0.4988396465778351
Sample 24,Moirai,0.602753221988678
Sample 24,Timer,0.39724674820899963
Sample 25,TimesFM,0.5044043660163879
Sample 25,Timer,0.49559566378593445
Sample 26,Time-MoE,0.5016597509384155
Sample 26,Chronos,0.49834027886390686
Sample 27,TimesFM,0.5098303556442261
Sample 27,Timer,0.4901696443557739
Sample 28,Moirai,0.5003198981285095
Sample 28,Chronos,0.4996800422668457
Sample 29,TimesFM,0.5079733729362488
Sample 29,Chronos,0.4920266568660736
Sample 30,Timer,0.5000852942466736
Sample 30,Chronos,0.49991467595100403
Sample 31,Moirai,0.5570398569107056
Sample 31,Time-MoE,0.44296011328697205
Sample 0,Moirai,0.6175124645233154
Sample 0,Time-MoE,0.38248756527900696
Sample 1,Moirai,0.5074158906936646
Sample 1,TimesFM,0.4925840497016907
Sample 2,Moirai,0.5018202662467957
Sample 2,TimesFM,0.49817973375320435
Sample 3,TimesFM,0.5056138038635254
Sample 3,Chronos,0.4943861961364746
Sample 4,Moirai,0.5546963214874268
Sample 4,Time-MoE,0.44530364871025085
Sample 5,Chronos,0.5026686787605286
Sample 5,Time-MoE,0.49733132123947144
Sample 6,Timer,0.5001816153526306
Sample 6,Chronos,0.4998184144496918
Sample 7,Moirai,0.559729814529419
Sample 7,Time-MoE,0.44027015566825867
Sample 8,Moirai,0.6098817586898804
Sample 8,Time-MoE,0.39011818170547485
Sample 9,TimesFM,0.5032951235771179
Sample 9,Timer,0.49670490622520447
Sample 10,Moirai,0.5057678818702698
Sample 10,Chronos,0.4942321479320526
Sample 11,TimesFM,0.5055291652679443
Sample 11,Chronos,0.49447083473205566
Sample 12,Chronos,0.5008735060691833
Sample 12,Timer,0.49912649393081665
Sample 13,TimesFM,0.5065100789070129
Sample 13,Chronos,0.4934898912906647
Sample 14,TimesFM,0.5001261830329895
Sample 14,Time-MoE,0.4998738765716553
Sample 15,Moirai,0.5354739427566528
Sample 15,Time-MoE,0.46452608704566956
Sample 16,Moirai,0.574836790561676
Sample 16,TimesFM,0.42516326904296875
Sample 17,TimesFM,0.5034365653991699
Sample 17,Chronos,0.49656349420547485
Sample 18,Time-MoE,0.5032652616500854
Sample 18,Chronos,0.49673473834991455
Sample 19,Moirai,0.5599189400672913
Sample 19,TimesFM,0.44008108973503113
Sample 20,Chronos,0.5024044513702393
Sample 20,TimesFM,0.49759557843208313
Sample 21,TimesFM,0.5078414678573608
Sample 21,Chronos,0.49215853214263916
Sample 22,Chronos,0.5077594518661499
Sample 22,Timer,0.4922404885292053
Sample 23,Time-MoE,0.500472366809845
Sample 23,TimesFM,0.49952757358551025
Sample 24,Moirai,0.6039612293243408
Sample 24,Time-MoE,0.3960387408733368
Sample 25,TimesFM,0.5029779672622681
Sample 25,Timer,0.49702200293540955
Sample 26,Moirai,0.504471480846405
Sample 26,Time-MoE,0.49552851915359497
Sample 27,TimesFM,0.510627806186676
Sample 27,Timer,0.489372193813324
Sample 28,Timer,0.5000723600387573
Sample 28,Time-MoE,0.49992766976356506
Sample 29,TimesFM,0.5054400563240051
Sample 29,Chronos,0.4945599138736725
Sample 30,TimesFM,0.5005893111228943
Sample 30,Timer,0.4994106888771057
Sample 31,Moirai,0.5201042294502258
Sample 31,Time-MoE,0.4798957407474518
Sample 0,Moirai,0.634032130241394
Sample 0,Time-MoE,0.36596783995628357
Sample 1,Moirai,0.513678789138794
Sample 1,TimesFM,0.48632124066352844
Sample 2,Moirai,0.5401908159255981
Sample 2,Chronos,0.45980921387672424
Sample 3,Moirai,0.5060334205627441
Sample 3,TimesFM,0.49396660923957825
Sample 4,Chronos,0.5031813383102417
Sample 4,Timer,0.4968186616897583
Sample 5,Moirai,0.5674040913581848
Sample 5,Chronos,0.4325958788394928
Sample 6,Moirai,0.5254036784172058
Sample 6,Timer,0.4745963513851166
Sample 7,Moirai,0.5342422723770142
Sample 7,Time-MoE,0.46575769782066345
Sample 8,Moirai,0.6873059868812561
Sample 8,Timer,0.3126939833164215
Sample 9,TimesFM,0.5023979544639587
Sample 9,Chronos,0.49760207533836365
Sample 10,Chronos,0.5000916719436646
Sample 10,TimesFM,0.49990829825401306
Sample 11,TimesFM,0.5074834823608398
Sample 11,Timer,0.4925164580345154
Sample 12,Moirai,0.5340771675109863
Sample 12,Chronos,0.4659228026866913
Sample 13,TimesFM,0.5000432729721069
Sample 13,Chronos,0.4999566972255707
Sample 14,TimesFM,0.5018914937973022
Sample 14,Timer,0.49810850620269775
Sample 15,Moirai,0.5591171383857727
Sample 15,Timer,0.4408828914165497
Sample 16,Moirai,0.6751944422721863
Sample 16,Chronos,0.32480549812316895
Sample 17,Chronos,0.5015652179718018
Sample 17,TimesFM,0.49843475222587585
Sample 18,Moirai,0.53243488073349
Sample 18,Chronos,0.46756511926651
Sample 19,TimesFM,0.507834792137146
Sample 19,Timer,0.492165207862854
Sample 20,Chronos,0.5007646083831787
Sample 20,Timer,0.4992353916168213
Sample 21,TimesFM,0.5028305053710938
Sample 21,Chronos,0.49716946482658386
Sample 22,Moirai,0.528120219707489
Sample 22,Chronos,0.471879780292511
Sample 23,Moirai,0.5397173762321472
Sample 23,Time-MoE,0.4602825939655304
Sample 24,Moirai,0.6367577314376831
Sample 24,Timer,0.3632422387599945
Sample 25,TimesFM,0.5039369463920593
Sample 25,Timer,0.4960630238056183
Sample 26,Moirai,0.5192298293113708
Sample 26,Chronos,0.48077014088630676
Sample 27,TimesFM,0.5067324638366699
Sample 27,Timer,0.4932675361633301
Sample 28,Moirai,0.5398232936859131
Sample 28,Chronos,0.4601767361164093
Sample 29,TimesFM,0.5056678652763367
Sample 29,Timer,0.49433213472366333
Sample 30,Chronos,0.5001952648162842
Sample 30,Timer,0.4998047351837158
Sample 31,Moirai,0.5616891980171204
Sample 31,Chronos,0.43831080198287964
Sample 0,Moirai,0.6631116271018982
Sample 0,Chronos,0.3368883728981018
Sample 1,TimesFM,0.5027113556861877
Sample 1,Chronos,0.49728861451148987
Sample 2,Chronos,0.5015194416046143
Sample 2,TimesFM,0.49848058819770813
Sample 3,TimesFM,0.5062354803085327
Sample 3,Timer,0.49376457929611206
Sample 4,Moirai,0.5072528123855591
Sample 4,Chronos,0.49274715781211853
Sample 5,TimesFM,0.5029290318489075
Sample 5,Timer,0.4970709979534149
Sample 6,Moirai,0.5035601258277893
Sample 6,Timer,0.4964398741722107
Sample 7,Moirai,0.5625061988830566
Sample 7,Time-MoE,0.43749383091926575
Sample 8,Moirai,0.6503036022186279
Sample 8,Time-MoE,0.34969645738601685
Sample 9,TimesFM,0.5029097199440002
Sample 9,Timer,0.497090220451355
Sample 10,Moirai,0.5176185369491577
Sample 10,Time-MoE,0.4823814928531647
Sample 11,Moirai,0.5609193444252014
Sample 11,TimesFM,0.4390806257724762
Sample 12,Chronos,0.5114274024963379
Sample 12,Moirai,0.4885725975036621
Sample 13,Moirai,0.5016082525253296
Sample 13,TimesFM,0.4983918070793152
Sample 14,Chronos,0.50138920545578
Sample 14,TimesFM,0.49861082434654236
Sample 15,Time-MoE,0.5029773712158203
Sample 15,Timer,0.4970226585865021
Sample 16,Moirai,0.6185083985328674
Sample 16,TimesFM,0.3814915716648102
Sample 17,TimesFM,0.5025777220726013
Sample 17,Chronos,0.4974222481250763
Sample 18,Moirai,0.5127203464508057
Sample 18,Chronos,0.4872797131538391
Sample 19,TimesFM,0.5078922510147095
Sample 19,Timer,0.4921077787876129
Sample 20,Chronos,0.5016101002693176
Sample 20,Timer,0.49838995933532715
Sample 21,TimesFM,0.5074974298477173
Sample 21,Timer,0.4925025403499603
Sample 22,TimesFM,0.5001017451286316
Sample 22,Chronos,0.499898225069046
Sample 23,Moirai,0.5147298574447632
Sample 23,Time-MoE,0.48527011275291443
Sample 24,Moirai,0.6852030754089355
Sample 24,Time-MoE,0.31479689478874207
Sample 25,TimesFM,0.5018934011459351
Sample 25,Chronos,0.49810656905174255
Sample 26,Moirai,0.5174185037612915
Sample 26,Time-MoE,0.4825814664363861
Sample 27,TimesFM,0.5074716210365295
Sample 27,Timer,0.49252840876579285
Sample 28,Moirai,0.5442690849304199
Sample 28,Chronos,0.4557308852672577
Sample 29,Time-MoE,0.5016633868217468
Sample 29,Timer,0.49833664298057556
Sample 30,Chronos,0.5010133385658264
Sample 30,Timer,0.4989866018295288
Sample 31,Moirai,0.5796899199485779
Sample 31,Time-MoE,0.4203100800514221
Sample 0,Moirai,0.6656132340431213
Sample 0,Chronos,0.33438679575920105
Sample 1,TimesFM,0.5021931529045105
Sample 1,Chronos,0.4978068470954895
Sample 2,Time-MoE,0.5021749138832092
Sample 2,Timer,0.49782511591911316
Sample 3,TimesFM,0.5054771304130554
Sample 3,Timer,0.4945228695869446
Sample 4,Moirai,0.5087684392929077
Sample 4,Chronos,0.4912315607070923
Sample 5,TimesFM,0.5022710561752319
Sample 5,Chronos,0.4977289140224457
Sample 6,Moirai,0.5074214339256287
Sample 6,Chronos,0.49257853627204895
Sample 7,Moirai,0.5399227142333984
Sample 7,Time-MoE,0.46007728576660156
Sample 8,Moirai,0.6557568907737732
Sample 8,Timer,0.3442431092262268
Sample 9,Moirai,0.5012106895446777
Sample 9,TimesFM,0.4987892806529999
Sample 10,Moirai,0.5246661901473999
Sample 10,Chronos,0.4753338098526001
Sample 11,Moirai,0.5093274712562561
Sample 11,TimesFM,0.4906724989414215
Sample 12,TimesFM,0.5002248883247375
Sample 12,Time-MoE,0.49977511167526245
Sample 13,TimesFM,0.5053220391273499
Sample 13,Timer,0.49467796087265015
Sample 14,Chronos,0.5019674301147461
Sample 14,Time-MoE,0.49803251028060913
Sample 15,Moirai,0.5420066714286804
Sample 15,Chronos,0.45799335837364197
Sample 16,Moirai,0.648242712020874
Sample 16,Chronos,0.351757287979126
Sample 17,Moirai,0.5071701407432556
Sample 17,TimesFM,0.4928298592567444
Sample 18,Moirai,0.5578015446662903
Sample 18,Chronos,0.4421984851360321
Sample 19,TimesFM,0.5037805438041687
Sample 19,Chronos,0.4962194263935089
Sample 20,TimesFM,0.5019228458404541
Sample 20,Time-MoE,0.4980771541595459
Sample 21,TimesFM,0.5044123530387878
Sample 21,Moirai,0.49558764696121216
Sample 22,Chronos,0.5032621622085571
Sample 22,Time-MoE,0.49673783779144287
Sample 23,Moirai,0.556220293045044
Sample 23,Chronos,0.44377970695495605
Sample 24,Moirai,0.6447517275810242
Sample 24,Chronos,0.35524827241897583
Sample 25,TimesFM,0.5042173862457275
Sample 25,Timer,0.4957825839519501
Sample 26,Moirai,0.5111789703369141
Sample 26,Time-MoE,0.4888210594654083
Sample 27,TimesFM,0.5033131241798401
Sample 27,Chronos,0.4966868758201599
Sample 28,Time-MoE,0.5022537708282471
Sample 28,Timer,0.4977462589740753
Sample 29,TimesFM,0.505307137966156
Sample 29,Chronos,0.4946928918361664
Sample 30,Moirai,0.5137246251106262
Sample 30,Chronos,0.4862753748893738
Sample 31,Time-MoE,0.5022754073143005
Sample 31,Timer,0.4977245628833771
Sample 0,Moirai,0.580496072769165
Sample 0,TimesFM,0.41950395703315735
Sample 1,TimesFM,0.5028727054595947
Sample 1,Chronos,0.4971272945404053
Sample 2,Time-MoE,0.5026837587356567
Sample 2,Moirai,0.49731624126434326
Sample 3,TimesFM,0.5054744482040405
Sample 3,Timer,0.49452561140060425
Sample 4,Chronos,0.5017764568328857
Sample 4,Timer,0.49822354316711426
Sample 5,TimesFM,0.5050216317176819
Sample 5,Moirai,0.4949784278869629
Sample 6,TimesFM,0.5014734864234924
Sample 6,Chronos,0.49852657318115234
Sample 7,Moirai,0.5292577743530273
Sample 7,Time-MoE,0.47074222564697266
Sample 8,Moirai,0.6905217170715332
Sample 8,Chronos,0.3094783127307892
Sample 9,TimesFM,0.5024584531784058
Sample 9,Moirai,0.4975415766239166
Sample 10,Time-MoE,0.5042380690574646
Sample 10,Timer,0.4957619309425354
Sample 11,TimesFM,0.5058838129043579
Sample 11,Timer,0.4941161870956421
Sample 12,Chronos,0.5058770179748535
Sample 12,Moirai,0.4941229820251465
Sample 13,TimesFM,0.5032984614372253
Sample 13,Chronos,0.49670153856277466
Sample 14,TimesFM,0.5000982880592346
Sample 14,Timer,0.4999017119407654
Sample 15,Moirai,0.5559187531471252
Sample 15,Time-MoE,0.44408121705055237
Sample 0,Moirai,0.6912063360214233
Sample 0,Time-MoE,0.3087936341762543
Sample 1,TimesFM,0.5017543435096741
Sample 1,Chronos,0.4982456862926483
Sample 2,Chronos,0.5010926127433777
Sample 2,Timer,0.4989073574542999
Sample 3,TimesFM,0.5064049959182739
Sample 3,Timer,0.49359503388404846
Sample 4,Chronos,0.5051971673965454
Sample 4,Moirai,0.494802862405777
Sample 5,TimesFM,0.5004478096961975
Sample 5,Chronos,0.4995521903038025
Sample 6,Timer,0.5015559196472168
Sample 6,TimesFM,0.4984440505504608
Sample 7,Moirai,0.565253734588623
Sample 7,Time-MoE,0.43474626541137695
Sample 8,Moirai,0.6783961057662964
Sample 8,Time-MoE,0.3216038942337036
Sample 9,TimesFM,0.5025205016136169
Sample 9,Chronos,0.49747952818870544
Sample 10,Time-MoE,0.5081443190574646
Sample 10,Moirai,0.4918556809425354
Sample 11,TimesFM,0.5074421167373657
Sample 11,Timer,0.4925578534603119
Sample 12,Moirai,0.5403956174850464
Sample 12,Chronos,0.4596043825149536
Sample 13,TimesFM,0.5046900510787964
Sample 13,Chronos,0.4953099191188812
Sample 14,Time-MoE,0.5015671253204346
Sample 14,Chronos,0.4984329044818878
Sample 15,Moirai,0.5649688839912415
Sample 15,Chronos,0.43503114581108093
Sample 16,Moirai,0.6270917057991028
Sample 16,Time-MoE,0.37290826439857483
Sample 17,Moirai,0.5026630163192749
Sample 17,TimesFM,0.4973369836807251
Sample 18,Moirai,0.5112094283103943
Sample 18,Chronos,0.4887905716896057
Sample 19,TimesFM,0.5044094920158386
Sample 19,Timer,0.49559056758880615
Sample 20,Moirai,0.5419257879257202
Sample 20,Time-MoE,0.4580741822719574
Sample 21,TimesFM,0.5075764060020447
Sample 21,Timer,0.49242353439331055
Sample 22,TimesFM,0.5011669397354126
Sample 22,Chronos,0.4988330900669098
Sample 23,Timer,0.5009056329727173
Sample 23,Time-MoE,0.4990943670272827
Sample 24,Moirai,0.6416218876838684
Sample 24,Time-MoE,0.3583780825138092
Sample 25,TimesFM,0.5022959113121033
Sample 25,Chronos,0.49770405888557434
Sample 26,Moirai,0.5654850602149963
Sample 26,Timer,0.43451496958732605
Sample 27,Moirai,0.5300531983375549
Sample 27,TimesFM,0.4699467718601227
Sample 28,Chronos,0.50364089012146
Sample 28,Time-MoE,0.49635910987854004
Sample 29,TimesFM,0.5046166777610779
Sample 29,Chronos,0.4953833222389221
Sample 30,Time-MoE,0.5011001825332642
Sample 30,TimesFM,0.49889981746673584
Sample 31,Moirai,0.5396737456321716
Sample 31,Time-MoE,0.46032628417015076
Sample 0,Moirai,0.6427546143531799
Sample 0,TimesFM,0.35724538564682007
Sample 1,Moirai,0.507576048374176
Sample 1,TimesFM,0.492423951625824
Sample 2,Chronos,0.5003063082695007
Sample 2,Time-MoE,0.49969372153282166
Sample 3,TimesFM,0.5039114356040955
Sample 3,Chronos,0.49608853459358215
Sample 4,TimesFM,0.5001375079154968
Sample 4,Time-MoE,0.4998624920845032
Sample 5,TimesFM,0.5040227174758911
Sample 5,Timer,0.4959773123264313
Sample 6,Chronos,0.5040242671966553
Sample 6,Timer,0.4959757626056671
Sample 7,Moirai,0.5696268677711487
Sample 7,Time-MoE,0.4303731620311737
Sample 8,Moirai,0.6300020813941956
Sample 8,Time-MoE,0.36999791860580444
Sample 9,Moirai,0.5004894137382507
Sample 9,TimesFM,0.4995105564594269
Sample 10,Moirai,0.5036174058914185
Sample 10,Time-MoE,0.49638256430625916
Sample 11,Moirai,0.5159398913383484
Sample 11,Time-MoE,0.4840600788593292
Sample 12,Chronos,0.509814441204071
Sample 12,Timer,0.49018552899360657
Sample 13,Moirai,0.5112607479095459
Sample 13,TimesFM,0.4887392818927765
Sample 14,TimesFM,0.5099468231201172
Sample 14,Chronos,0.4900531470775604
Sample 15,Moirai,0.5639532208442688
Sample 15,Time-MoE,0.4360467791557312
Sample 16,Moirai,0.665326714515686
Sample 16,Time-MoE,0.3346732556819916
Sample 17,Moirai,0.5076747536659241
Sample 17,TimesFM,0.4923252761363983
Sample 18,Time-MoE,0.5072379112243652
Sample 18,TimesFM,0.49276214838027954
Sample 19,TimesFM,0.500489354133606
Sample 19,Moirai,0.49951067566871643
Sample 20,Moirai,0.503350555896759
Sample 20,Chronos,0.49664947390556335
Sample 21,Moirai,0.5099719166755676
Sample 21,TimesFM,0.4900280833244324
Sample 22,Chronos,0.5020076632499695
Sample 22,Timer,0.4979923367500305
Sample 23,Time-MoE,0.5000373721122742
Sample 23,Timer,0.49996262788772583
Sample 24,Moirai,0.604280948638916
Sample 24,Time-MoE,0.395719051361084
Sample 25,TimesFM,0.504130482673645
Sample 25,Chronos,0.4958694875240326
Sample 26,Time-MoE,0.5025964975357056
Sample 26,Chronos,0.49740347266197205
Sample 27,TimesFM,0.5098372101783752
Sample 27,Timer,0.49016273021698
Sample 28,Chronos,0.5000651478767395
Sample 28,Moirai,0.4999348223209381
Sample 29,TimesFM,0.5077179074287415
Sample 29,Chronos,0.49228203296661377
Sample 30,Chronos,0.5003556609153748
Sample 30,Timer,0.49964436888694763
Sample 31,Moirai,0.558853268623352
Sample 31,Time-MoE,0.44114676117897034
Sample 0,Moirai,0.6199626922607422
Sample 0,Time-MoE,0.3800373077392578
Sample 1,Moirai,0.5082497596740723
Sample 1,TimesFM,0.49175024032592773
Sample 2,Moirai,0.5018770098686218
Sample 2,TimesFM,0.49812301993370056
Sample 3,TimesFM,0.5054813623428345
Sample 3,Chronos,0.4945186674594879
Sample 4,Moirai,0.5559533834457397
Sample 4,Time-MoE,0.44404658675193787
Sample 5,Chronos,0.5022846460342407
Sample 5,Time-MoE,0.4977153241634369
Sample 6,Chronos,0.5002659559249878
Sample 6,Timer,0.4997340440750122
Sample 7,Moirai,0.5611730217933655
Sample 7,Time-MoE,0.4388269782066345
Sample 8,Moirai,0.6123800277709961
Sample 8,Time-MoE,0.3876199424266815
Sample 9,TimesFM,0.5031015276908875
Sample 9,Timer,0.49689850211143494
Sample 10,Moirai,0.5061619877815247
Sample 10,Chronos,0.4938380718231201
Sample 11,TimesFM,0.5053359866142273
Sample 11,Chronos,0.4946640133857727
Sample 12,Chronos,0.5010229349136353
Sample 12,Timer,0.49897709488868713
Sample 13,TimesFM,0.5064347982406616
Sample 13,Chronos,0.49356526136398315
Sample 14,Time-MoE,0.5009139776229858
Sample 14,TimesFM,0.49908605217933655
Sample 15,Moirai,0.5369216203689575
Sample 15,Time-MoE,0.4630783498287201
Sample 16,Moirai,0.5772573947906494
Sample 16,TimesFM,0.4227426052093506
Sample 17,TimesFM,0.5031759142875671
Sample 17,Chronos,0.49682408571243286
Sample 18,Time-MoE,0.5027387142181396
Sample 18,Chronos,0.49726128578186035
Sample 19,Moirai,0.5618264079093933
Sample 19,TimesFM,0.4381735920906067
Sample 20,Chronos,0.5024824738502502
Sample 20,TimesFM,0.49751749634742737
Sample 21,TimesFM,0.5078275799751282
Sample 21,Chronos,0.4921724498271942
Sample 22,Chronos,0.5080088973045349
Sample 22,Time-MoE,0.4919911026954651
Sample 23,TimesFM,0.5000085234642029
Sample 23,Time-MoE,0.49999144673347473
Sample 24,Moirai,0.6065130233764648
Sample 24,Time-MoE,0.3934869170188904
Sample 25,TimesFM,0.5028234720230103
Sample 25,Timer,0.49717649817466736
Sample 26,Moirai,0.5042449831962585
Sample 26,Time-MoE,0.49575501680374146
Sample 27,TimesFM,0.5110615491867065
Sample 27,Timer,0.48893842101097107
Sample 28,Chronos,0.5000487565994263
Sample 28,Timer,0.4999512732028961
Sample 29,TimesFM,0.5053059458732605
Sample 29,Chronos,0.4946941137313843
Sample 30,TimesFM,0.500705897808075
Sample 30,Timer,0.49929413199424744
Sample 31,Moirai,0.52125084400177
Sample 31,Time-MoE,0.4787490963935852
Sample 0,Moirai,0.6368687152862549
Sample 0,Time-MoE,0.3631313145160675
Sample 1,Moirai,0.514484703540802
Sample 1,TimesFM,0.4855153262615204
Sample 2,Moirai,0.5412197709083557
Sample 2,Chronos,0.4587802290916443
Sample 3,Moirai,0.5066246390342712
Sample 3,TimesFM,0.49337536096572876
Sample 4,Chronos,0.5032700300216675
Sample 4,Timer,0.49672991037368774
Sample 5,Moirai,0.569339394569397
Sample 5,Chronos,0.430660605430603
Sample 6,Moirai,0.525843620300293
Sample 6,Time-MoE,0.47415634989738464
Sample 7,Moirai,0.5349599719047546
Sample 7,Time-MoE,0.465039998292923
Sample 8,Moirai,0.6909624338150024
Sample 8,Timer,0.30903753638267517
Sample 9,TimesFM,0.5023641586303711
Sample 9,Chronos,0.4976358413696289
Sample 10,Chronos,0.5003130435943604
Sample 10,TimesFM,0.4996868968009949
Sample 11,TimesFM,0.5076704025268555
Sample 11,Timer,0.49232959747314453
Sample 12,Moirai,0.5346617698669434
Sample 12,Chronos,0.46533825993537903
Sample 13,Chronos,0.5001420974731445
Sample 13,TimesFM,0.49985793232917786
Sample 14,TimesFM,0.5016055703163147
Sample 14,Time-MoE,0.4983944296836853
Sample 15,Moirai,0.5602099895477295
Sample 15,Timer,0.4397899806499481
Sample 16,Moirai,0.6792009472846985
Sample 16,Time-MoE,0.3207990229129791
Sample 17,Chronos,0.5019267201423645
Sample 17,TimesFM,0.4980733096599579
Sample 18,Moirai,0.5331674218177795
Sample 18,Chronos,0.4668325185775757
Sample 19,TimesFM,0.5081573724746704
Sample 19,Timer,0.4918425977230072
Sample 20,Chronos,0.5009709000587463
Sample 20,Timer,0.49902909994125366
Sample 21,TimesFM,0.502677321434021
Sample 21,Chronos,0.4973226487636566
Sample 22,Moirai,0.5289440155029297
Sample 22,Chronos,0.4710559844970703
Sample 23,Moirai,0.5410758852958679
Sample 23,Time-MoE,0.4589241147041321
Sample 24,Moirai,0.639387309551239
Sample 24,Timer,0.3606126606464386
Sample 25,TimesFM,0.504036009311676
Sample 25,Timer,0.49596402049064636
Sample 26,Moirai,0.5193928480148315
Sample 26,Chronos,0.48060718178749084
Sample 27,TimesFM,0.5069209337234497
Sample 27,Timer,0.4930790662765503
Sample 28,Moirai,0.5405057668685913
Sample 28,Chronos,0.45949429273605347
Sample 29,TimesFM,0.5057313442230225
Sample 29,Time-MoE,0.49426865577697754
Sample 30,Chronos,0.500552237033844
Sample 30,Timer,0.499447762966156
Sample 31,Moirai,0.5629976987838745
Sample 31,Chronos,0.43700236082077026
Sample 0,Moirai,0.666281521320343
Sample 0,Time-MoE,0.33371850848197937
Sample 1,TimesFM,0.5027734637260437
Sample 1,Timer,0.4972265362739563
Sample 2,Chronos,0.5016599297523499
Sample 2,TimesFM,0.49834007024765015
Sample 3,TimesFM,0.5064107179641724
Sample 3,Timer,0.4935893416404724
Sample 4,Moirai,0.5076378583908081
Sample 4,Chronos,0.4923621118068695
Sample 5,TimesFM,0.5021883249282837
Sample 5,Time-MoE,0.4978116750717163
Sample 6,Moirai,0.5039682388305664
Sample 6,Time-MoE,0.496031790971756
Sample 7,Moirai,0.5640431046485901
Sample 7,Time-MoE,0.4359568953514099
Sample 8,Moirai,0.6526452898979187
Sample 8,Time-MoE,0.3473547101020813
Sample 9,TimesFM,0.5029338598251343
Sample 9,Timer,0.49706611037254333
Sample 10,Moirai,0.5178114175796509
Sample 10,Time-MoE,0.48218855261802673
Sample 11,Moirai,0.5625227689743042
Sample 11,TimesFM,0.4374772906303406
Sample 12,Chronos,0.511867880821228
Sample 12,Moirai,0.488132119178772
Sample 13,Moirai,0.5018331408500671
Sample 13,TimesFM,0.49816685914993286
Sample 14,Chronos,0.5017219185829163
Sample 14,TimesFM,0.49827808141708374
Sample 15,Time-MoE,0.5027227997779846
Sample 15,Timer,0.4972771406173706
Sample 16,Moirai,0.6214522123336792
Sample 16,TimesFM,0.3785477578639984
Sample 17,TimesFM,0.5026061534881592
Sample 17,Chronos,0.4973938465118408
Sample 18,Moirai,0.5125051736831665
Sample 18,Time-MoE,0.4874948561191559
Sample 19,TimesFM,0.5084584355354309
Sample 19,Timer,0.4915415644645691
Sample 20,Chronos,0.5019789934158325
Sample 20,Timer,0.49802103638648987
Sample 21,TimesFM,0.5077241063117981
Sample 21,Timer,0.4922758638858795
Sample 22,TimesFM,0.5001293420791626
Sample 22,Chronos,0.4998706579208374
Sample 23,Moirai,0.515726625919342
Sample 23,Time-MoE,0.48427340388298035
Sample 24,Moirai,0.6886564493179321
Sample 24,Time-MoE,0.31134358048439026
Sample 25,TimesFM,0.5020713210105896
Sample 25,Chronos,0.497928649187088
Sample 26,Moirai,0.5175942778587341
Sample 26,Time-MoE,0.48240575194358826
Sample 27,TimesFM,0.5076839923858643
Sample 27,Timer,0.49231600761413574
Sample 28,Moirai,0.5452014803886414
Sample 28,Chronos,0.45479851961135864
Sample 29,Time-MoE,0.5025995969772339
Sample 29,Timer,0.4974004030227661
Sample 30,Chronos,0.5001891255378723
Sample 30,Time-MoE,0.4998108744621277
Sample 31,Moirai,0.5816043019294739
Sample 31,Time-MoE,0.41839566826820374
Sample 0,Moirai,0.6694653034210205
Sample 0,Time-MoE,0.3305347263813019
Sample 1,TimesFM,0.5024856925010681
Sample 1,Chronos,0.4975143074989319
Sample 2,Time-MoE,0.5025551319122314
Sample 2,Timer,0.49744483828544617
Sample 3,TimesFM,0.5056976675987244
Sample 3,Timer,0.494302362203598
Sample 4,Moirai,0.5087677836418152
Sample 4,Chronos,0.4912322163581848
Sample 5,TimesFM,0.5016693472862244
Sample 5,Time-MoE,0.498330682516098
Sample 6,Moirai,0.507851243019104
Sample 6,Chronos,0.4921486973762512
Sample 7,Moirai,0.5411460995674133
Sample 7,Time-MoE,0.4588538706302643
Sample 8,Moirai,0.6586799621582031
Sample 8,Timer,0.34132009744644165
Sample 9,Moirai,0.50137859582901
Sample 9,TimesFM,0.49862140417099
Sample 10,Moirai,0.5252909660339355
Sample 10,Time-MoE,0.47470903396606445
Sample 11,Moirai,0.5097059011459351
Sample 11,TimesFM,0.49029409885406494
Sample 12,TimesFM,0.5002985000610352
Sample 12,Time-MoE,0.49970152974128723
Sample 13,TimesFM,0.5053914189338684
Sample 13,Chronos,0.4946085512638092
Sample 14,Chronos,0.502305269241333
Sample 14,Time-MoE,0.497694730758667
Sample 15,Moirai,0.5429893136024475
Sample 15,Time-MoE,0.4570106565952301
Sample 16,Moirai,0.6518792510032654
Sample 16,Timer,0.348120778799057
Sample 17,Moirai,0.5074896216392517
Sample 17,TimesFM,0.4925103187561035
Sample 18,Moirai,0.5591627955436707
Sample 18,Chronos,0.4408372640609741
Sample 19,TimesFM,0.5041165947914124
Sample 19,Chronos,0.49588343501091003
Sample 20,TimesFM,0.5012975335121155
Sample 20,Time-MoE,0.4987024664878845
Sample 21,TimesFM,0.5044220685958862
Sample 21,Moirai,0.495577871799469
Sample 22,Chronos,0.5028905868530273
Sample 22,Time-MoE,0.49710938334465027
Sample 23,Moirai,0.5573694705963135
Sample 23,Timer,0.4426305294036865
Sample 24,Moirai,0.6475667357444763
Sample 24,Time-MoE,0.35243329405784607
Sample 25,TimesFM,0.504378080368042
Sample 25,Timer,0.495621919631958
Sample 26,Moirai,0.511393129825592
Sample 26,Time-MoE,0.4886068105697632
Sample 27,TimesFM,0.5035378932952881
Sample 27,Time-MoE,0.4964621365070343
Sample 28,Time-MoE,0.502316951751709
Sample 28,Timer,0.497683048248291
Sample 29,TimesFM,0.5055111050605774
Sample 29,Chronos,0.494488924741745
Sample 30,Moirai,0.5138710141181946
Sample 30,Chronos,0.48612895607948303
Sample 31,Time-MoE,0.5015870928764343
Sample 31,Timer,0.4984129071235657
Sample 0,Moirai,0.5823285579681396
Sample 0,TimesFM,0.41767141222953796
Sample 1,TimesFM,0.5031264424324036
Sample 1,Chronos,0.49687352776527405
Sample 2,Time-MoE,0.5032808184623718
Sample 2,Moirai,0.49671921133995056
Sample 3,TimesFM,0.5056886672973633
Sample 3,Timer,0.4943113923072815
Sample 4,Chronos,0.5025455355644226
Sample 4,TimesFM,0.497454434633255
Sample 5,TimesFM,0.5051729679107666
Sample 5,Moirai,0.4948270320892334
Sample 6,TimesFM,0.501636266708374
Sample 6,Chronos,0.49836376309394836
Sample 7,Moirai,0.5303729772567749
Sample 7,Time-MoE,0.4696269929409027
Sample 8,Moirai,0.6941074728965759
Sample 8,Timer,0.30589255690574646
Sample 9,TimesFM,0.5024674534797668
Sample 9,Moirai,0.49753254652023315
Sample 10,Time-MoE,0.504551887512207
Sample 10,Timer,0.4954480826854706
Sample 11,TimesFM,0.5061184763908386
Sample 11,Timer,0.4938815236091614
Sample 12,Chronos,0.5060453414916992
Sample 12,Moirai,0.4939546585083008
Sample 13,TimesFM,0.5037357211112976
Sample 13,Timer,0.4962642788887024
Sample 14,Time-MoE,0.500475287437439
Sample 14,TimesFM,0.49952471256256104
Sample 15,Moirai,0.557631254196167
Sample 15,Timer,0.442368745803833
Sample 0,Moirai,0.6950715780258179
Sample 0,Time-MoE,0.30492842197418213
Sample 1,TimesFM,0.5022100806236267
Sample 1,Chronos,0.4977899491786957
Sample 2,Chronos,0.5016063451766968
Sample 2,Timer,0.4983936548233032
Sample 3,TimesFM,0.5066701769828796
Sample 3,Timer,0.49332985281944275
Sample 4,Chronos,0.5051902532577515
Sample 4,Moirai,0.4948097765445709
Sample 5,TimesFM,0.5008711814880371
Sample 5,Chronos,0.4991288185119629
Sample 6,Timer,0.501492977142334
Sample 6,Time-MoE,0.498507022857666
Sample 7,Moirai,0.5668061971664429
Sample 7,Chronos,0.43319377303123474
Sample 8,Moirai,0.6818814277648926
Sample 8,Time-MoE,0.3181186020374298
Sample 9,TimesFM,0.5028644800186157
Sample 9,Timer,0.4971355199813843
Sample 10,Time-MoE,0.5085964798927307
Sample 10,Timer,0.4914035201072693
Sample 11,TimesFM,0.5076685547828674
Sample 11,Time-MoE,0.4923314154148102
Sample 12,Moirai,0.5411128997802734
Sample 12,Chronos,0.4588870704174042
Sample 13,TimesFM,0.5051795244216919
Sample 13,Timer,0.4948205053806305
Sample 14,Time-MoE,0.5021591186523438
Sample 14,Chronos,0.49784085154533386
Sample 15,Moirai,0.5663139224052429
Sample 15,Chronos,0.4336860179901123
Sample 16,Moirai,0.6298059225082397
Sample 16,Time-MoE,0.37019404768943787
Sample 17,Moirai,0.5026416778564453
Sample 17,TimesFM,0.4973583519458771
Sample 18,Moirai,0.5112869739532471
Sample 18,Chronos,0.48871296644210815
Sample 19,TimesFM,0.5045750141143799
Sample 19,Timer,0.4954249858856201
Sample 20,Moirai,0.5426274538040161
Sample 20,Time-MoE,0.4573725759983063
Sample 21,TimesFM,0.5077863931655884
Sample 21,Timer,0.49221357703208923
Sample 22,TimesFM,0.5011863112449646
Sample 22,Chronos,0.4988137185573578
Sample 23,Timer,0.5010126233100891
Sample 23,Time-MoE,0.4989873468875885
Sample 24,Moirai,0.6443619728088379
Sample 24,Timer,0.3556379973888397
Sample 25,TimesFM,0.5027713775634766
Sample 25,Chronos,0.49722856283187866
Sample 26,Moirai,0.5669978857040405
Sample 26,Timer,0.43300214409828186
Sample 27,Moirai,0.5306203961372375
Sample 27,TimesFM,0.46937960386276245
Sample 28,Chronos,0.5045719742774963
Sample 28,Timer,0.49542802572250366
Sample 29,TimesFM,0.5051589608192444
Sample 29,Chronos,0.494841068983078
Sample 30,Time-MoE,0.5016911625862122
Sample 30,TimesFM,0.4983088970184326
Sample 31,Moirai,0.5409401655197144
Sample 31,Time-MoE,0.45905983448028564
Sample 0,Moirai,0.6457356214523315
Sample 0,TimesFM,0.35426437854766846
Sample 1,Moirai,0.5075883269309998
Sample 1,TimesFM,0.49241167306900024
Sample 2,Chronos,0.500324010848999
Sample 2,Time-MoE,0.49967601895332336
Sample 3,TimesFM,0.5044869780540466
Sample 3,Chronos,0.49551308155059814
Sample 4,TimesFM,0.500120222568512
Sample 4,Time-MoE,0.49987977743148804
Sample 5,TimesFM,0.5039564967155457
Sample 5,Time-MoE,0.49604350328445435
Sample 6,Chronos,0.5038636922836304
Sample 6,Timer,0.496136337518692
Sample 7,Moirai,0.5712526440620422
Sample 7,Timer,0.42874735593795776
Sample 8,Moirai,0.6324856877326965
Sample 8,Time-MoE,0.36751434206962585
Sample 9,Moirai,0.5003489851951599
Sample 9,TimesFM,0.4996510148048401
Sample 10,Moirai,0.5031175017356873
Sample 10,Time-MoE,0.49688249826431274
Sample 11,Moirai,0.5162039995193481
Sample 11,Time-MoE,0.48379600048065186
Sample 12,Chronos,0.5100140571594238
Sample 12,Time-MoE,0.4899859130382538
Sample 13,Moirai,0.5113349556922913
Sample 13,TimesFM,0.4886651039123535
Sample 14,TimesFM,0.510193407535553
Sample 14,Time-MoE,0.489806592464447
Sample 15,Moirai,0.5653623342514038
Sample 15,Timer,0.4346376359462738
Sample 16,Moirai,0.6687663793563843
Sample 16,Time-MoE,0.3312336504459381
Sample 17,Moirai,0.5076929926872253
Sample 17,TimesFM,0.49230700731277466
Sample 18,Time-MoE,0.5074521899223328
Sample 18,Chronos,0.4925478398799896
Sample 19,TimesFM,0.5006518363952637
Sample 19,Moirai,0.49934816360473633
Sample 20,Moirai,0.5036858320236206
Sample 20,Chronos,0.49631422758102417
Sample 21,Moirai,0.5100042819976807
Sample 21,TimesFM,0.48999571800231934
Sample 22,Chronos,0.5019629597663879
Sample 22,Timer,0.49803707003593445
Sample 23,Timer,0.500061571598053
Sample 23,Chronos,0.4999384582042694
Sample 24,Moirai,0.6062992811203003
Sample 24,Time-MoE,0.39370065927505493
Sample 25,TimesFM,0.504328191280365
Sample 25,Timer,0.4956717789173126
Sample 26,Time-MoE,0.503357470035553
Sample 26,Chronos,0.4966425895690918
Sample 27,TimesFM,0.510136067867279
Sample 27,Timer,0.48986390233039856
Sample 28,Chronos,0.5003191232681274
Sample 28,Moirai,0.49968087673187256
Sample 29,TimesFM,0.5082449913024902
Sample 29,Timer,0.49175503849983215
Sample 30,Chronos,0.500316858291626
Sample 30,Time-MoE,0.49968311190605164
Sample 31,Moirai,0.5603021383285522
Sample 31,Timer,0.43969792127609253
Sample 0,Moirai,0.6226806044578552
Sample 0,Time-MoE,0.3773193955421448
Sample 1,Moirai,0.508085310459137
Sample 1,TimesFM,0.49191468954086304
Sample 2,Moirai,0.5016365647315979
Sample 2,TimesFM,0.4983634352684021
Sample 3,TimesFM,0.5059999823570251
Sample 3,Timer,0.49400001764297485
Sample 4,Moirai,0.5572922229766846
Sample 4,Time-MoE,0.44270771741867065
Sample 5,Chronos,0.501857340335846
Sample 5,Time-MoE,0.4981426000595093
Sample 6,Chronos,0.5002402067184448
Sample 6,Timer,0.49975982308387756
Sample 7,Moirai,0.5627425909042358
Sample 7,Time-MoE,0.43725743889808655
Sample 8,Moirai,0.6149883270263672
Sample 8,Time-MoE,0.3850116431713104
Sample 9,TimesFM,0.5033194422721863
Sample 9,Timer,0.4966805577278137
Sample 10,Moirai,0.506513237953186
Sample 10,Chronos,0.4934867322444916
Sample 11,TimesFM,0.5055592060089111
Sample 11,Chronos,0.49444082379341125
Sample 12,Chronos,0.5014873743057251
Sample 12,Timer,0.4985126554965973
Sample 13,TimesFM,0.506840169429779
Sample 13,Timer,0.4931598901748657
Sample 14,Time-MoE,0.5010709762573242
Sample 14,TimesFM,0.4989289939403534
Sample 15,Moirai,0.5379565954208374
Sample 15,Timer,0.462043434381485
Sample 16,Moirai,0.578627347946167
Sample 16,TimesFM,0.4213726818561554
Sample 17,TimesFM,0.503826916217804
Sample 17,Chronos,0.49617308378219604
Sample 18,Time-MoE,0.5028246641159058
Sample 18,Chronos,0.4971753656864166
Sample 19,Moirai,0.5628806352615356
Sample 19,TimesFM,0.43711933493614197
Sample 20,Chronos,0.5030313730239868
Sample 20,TimesFM,0.4969685971736908
Sample 21,TimesFM,0.508578896522522
Sample 21,Chronos,0.491421103477478
Sample 22,Chronos,0.5077314972877502
Sample 22,Time-MoE,0.49226847290992737
Sample 23,Time-MoE,0.5001134872436523
Sample 23,TimesFM,0.49988651275634766
Sample 24,Moirai,0.6090626120567322
Sample 24,Time-MoE,0.3909374177455902
Sample 25,TimesFM,0.5030534863471985
Sample 25,Timer,0.4969464838504791
Sample 26,Moirai,0.5041325092315674
Sample 26,Time-MoE,0.4958674907684326
Sample 27,TimesFM,0.511416494846344
Sample 27,Timer,0.4885835349559784
Sample 28,Chronos,0.5004995465278625
Sample 28,Timer,0.4995003938674927
Sample 29,TimesFM,0.5060100555419922
Sample 29,Chronos,0.4939899742603302
Sample 30,TimesFM,0.500947117805481
Sample 30,Timer,0.49905288219451904
Sample 31,Moirai,0.5220006108283997
Sample 31,Time-MoE,0.4779994487762451
Sample 0,Moirai,0.6400453448295593
Sample 0,Time-MoE,0.35995471477508545
Sample 1,Moirai,0.5143096446990967
Sample 1,TimesFM,0.4856903553009033
Sample 2,Moirai,0.5419129729270935
Sample 2,Chronos,0.4580870270729065
Sample 3,Moirai,0.5063115358352661
Sample 3,TimesFM,0.4936884343624115
Sample 4,Chronos,0.5031591653823853
Sample 4,Timer,0.49684080481529236
Sample 5,Moirai,0.5709024667739868
Sample 5,Chronos,0.4290975332260132
Sample 6,Moirai,0.5262802839279175
Sample 6,Time-MoE,0.47371965646743774
Sample 7,Moirai,0.5358468294143677
Sample 7,Time-MoE,0.4641531705856323
Sample 8,Moirai,0.6947252154350281
Sample 8,Timer,0.3052748143672943
Sample 9,TimesFM,0.5029314160346985
Sample 9,Timer,0.4970685839653015
Sample 10,Chronos,0.5006028413772583
Sample 10,TimesFM,0.4993971586227417
Sample 11,TimesFM,0.5080243945121765
Sample 11,Timer,0.4919756054878235
Sample 12,Moirai,0.5352007746696472
Sample 12,Chronos,0.4647992253303528
Sample 13,TimesFM,0.5005293488502502
Sample 13,Chronos,0.49947062134742737
Sample 14,TimesFM,0.5016402006149292
Sample 14,Time-MoE,0.4983598291873932
Sample 15,Moirai,0.5617128610610962
Sample 15,Timer,0.4382871389389038
Sample 16,Moirai,0.6826927661895752
Sample 16,Chronos,0.3173072040081024
Sample 17,Chronos,0.5014787316322327
Sample 17,TimesFM,0.4985212981700897
Sample 18,Moirai,0.5337603092193604
Sample 18,Chronos,0.46623972058296204
Sample 19,TimesFM,0.5084332227706909
Sample 19,Timer,0.4915667474269867
Sample 20,Chronos,0.5013377070426941
Sample 20,Timer,0.4986623227596283
Sample 21,TimesFM,0.5033930540084839
Sample 21,Time-MoE,0.4966069459915161
Sample 22,Moirai,0.5295714735984802
Sample 22,Chronos,0.47042855620384216
Sample 23,Moirai,0.5421755313873291
Sample 23,Time-MoE,0.4578244388103485
Sample 24,Moirai,0.6423125863075256
Sample 24,Timer,0.35768741369247437
Sample 25,TimesFM,0.5044477581977844
Sample 25,Timer,0.4955522119998932
Sample 26,Moirai,0.5195333361625671
Sample 26,Chronos,0.4804666340351105
Sample 27,TimesFM,0.5073000192642212
Sample 27,Timer,0.4926999807357788
Sample 28,Moirai,0.541141152381897
Sample 28,Chronos,0.45885878801345825
Sample 29,TimesFM,0.5059508681297302
Sample 29,Time-MoE,0.494049072265625
Sample 30,Chronos,0.500241219997406
Sample 30,Time-MoE,0.4997587502002716
Sample 31,Moirai,0.5641362071037292
Sample 31,Chronos,0.43586382269859314
Sample 0,Moirai,0.669999361038208
Sample 0,Timer,0.330000638961792
Sample 1,TimesFM,0.5032989382743835
Sample 1,Timer,0.49670106172561646
Sample 2,Chronos,0.5012277364730835
Sample 2,TimesFM,0.4987722337245941
Sample 3,TimesFM,0.5069220066070557
Sample 3,Timer,0.4930780231952667
Sample 4,Moirai,0.5077117681503296
Sample 4,Chronos,0.4922882318496704
Sample 5,TimesFM,0.5029869079589844
Sample 5,Time-MoE,0.4970130920410156
Sample 6,Moirai,0.5033589005470276
Sample 6,TimesFM,0.49664106965065
Sample 7,Moirai,0.5655645728111267
Sample 7,Time-MoE,0.4344353973865509
Sample 8,Moirai,0.6562075614929199
Sample 8,Time-MoE,0.34379246830940247
Sample 9,TimesFM,0.5034360885620117
Sample 9,Timer,0.4965638816356659
Sample 10,Moirai,0.5180708765983582
Sample 10,Time-MoE,0.48192915320396423
Sample 11,Moirai,0.5634093284606934
Sample 11,TimesFM,0.43659064173698425
Sample 12,Chronos,0.5123928189277649
Sample 12,Moirai,0.4876072406768799
Sample 13,Moirai,0.5012295246124268
Sample 13,TimesFM,0.498770534992218
Sample 14,Chronos,0.501325786113739
Sample 14,TimesFM,0.4986741840839386
Sample 15,Time-MoE,0.5029750466346741
Sample 15,Timer,0.4970249533653259
Sample 16,Moirai,0.6236464977264404
Sample 16,TimesFM,0.37635353207588196
Sample 17,TimesFM,0.5035899877548218
Sample 17,Chronos,0.4964100122451782
Sample 18,Moirai,0.5127821564674377
Sample 18,Time-MoE,0.48721790313720703
Sample 19,TimesFM,0.5087130665779114
Sample 19,Timer,0.491286963224411
Sample 20,Chronos,0.5024436116218567
Sample 20,Timer,0.4975563883781433
Sample 21,TimesFM,0.5083132386207581
Sample 21,Timer,0.49168679118156433
Sample 22,TimesFM,0.5010376572608948
Sample 22,Chronos,0.49896231293678284
Sample 23,Moirai,0.5160150527954102
Sample 23,Time-MoE,0.48398491740226746
Sample 24,Moirai,0.6928384900093079
Sample 24,Time-MoE,0.30716150999069214
Sample 25,TimesFM,0.5029991865158081
Sample 25,Chronos,0.4970007836818695
Sample 26,Moirai,0.518149733543396
Sample 26,Time-MoE,0.4818502962589264
Sample 27,TimesFM,0.5081726312637329
Sample 27,Timer,0.4918273985385895
Sample 28,Moirai,0.5459635853767395
Sample 28,Chronos,0.4540364146232605
Sample 29,Time-MoE,0.5024105906486511
Sample 29,Timer,0.4975893795490265
Sample 30,Chronos,0.5001898407936096
Sample 30,Time-MoE,0.49981018900871277
Sample 31,Moirai,0.583529531955719
Sample 31,Time-MoE,0.4164704382419586
Sample 0,Moirai,0.6726564168930054
Sample 0,Chronos,0.32734355330467224
Sample 1,TimesFM,0.5032268166542053
Sample 1,Timer,0.4967731535434723
Sample 2,Time-MoE,0.502665638923645
Sample 2,Timer,0.4973343312740326
Sample 3,TimesFM,0.5062638521194458
Sample 3,Timer,0.4937360882759094
Sample 4,Moirai,0.5086555480957031
Sample 4,Chronos,0.4913444519042969
Sample 5,TimesFM,0.5027878880500793
Sample 5,Time-MoE,0.49721208214759827
Sample 6,Moirai,0.5080516934394836
Sample 6,Chronos,0.49194827675819397
Sample 7,Moirai,0.542080283164978
Sample 7,Time-MoE,0.45791974663734436
Sample 8,Moirai,0.6621142625808716
Sample 8,Timer,0.33788567781448364
Sample 9,Moirai,0.5006609559059143
Sample 9,TimesFM,0.49933910369873047
Sample 10,Moirai,0.5255125761032104
Sample 10,TimesFM,0.47448742389678955
Sample 11,Moirai,0.5092945694923401
Sample 11,TimesFM,0.4907054603099823
Sample 12,TimesFM,0.5001840591430664
Sample 12,Time-MoE,0.4998159110546112
Sample 13,TimesFM,0.5055544972419739
Sample 13,Timer,0.4944455325603485
Sample 14,Chronos,0.5020045638084412
Sample 14,Time-MoE,0.49799540638923645
Sample 15,Moirai,0.5438355803489685
Sample 15,Chronos,0.45616447925567627
Sample 16,Moirai,0.6545765399932861
Sample 16,Chronos,0.34542348980903625
Sample 17,Moirai,0.5069513320922852
Sample 17,TimesFM,0.49304863810539246
Sample 18,Moirai,0.5600747466087341
Sample 18,Chronos,0.4399252235889435
Sample 19,TimesFM,0.5051000714302063
Sample 19,Chronos,0.4948999285697937
Sample 20,TimesFM,0.5018703937530518
Sample 20,Time-MoE,0.49812963604927063
Sample 21,TimesFM,0.5052271485328674
Sample 21,Moirai,0.49477285146713257
Sample 22,Chronos,0.5026243925094604
Sample 22,Time-MoE,0.49737557768821716
Sample 23,Moirai,0.5583760738372803
Sample 23,Chronos,0.4416239261627197
Sample 24,Moirai,0.6509982943534851
Sample 24,TimesFM,0.3490016460418701
Sample 25,TimesFM,0.5049591064453125
Sample 25,Timer,0.4950409233570099
Sample 26,Moirai,0.5114014148712158
Sample 26,Time-MoE,0.4885985851287842
Sample 27,TimesFM,0.5045711994171143
Sample 27,Timer,0.49542877078056335
Sample 28,Time-MoE,0.5026594400405884
Sample 28,Timer,0.4973405599594116
Sample 29,TimesFM,0.506365954875946
Sample 29,Timer,0.49363407492637634
Sample 30,Moirai,0.5139288306236267
Sample 30,Chronos,0.4860711693763733
Sample 31,Time-MoE,0.5020865797996521
Sample 31,Timer,0.4979134202003479
Sample 0,Moirai,0.5835027694702148
Sample 0,TimesFM,0.41649723052978516
Sample 1,TimesFM,0.5040348172187805
Sample 1,Chronos,0.4959651827812195
Sample 2,Time-MoE,0.5034666657447815
Sample 2,Chronos,0.4965333342552185
Sample 3,TimesFM,0.5060580968856812
Sample 3,Timer,0.4939419627189636
Sample 4,Chronos,0.5026499629020691
Sample 4,Timer,0.4973500370979309
Sample 5,TimesFM,0.505979597568512
Sample 5,Moirai,0.4940204620361328
Sample 6,TimesFM,0.50230473279953
Sample 6,Chronos,0.49769526720046997
Sample 7,Moirai,0.5308459401130676
Sample 7,Time-MoE,0.4691540598869324
Sample 8,Moirai,0.6982126832008362
Sample 8,Timer,0.3017873167991638
Sample 9,TimesFM,0.5031449794769287
Sample 9,Moirai,0.4968549907207489
Sample 10,Time-MoE,0.5048384666442871
Sample 10,Timer,0.4951615035533905
Sample 11,TimesFM,0.5066591501235962
Sample 11,Timer,0.4933408498764038
Sample 12,Chronos,0.5064783096313477
Sample 12,Moirai,0.49352172017097473
Sample 13,TimesFM,0.5043519139289856
Sample 13,Timer,0.4956481158733368
Sample 14,TimesFM,0.5003645420074463
Sample 14,Time-MoE,0.4996354579925537
Sample 15,Moirai,0.5587300658226013
Sample 15,Time-MoE,0.44126996397972107
Sample 0,Moirai,0.6989855766296387
Sample 0,Time-MoE,0.30101436376571655
Sample 1,TimesFM,0.5029166340827942
Sample 1,Chronos,0.4970833361148834
Sample 2,Chronos,0.5014248490333557
Sample 2,Timer,0.4985751807689667
Sample 3,TimesFM,0.5072367787361145
Sample 3,Timer,0.4927632212638855
Sample 4,Chronos,0.5054391622543335
Sample 4,Moirai,0.4945608675479889
Sample 5,TimesFM,0.5015280246734619
Sample 5,Chronos,0.4984719455242157
Sample 6,Timer,0.5012226104736328
Sample 6,TimesFM,0.4987774193286896
Sample 7,Moirai,0.5679627656936646
Sample 7,Chronos,0.43203726410865784
Sample 8,Moirai,0.6858018040657043
Sample 8,Time-MoE,0.31419819593429565
Sample 9,TimesFM,0.5033643245697021
Sample 9,Timer,0.49663567543029785
Sample 10,Time-MoE,0.5089973211288452
Sample 10,Timer,0.49100261926651
Sample 11,TimesFM,0.5082719326019287
Sample 11,Timer,0.4917280972003937
Sample 12,Moirai,0.5416595935821533
Sample 12,Chronos,0.45834046602249146
Sample 13,TimesFM,0.5057532787322998
Sample 13,Timer,0.4942466914653778
Sample 14,Time-MoE,0.5024716258049011
Sample 14,Chronos,0.49752840399742126
Sample 15,Moirai,0.5674571394920349
Sample 15,Chronos,0.4325428903102875
Sample 16,Moirai,0.6321806907653809
Sample 16,Time-MoE,0.36781930923461914
Sample 17,Moirai,0.5021265745162964
Sample 17,TimesFM,0.4978733956813812
Sample 18,Moirai,0.5113049149513245
Sample 18,Chronos,0.48869508504867554
Sample 19,TimesFM,0.5050926804542542
Sample 19,Timer,0.49490728974342346
Sample 20,Moirai,0.5434948205947876
Sample 20,Time-MoE,0.4565052092075348
Sample 21,TimesFM,0.5082682967185974
Sample 21,Timer,0.4917317032814026
Sample 22,TimesFM,0.5015628337860107
Sample 22,Chronos,0.49843716621398926
Sample 23,Timer,0.5009610056877136
Sample 23,Time-MoE,0.499038964509964
Sample 24,Moirai,0.6474255919456482
Sample 24,Chronos,0.3525743782520294
Sample 25,TimesFM,0.5034204721450806
Sample 25,Timer,0.49657949805259705
Sample 26,Moirai,0.5687967538833618
Sample 26,Timer,0.4312031865119934
Sample 27,Moirai,0.5309247374534607
Sample 27,TimesFM,0.46907520294189453
Sample 28,Chronos,0.5042521953582764
Sample 28,Time-MoE,0.49574780464172363
Sample 29,TimesFM,0.5059223175048828
Sample 29,Chronos,0.4940776824951172
Sample 30,Time-MoE,0.5009903907775879
Sample 30,TimesFM,0.4990095794200897
Sample 31,Moirai,0.5415844917297363
Sample 31,Time-MoE,0.4584154784679413
Sample 0,Moirai,0.6486910581588745
Sample 0,TimesFM,0.3513089418411255
Sample 1,Moirai,0.507248044013977
Sample 1,TimesFM,0.4927520155906677
Sample 2,Chronos,0.5000664591789246
Sample 2,Time-MoE,0.49993351101875305
Sample 3,TimesFM,0.5050286650657654
Sample 3,Chronos,0.4949713349342346
Sample 4,Time-MoE,0.500062882900238
Sample 4,TimesFM,0.49993711709976196
Sample 5,TimesFM,0.5047854781150818
Sample 5,Timer,0.4952145218849182
Sample 6,Chronos,0.50387042760849
Sample 6,Timer,0.49612957239151
Sample 7,Moirai,0.5725353956222534
Sample 7,Chronos,0.4274645447731018
Sample 8,Moirai,0.6351854205131531
Sample 8,Time-MoE,0.3648146092891693
Sample 9,TimesFM,0.500137209892273
Sample 9,Moirai,0.49986279010772705
Sample 10,Moirai,0.5032920837402344
Sample 10,Time-MoE,0.4967079162597656
Sample 11,Moirai,0.5168328285217285
Sample 11,Time-MoE,0.48316720128059387
Sample 12,Chronos,0.5104012489318848
Sample 12,Time-MoE,0.48959872126579285
Sample 13,Moirai,0.5110782980918884
Sample 13,TimesFM,0.4889216721057892
Sample 14,TimesFM,0.5108669996261597
Sample 14,Timer,0.4891330301761627
Sample 15,Moirai,0.5667356252670288
Sample 15,Time-MoE,0.4332643747329712
Sample 16,Moirai,0.6718910336494446
Sample 16,Time-MoE,0.32810893654823303
Sample 17,Moirai,0.507379412651062
Sample 17,TimesFM,0.492620587348938
Sample 18,Time-MoE,0.5079983472824097
Sample 18,Chronos,0.49200162291526794
Sample 19,TimesFM,0.5011460185050964
Sample 19,Moirai,0.49885401129722595
Sample 20,Moirai,0.5036690831184387
Sample 20,Chronos,0.4963309168815613
Sample 21,Moirai,0.509688138961792
Sample 21,TimesFM,0.490311861038208
Sample 22,Chronos,0.5019733905792236
Sample 22,Timer,0.49802663922309875
Sample 23,Time-MoE,0.500112771987915
Sample 23,Timer,0.49988722801208496
Sample 24,Moirai,0.6089337468147278
Sample 24,Time-MoE,0.39106622338294983
Sample 25,TimesFM,0.5048382878303528
Sample 25,Timer,0.49516168236732483
Sample 26,Time-MoE,0.503229022026062
Sample 26,Chronos,0.496770977973938
Sample 27,TimesFM,0.5106899738311768
Sample 27,Timer,0.48931002616882324
Sample 28,Chronos,0.5004451274871826
Sample 28,Moirai,0.49955493211746216
Sample 29,TimesFM,0.5088804960250854
Sample 29,Timer,0.49111953377723694
Sample 30,TimesFM,0.5002152323722839
Sample 30,Chronos,0.49978479743003845
Sample 31,Moirai,0.5614979863166809
Sample 31,Time-MoE,0.4385020434856415
Sample 0,Moirai,0.624754011631012
Sample 0,Time-MoE,0.3752460479736328
Sample 1,Moirai,0.5079002976417542
Sample 1,TimesFM,0.49209970235824585
Sample 2,Moirai,0.5013857483863831
Sample 2,TimesFM,0.49861419200897217
Sample 3,TimesFM,0.5065729022026062
Sample 3,Timer,0.4934270679950714
Sample 4,Moirai,0.5583342909812927
Sample 4,Time-MoE,0.4416656494140625
Sample 5,Chronos,0.5020002722740173
Sample 5,Time-MoE,0.49799978733062744
Sample 6,Chronos,0.5001707077026367
Sample 6,Timer,0.4998292922973633
Sample 7,Moirai,0.5639223456382751
Sample 7,Time-MoE,0.43607762455940247
Sample 8,Moirai,0.6167493462562561
Sample 8,Time-MoE,0.3832506537437439
Sample 9,TimesFM,0.5039060711860657
Sample 9,Timer,0.4960939288139343
Sample 10,Moirai,0.5065362453460693
Sample 10,Chronos,0.49346378445625305
Sample 11,TimesFM,0.5058988928794861
Sample 11,Chronos,0.4941011071205139
Sample 12,Chronos,0.5012953877449036
Sample 12,Timer,0.4987046420574188
Sample 13,TimesFM,0.5074885487556458
Sample 13,Timer,0.49251142144203186
Sample 14,Time-MoE,0.5004847049713135
Sample 14,TimesFM,0.4995153248310089
Sample 15,Moirai,0.5384858250617981
Sample 15,Time-MoE,0.4615141451358795
Sample 16,Moirai,0.5800307989120483
Sample 16,TimesFM,0.41996926069259644
Sample 17,TimesFM,0.504356861114502
Sample 17,Chronos,0.49564313888549805
Sample 18,Time-MoE,0.5033470392227173
Sample 18,Chronos,0.4966529607772827
Sample 19,Moirai,0.5640159249305725
Sample 19,TimesFM,0.4359841048717499
Sample 20,Chronos,0.5030022263526917
Sample 20,Timer,0.49699777364730835
Sample 21,TimesFM,0.5090100765228271
Sample 21,Chronos,0.49098992347717285
Sample 22,Chronos,0.5082798004150391
Sample 22,Time-MoE,0.49172016978263855
Sample 23,Time-MoE,0.5002079606056213
Sample 23,TimesFM,0.49979203939437866
Sample 24,Moirai,0.6107228994369507
Sample 24,Time-MoE,0.3892771005630493
Sample 25,TimesFM,0.5036715865135193
Sample 25,Timer,0.4963284432888031
Sample 26,Moirai,0.504041850566864
Sample 26,Time-MoE,0.4959581196308136
Sample 27,TimesFM,0.5118858218193054
Sample 27,Timer,0.4881141185760498
Sample 28,Chronos,0.5002692937850952
Sample 28,Timer,0.4997307062149048
Sample 29,TimesFM,0.5064900517463684
Sample 29,Chronos,0.4935099482536316
Sample 30,TimesFM,0.5015032291412354
Sample 30,Timer,0.49849680066108704
Sample 31,Moirai,0.5220276713371277
Sample 31,Time-MoE,0.4779723584651947
Sample 0,Moirai,0.642483651638031
Sample 0,Time-MoE,0.3575163185596466
Sample 1,Moirai,0.5144516229629517
Sample 1,TimesFM,0.48554837703704834
Sample 2,Moirai,0.5424174666404724
Sample 2,Chronos,0.4575824737548828
Sample 3,Moirai,0.5062732100486755
Sample 3,TimesFM,0.49372681975364685
Sample 4,Chronos,0.5033701658248901
Sample 4,Timer,0.49662983417510986
Sample 5,Moirai,0.5721203088760376
Sample 5,Chronos,0.42787966132164
Sample 6,Moirai,0.526776909828186
Sample 6,Time-MoE,0.47322311997413635
Sample 7,Moirai,0.5364971160888672
Sample 7,Time-MoE,0.4635029137134552
Sample 8,Moirai,0.698702335357666
Sample 8,Timer,0.3012976050376892
Sample 9,TimesFM,0.5034602284431458
Sample 9,Chronos,0.49653974175453186
Sample 10,Chronos,0.5004150867462158
Sample 10,TimesFM,0.49958494305610657
Sample 11,TimesFM,0.5086953043937683
Sample 11,Timer,0.4913047254085541
Sample 12,Moirai,0.5358017683029175
Sample 12,Chronos,0.4641982614994049
Sample 13,TimesFM,0.5008324384689331
Sample 13,Chronos,0.4991675615310669
Sample 14,TimesFM,0.5022358298301697
Sample 14,Time-MoE,0.49776414036750793
Sample 15,Moirai,0.5629130601882935
Sample 15,Timer,0.43708691000938416
Sample 16,Moirai,0.6857047080993652
Sample 16,Chronos,0.31429535150527954
Sample 17,Chronos,0.5011846423149109
Sample 17,TimesFM,0.4988153576850891
Sample 18,Moirai,0.5343220829963684
Sample 18,Chronos,0.4656778573989868
Sample 19,TimesFM,0.5089272260665894
Sample 19,Timer,0.49107280373573303
Sample 20,Chronos,0.5010009407997131
Sample 20,Timer,0.49899905920028687
Sample 21,TimesFM,0.503919780254364
Sample 21,Chronos,0.4960802495479584
Sample 22,Moirai,0.530032217502594
Sample 22,Chronos,0.4699678122997284
Sample 23,Moirai,0.5427849292755127
Sample 23,Time-MoE,0.45721501111984253
Sample 24,Moirai,0.6451151967048645
Sample 24,Timer,0.3548847734928131
Sample 25,TimesFM,0.505163848400116
Sample 25,Timer,0.4948361814022064
Sample 26,Moirai,0.5197657942771912
Sample 26,Chronos,0.4802342355251312
Sample 27,TimesFM,0.5079372525215149
Sample 27,Timer,0.4920627474784851
Sample 28,Moirai,0.5418152213096619
Sample 28,Chronos,0.45818471908569336
Sample 29,TimesFM,0.5068079233169556
Sample 29,Timer,0.49319207668304443
Sample 30,TimesFM,0.5000185966491699
Sample 30,Chronos,0.49998143315315247
Sample 31,Moirai,0.5653190016746521
Sample 31,Chronos,0.4346810281276703
Sample 0,Moirai,0.6735737919807434
Sample 0,Chronos,0.3264262080192566
Sample 1,TimesFM,0.5039830803871155
Sample 1,Chronos,0.4960169494152069
Sample 2,Chronos,0.5011033415794373
Sample 2,TimesFM,0.49889662861824036
Sample 3,TimesFM,0.5076425671577454
Sample 3,Timer,0.49235743284225464
Sample 4,Moirai,0.50758957862854
Sample 4,Chronos,0.4924103915691376
Sample 5,TimesFM,0.5035998225212097
Sample 5,Time-MoE,0.4964001774787903
Sample 6,Moirai,0.5033560991287231
Sample 6,TimesFM,0.49664390087127686
Sample 7,Moirai,0.5666744709014893
Sample 7,Time-MoE,0.43332549929618835
Sample 8,Moirai,0.6590036153793335
Sample 8,Time-MoE,0.3409963846206665
Sample 9,TimesFM,0.5040851831436157
Sample 9,Timer,0.4959148168563843
Sample 10,Moirai,0.5182295441627502
Sample 10,Time-MoE,0.48177045583724976
Sample 11,Moirai,0.5647187829017639
Sample 11,TimesFM,0.43528127670288086
Sample 12,Chronos,0.5129388570785522
Sample 12,Moirai,0.48706111311912537
Sample 13,Moirai,0.5011374950408936
Sample 13,TimesFM,0.49886244535446167
Sample 14,Chronos,0.5009156465530396
Sample 14,TimesFM,0.49908435344696045
Sample 15,Time-MoE,0.5027061104774475
Sample 15,Timer,0.4972938895225525
Sample 16,Moirai,0.6263218522071838
Sample 16,TimesFM,0.37367814779281616
Sample 17,TimesFM,0.5038493871688843
Sample 17,Chronos,0.4961506128311157
Sample 18,Moirai,0.5129980444908142
Sample 18,Time-MoE,0.4870019555091858
Sample 19,TimesFM,0.5092077255249023
Sample 19,Timer,0.4907922148704529
Sample 20,Chronos,0.5019041895866394
Sample 20,Timer,0.4980958104133606
Sample 21,TimesFM,0.5091037154197693
Sample 21,Timer,0.4908963143825531
Sample 22,TimesFM,0.5011909604072571
Sample 22,Chronos,0.4988090395927429
Sample 23,Moirai,0.5160869359970093
Sample 23,Time-MoE,0.48391303420066833
Sample 24,Moirai,0.6961525082588196
Sample 24,Time-MoE,0.30384746193885803
Sample 25,TimesFM,0.5030117630958557
Sample 25,Chronos,0.4969882369041443
Sample 26,Moirai,0.5186388492584229
Sample 26,Time-MoE,0.48136118054389954
Sample 27,TimesFM,0.5088909268379211
Sample 27,Timer,0.49110907316207886
Sample 28,Moirai,0.5468833446502686
Sample 28,Chronos,0.45311665534973145
Sample 29,Time-MoE,0.5026077032089233
Sample 29,Timer,0.4973922669887543
Sample 30,Chronos,0.5005529522895813
Sample 30,Time-MoE,0.4994470775127411
Sample 31,Moirai,0.5849514007568359
Sample 31,Time-MoE,0.41504859924316406
Sample 0,Moirai,0.6757150888442993
Sample 0,Chronos,0.3242848813533783
Sample 1,TimesFM,0.5034095644950867
Sample 1,Chronos,0.49659040570259094
Sample 2,Time-MoE,0.5029113292694092
Sample 2,Timer,0.49708864092826843
Sample 3,TimesFM,0.5069488883018494
Sample 3,Timer,0.49305108189582825
Sample 4,Moirai,0.5087441205978394
Sample 4,Chronos,0.49125587940216064
Sample 5,TimesFM,0.5032041072845459
Sample 5,Time-MoE,0.4967958629131317
Sample 6,Moirai,0.5080468058586121
Sample 6,Chronos,0.49195316433906555
Sample 7,Moirai,0.5427919030189514
Sample 7,Time-MoE,0.4572080969810486
Sample 8,Moirai,0.6651293635368347
Sample 8,Time-MoE,0.33487066626548767
Sample 9,Moirai,0.5007182359695435
Sample 9,TimesFM,0.49928170442581177
Sample 10,Moirai,0.5258755683898926
Sample 10,TimesFM,0.47412440180778503
Sample 11,Moirai,0.5095306634902954
Sample 11,TimesFM,0.4904693067073822
Sample 12,TimesFM,0.5002237558364868
Sample 12,Time-MoE,0.49977627396583557
Sample 13,TimesFM,0.5056907534599304
Sample 13,Timer,0.4943091869354248
Sample 14,Chronos,0.5018412470817566
Sample 14,Time-MoE,0.49815869331359863
Sample 15,Moirai,0.5446415543556213
Sample 15,Chronos,0.45535847544670105
Sample 16,Moirai,0.6573588848114014
Sample 16,Chronos,0.342641144990921
Sample 17,Moirai,0.5072000026702881
Sample 17,TimesFM,0.4927999973297119
Sample 18,Moirai,0.5611353516578674
Sample 18,Chronos,0.43886464834213257
Sample 19,TimesFM,0.5050393342971802
Sample 19,Chronos,0.4949607253074646
Sample 20,TimesFM,0.5022755861282349
Sample 20,Time-MoE,0.49772441387176514
Sample 21,TimesFM,0.5052730441093445
Sample 21,Moirai,0.4947269558906555
Sample 22,Chronos,0.5028648972511292
Sample 22,Time-MoE,0.49713513255119324
Sample 23,Moirai,0.5595369935035706
Sample 23,Chronos,0.44046297669410706
Sample 24,Moirai,0.6541112661361694
Sample 24,Chronos,0.34588876366615295
Sample 25,TimesFM,0.5056177377700806
Sample 25,Timer,0.4943822920322418
Sample 26,Moirai,0.5113310217857361
Sample 26,Time-MoE,0.4886690080165863
Sample 27,TimesFM,0.5046226382255554
Sample 27,Chronos,0.4953773319721222
Sample 28,Time-MoE,0.5026830434799194
Sample 28,Timer,0.49731695652008057
Sample 29,TimesFM,0.5067036747932434
Sample 29,Chronos,0.4932962954044342
Sample 30,Moirai,0.5139449834823608
Sample 30,Time-MoE,0.4860549867153168
Sample 31,Time-MoE,0.5015166997909546
Sample 31,Timer,0.498483270406723
Sample 0,Moirai,0.5854042768478394
Sample 0,TimesFM,0.41459575295448303
Sample 1,TimesFM,0.5040998458862305
Sample 1,Chronos,0.49590009450912476
Sample 2,Time-MoE,0.5035487413406372
Sample 2,Chronos,0.4964512586593628
Sample 3,TimesFM,0.50658118724823
Sample 3,Timer,0.49341875314712524
Sample 4,Chronos,0.502308189868927
Sample 4,Timer,0.4976917803287506
Sample 5,TimesFM,0.5060864090919495
Sample 5,Moirai,0.49391359090805054
Sample 6,TimesFM,0.50237637758255
Sample 6,Chronos,0.4976236820220947
Sample 7,Moirai,0.5312644243240356
Sample 7,Time-MoE,0.46873557567596436
Sample 8,Moirai,0.7018235325813293
Sample 8,Time-MoE,0.29817649722099304
Sample 9,TimesFM,0.5030876994132996
Sample 9,Moirai,0.49691230058670044
Sample 10,Time-MoE,0.5050938725471497
Sample 10,Timer,0.49490609765052795
Sample 11,TimesFM,0.5073266625404358
Sample 11,Timer,0.4926733374595642
Sample 12,Chronos,0.5069140791893005
Sample 12,Moirai,0.4930858910083771
Sample 13,TimesFM,0.5046313405036926
Sample 13,Chronos,0.49536868929862976
Sample 14,TimesFM,0.5006358027458191
Sample 14,Time-MoE,0.4993641972541809
Sample 15,Moirai,0.559646487236023
Sample 15,Time-MoE,0.4403535723686218
Sample 0,Moirai,0.702571451663971
Sample 0,Time-MoE,0.29742857813835144
Sample 1,TimesFM,0.5029299259185791
Sample 1,Chronos,0.4970700144767761
Sample 2,Chronos,0.5011226534843445
Sample 2,Timer,0.4988773465156555
Sample 3,TimesFM,0.5079994797706604
Sample 3,Timer,0.4920004606246948
Sample 4,Chronos,0.5056584477424622
Sample 4,Moirai,0.49434155225753784
Sample 5,TimesFM,0.5015094876289368
Sample 5,Chronos,0.4984905421733856
Sample 6,Timer,0.5007083415985107
Sample 6,TimesFM,0.49929165840148926
Sample 7,Moirai,0.5692991614341736
Sample 7,Chronos,0.4307008683681488
Sample 8,Moirai,0.6892369389533997
Sample 8,Time-MoE,0.31076303124427795
Sample 9,TimesFM,0.5037389993667603
Sample 9,Chronos,0.49626103043556213
Sample 10,Time-MoE,0.509199321269989
Sample 10,Chronos,0.4908006489276886
Sample 11,TimesFM,0.5090065002441406
Sample 11,Timer,0.49099355936050415
Sample 12,Moirai,0.5423173308372498
Sample 12,Chronos,0.45768269896507263
Sample 13,TimesFM,0.5061103701591492
Sample 13,Chronos,0.4938896596431732
Sample 14,Time-MoE,0.5022349953651428
Sample 14,Chronos,0.49776503443717957
Sample 15,Moirai,0.5687904953956604
Sample 15,Chronos,0.4312095046043396
Sample 16,Moirai,0.6345372796058655
Sample 16,Time-MoE,0.3654627501964569
Sample 17,Moirai,0.5022974014282227
Sample 17,TimesFM,0.49770256876945496
Sample 18,Moirai,0.5112331509590149
Sample 18,Chronos,0.4887668490409851
Sample 19,TimesFM,0.5057616233825684
Sample 19,Timer,0.49423840641975403
Sample 20,Moirai,0.5443806648254395
Sample 20,Time-MoE,0.45561936497688293
Sample 21,TimesFM,0.5089085102081299
Sample 21,Timer,0.4910914897918701
Sample 22,TimesFM,0.5017433762550354
Sample 22,Chronos,0.4982566237449646
Sample 23,Timer,0.5010420083999634
Sample 23,Time-MoE,0.4989579916000366
Sample 24,Moirai,0.6500715613365173
Sample 24,Time-MoE,0.34992843866348267
Sample 25,TimesFM,0.5034719109535217
Sample 25,Chronos,0.49652814865112305
Sample 26,Moirai,0.5705788731575012
Sample 26,Chronos,0.42942118644714355
Sample 27,Moirai,0.5316113233566284
Sample 27,TimesFM,0.4683886170387268
Sample 28,Chronos,0.5042991042137146
Sample 28,Time-MoE,0.495700865983963
Sample 29,TimesFM,0.5059967637062073
Sample 29,Chronos,0.4940032362937927
Sample 30,Time-MoE,0.5006633996963501
Sample 30,TimesFM,0.4993366301059723
Sample 31,Moirai,0.5422661304473877
Sample 31,Time-MoE,0.4577338695526123
Sample 0,Moirai,0.651729941368103
Sample 0,TimesFM,0.34827008843421936
Sample 1,Moirai,0.507586658000946
Sample 1,TimesFM,0.49241331219673157
Sample 2,Chronos,0.500281810760498
Sample 2,Time-MoE,0.49971818923950195
Sample 3,TimesFM,0.5051698684692383
Sample 3,Chronos,0.4948301315307617
Sample 4,Time-MoE,0.5000166893005371
Sample 4,TimesFM,0.4999832808971405
Sample 5,TimesFM,0.5053892731666565
Sample 5,Timer,0.4946107566356659
Sample 6,Chronos,0.5043437480926514
Sample 6,Timer,0.4956563115119934
Sample 7,Moirai,0.5739543437957764
Sample 7,Chronos,0.42604565620422363
Sample 8,Moirai,0.6378983855247498
Sample 8,Time-MoE,0.36210161447525024
Sample 9,Moirai,0.5000196099281311
Sample 9,TimesFM,0.4999803900718689
Sample 10,Moirai,0.5033575892448425
Sample 10,Time-MoE,0.49664247035980225
Sample 11,Moirai,0.5170616507530212
Sample 11,Time-MoE,0.48293834924697876
Sample 12,Chronos,0.5108728408813477
Sample 12,Timer,0.48912715911865234
Sample 13,Moirai,0.5114066004753113
Sample 13,TimesFM,0.4885933995246887
Sample 14,TimesFM,0.5116770267486572
Sample 14,Chronos,0.48832300305366516
Sample 15,Moirai,0.5679507255554199
Sample 15,Time-MoE,0.4320492744445801
Sample 16,Moirai,0.6751026511192322
Sample 16,Time-MoE,0.3248974084854126
Sample 17,Moirai,0.5077180862426758
Sample 17,TimesFM,0.4922819137573242
Sample 18,Time-MoE,0.5080722570419312
Sample 18,TimesFM,0.49192777276039124
Sample 19,TimesFM,0.5010706782341003
Sample 19,Moirai,0.49892929196357727
Sample 20,Moirai,0.5038388967514038
Sample 20,Chronos,0.49616116285324097
Sample 21,Moirai,0.5100021958351135
Sample 21,TimesFM,0.48999783396720886
Sample 22,Chronos,0.5023416876792908
Sample 22,Timer,0.49765831232070923
Sample 23,Timer,0.5002799034118652
Sample 23,Time-MoE,0.49972009658813477
Sample 24,Moirai,0.6112322807312012
Sample 24,Time-MoE,0.38876771926879883
Sample 25,TimesFM,0.5054491758346558
Sample 25,Timer,0.49455082416534424
Sample 26,Time-MoE,0.5031834840774536
Sample 26,Chronos,0.496816486120224
Sample 27,TimesFM,0.5114020109176636
Sample 27,Timer,0.4885979890823364
Sample 28,Chronos,0.500671923160553
Sample 28,Moirai,0.499328076839447
Sample 29,TimesFM,0.5093156695365906
Sample 29,Chronos,0.4906843304634094
Sample 30,TimesFM,0.5002363920211792
Sample 30,Chronos,0.4997635781764984
Sample 31,Moirai,0.562506914138794
Sample 31,Timer,0.43749305605888367
Sample 0,Moirai,0.6272703409194946
Sample 0,Time-MoE,0.372729629278183
Sample 1,Moirai,0.5082632303237915
Sample 1,TimesFM,0.4917367398738861
Sample 2,Moirai,0.501537561416626
Sample 2,TimesFM,0.498462438583374
Sample 3,TimesFM,0.5069190263748169
Sample 3,Chronos,0.49308091402053833
Sample 4,Moirai,0.5595477223396301
Sample 4,Time-MoE,0.4404522776603699
Sample 5,Chronos,0.5023515820503235
Sample 5,Time-MoE,0.4976484775543213
Sample 6,Chronos,0.5004199147224426
Sample 6,Timer,0.499580055475235
Sample 7,Moirai,0.5652088522911072
Sample 7,Time-MoE,0.4347911775112152
Sample 8,Moirai,0.6190685629844666
Sample 8,Time-MoE,0.38093143701553345
Sample 9,TimesFM,0.5041981339454651
Sample 9,Timer,0.4958018660545349
Sample 10,Moirai,0.5069398283958435
Sample 10,Chronos,0.4930601418018341
Sample 11,TimesFM,0.5060528516769409
Sample 11,Chronos,0.49394717812538147
Sample 12,Chronos,0.5012345910072327
Sample 12,Timer,0.49876537919044495
Sample 13,TimesFM,0.5079322457313538
Sample 13,Timer,0.49206775426864624
Sample 14,Time-MoE,0.500554621219635
Sample 14,TimesFM,0.4994453489780426
Sample 15,Moirai,0.5391582250595093
Sample 15,Timer,0.4608417749404907
Sample 16,Moirai,0.5818892121315002
Sample 16,TimesFM,0.41811075806617737
Sample 17,TimesFM,0.5045354962348938
Sample 17,Chronos,0.4954645037651062
Sample 18,Time-MoE,0.5033249855041504
Sample 18,Chronos,0.496675044298172
Sample 19,Moirai,0.5654739141464233
Sample 19,TimesFM,0.4345260560512543
Sample 20,Chronos,0.5029851794242859
Sample 20,Timer,0.4970148205757141
Sample 21,TimesFM,0.5093294382095337
Sample 21,Chronos,0.4906705319881439
Sample 22,Chronos,0.508590042591095
Sample 22,Time-MoE,0.4914099872112274
Sample 23,Time-MoE,0.5002103447914124
Sample 23,TimesFM,0.49978965520858765
Sample 24,Moirai,0.612905740737915
Sample 24,Time-MoE,0.3870942294597626
Sample 25,TimesFM,0.5040032267570496
Sample 25,Timer,0.49599671363830566
Sample 26,Moirai,0.5042043924331665
Sample 26,Time-MoE,0.4957955777645111
Sample 27,TimesFM,0.5124810934066772
Sample 27,Timer,0.48751896619796753
Sample 28,Chronos,0.5002045631408691
Sample 28,Timer,0.4997953772544861
Sample 29,TimesFM,0.5067640542984009
Sample 29,Chronos,0.4932360053062439
Sample 30,TimesFM,0.5019056797027588
Sample 30,Timer,0.49809426069259644
Sample 31,Moirai,0.5223050117492676
Sample 31,Time-MoE,0.47769495844841003
Sample 0,Moirai,0.6453404426574707
Sample 0,Time-MoE,0.3546595573425293
Sample 1,Moirai,0.5149875283241272
Sample 1,TimesFM,0.4850125014781952
Sample 2,Moirai,0.5433836579322815
Sample 2,Chronos,0.4566163718700409
Sample 3,Moirai,0.5065818428993225
Sample 3,TimesFM,0.49341821670532227
Sample 4,Chronos,0.5033870339393616
Sample 4,Timer,0.4966129660606384
Sample 5,Moirai,0.5739145874977112
Sample 5,Chronos,0.4260854125022888
Sample 6,Moirai,0.5274841785430908
Sample 6,Time-MoE,0.4725158214569092
Sample 7,Moirai,0.5371223092079163
Sample 7,Time-MoE,0.46287769079208374
Sample 8,Moirai,0.7020875811576843
Sample 8,Timer,0.2979123890399933
Sample 9,TimesFM,0.5037192702293396
Sample 9,Chronos,0.4962807595729828
Sample 10,Chronos,0.5004903078079224
Sample 10,TimesFM,0.49950969219207764
Sample 11,TimesFM,0.5090748071670532
Sample 11,Timer,0.4909251630306244
Sample 12,Moirai,0.5362722277641296
Sample 12,Chronos,0.46372777223587036
Sample 13,TimesFM,0.5009458661079407
Sample 13,Chronos,0.4990541636943817
Sample 14,TimesFM,0.5024104118347168
Sample 14,Time-MoE,0.4975896179676056
Sample 15,Moirai,0.5639015436172485
Sample 15,Timer,0.43609848618507385
Sample 16,Moirai,0.6893326044082642
Sample 16,Chronos,0.31066736578941345
Sample 17,Chronos,0.5011905431747437
Sample 17,TimesFM,0.49880945682525635
Sample 18,Moirai,0.534955620765686
Sample 18,Chronos,0.4650443494319916
Sample 19,TimesFM,0.5093092918395996
Sample 19,Timer,0.4906907081604004
Sample 20,Chronos,0.5010814666748047
Sample 20,Timer,0.4989185631275177
Sample 21,TimesFM,0.5040222406387329
Sample 21,Chronos,0.4959777891635895
Sample 22,Moirai,0.5308453440666199
Sample 22,Chronos,0.46915462613105774
Sample 23,Moirai,0.543517529964447
Sample 23,Time-MoE,0.45648252964019775
Sample 24,Moirai,0.6475186347961426
Sample 24,Timer,0.35248130559921265
Sample 25,TimesFM,0.5054100751876831
Sample 25,Timer,0.4945899248123169
Sample 26,Moirai,0.5198732614517212
Sample 26,Chronos,0.4801267385482788
Sample 27,TimesFM,0.5082681775093079
Sample 27,Timer,0.4917318820953369
Sample 28,Moirai,0.5423721671104431
Sample 28,Chronos,0.4576278626918793
Sample 29,TimesFM,0.5068647265434265
Sample 29,Time-MoE,0.4931352436542511
Sample 30,TimesFM,0.5000460743904114
Sample 30,Chronos,0.49995389580726624
Sample 31,Moirai,0.5664605498313904
Sample 31,Chronos,0.43353939056396484
Sample 0,Moirai,0.6767801642417908
Sample 0,Timer,0.3232198655605316
Sample 1,TimesFM,0.5039440393447876
Sample 1,Timer,0.49605593085289
Sample 2,Chronos,0.5010519623756409
Sample 2,TimesFM,0.4989480674266815
Sample 3,TimesFM,0.5077600479125977
Sample 3,Timer,0.49223995208740234
Sample 4,Moirai,0.5080111622810364
Sample 4,Chronos,0.4919888973236084
Sample 5,TimesFM,0.5034074783325195
Sample 5,Time-MoE,0.4965924918651581
Sample 6,Moirai,0.503848671913147
Sample 6,TimesFM,0.4961513578891754
Sample 7,Moirai,0.5679707527160645
Sample 7,Time-MoE,0.43202921748161316
Sample 8,Moirai,0.6622242331504822
Sample 8,Time-MoE,0.3377757966518402
Sample 9,TimesFM,0.5040323734283447
Sample 9,Timer,0.49596765637397766
Sample 10,Moirai,0.5187440514564514
Sample 10,Time-MoE,0.48125597834587097
Sample 11,Moirai,0.5660237669944763
Sample 11,TimesFM,0.4339762032032013
Sample 12,Chronos,0.51329106092453
Sample 12,Timer,0.4867089092731476
Sample 13,Moirai,0.5011974573135376
Sample 13,TimesFM,0.4988025426864624
Sample 14,Chronos,0.5010515451431274
Sample 14,TimesFM,0.49894848465919495
Sample 15,Time-MoE,0.5030235648155212
Sample 15,Timer,0.49697643518447876
Sample 16,Moirai,0.6289433836936951
Sample 16,TimesFM,0.37105655670166016
Sample 17,TimesFM,0.504050076007843
Sample 17,Chronos,0.49594995379447937
Sample 18,Moirai,0.5132431387901306
Sample 18,Time-MoE,0.486756831407547
Sample 19,TimesFM,0.5096014738082886
Sample 19,Timer,0.4903985559940338
Sample 20,Chronos,0.5023451447486877
Sample 20,Timer,0.49765485525131226
Sample 21,TimesFM,0.5092955231666565
Sample 21,Timer,0.4907044768333435
Sample 22,TimesFM,0.5013629794120789
Sample 22,Chronos,0.49863699078559875
Sample 23,Moirai,0.5162988901138306
Sample 23,Time-MoE,0.48370108008384705
Sample 24,Moirai,0.7000077962875366
Sample 24,Time-MoE,0.2999921441078186
Sample 25,TimesFM,0.5033597946166992
Sample 25,Chronos,0.4966401755809784
Sample 26,Moirai,0.5192213654518127
Sample 26,Time-MoE,0.48077860474586487
Sample 27,TimesFM,0.5090777277946472
Sample 27,Timer,0.49092230200767517
Sample 28,Moirai,0.5476279854774475
Sample 28,Chronos,0.4523720145225525
Sample 29,Time-MoE,0.5027312636375427
Sample 29,Timer,0.49726876616477966
Sample 30,Chronos,0.500190019607544
Sample 30,Time-MoE,0.49981001019477844
Sample 31,Moirai,0.5866382122039795
Sample 31,Time-MoE,0.4133617877960205
Sample 0,Moirai,0.6791783571243286
Sample 0,Chronos,0.3208216428756714
Sample 1,TimesFM,0.5037083029747009
Sample 1,Timer,0.4962916970252991
Sample 2,Time-MoE,0.5031294822692871
Sample 2,Timer,0.4968705177307129
Sample 3,TimesFM,0.5069480538368225
Sample 3,Timer,0.4930519461631775
Sample 4,Moirai,0.5085291266441345
Sample 4,Chronos,0.49147090315818787
Sample 5,TimesFM,0.5030781030654907
Sample 5,Time-MoE,0.4969218671321869
Sample 6,Moirai,0.5086050033569336
Sample 6,Chronos,0.4913949966430664
Sample 7,Moirai,0.5434845089912415
Sample 7,Time-MoE,0.4565155506134033
Sample 8,Moirai,0.6683977842330933
Sample 8,Timer,0.33160221576690674
Sample 9,Moirai,0.5010136961936951
Sample 9,TimesFM,0.49898624420166016
Sample 10,Moirai,0.5263798832893372
Sample 10,TimesFM,0.47362008690834045
Sample 11,Moirai,0.5099312663078308
Sample 11,TimesFM,0.4900687038898468
Sample 12,TimesFM,0.5001476407051086
Sample 12,Time-MoE,0.49985241889953613
Sample 13,TimesFM,0.5059791207313538
Sample 13,Timer,0.49402084946632385
Sample 14,Chronos,0.502369225025177
Sample 14,Time-MoE,0.4976307451725006
Sample 15,Moirai,0.5455299019813538
Sample 15,Chronos,0.45447006821632385
Sample 16,Moirai,0.6604371070861816
Sample 16,Chronos,0.33956292271614075
Sample 17,Moirai,0.5076358318328857
Sample 17,TimesFM,0.49236419796943665
Sample 18,Moirai,0.5621898174285889
Sample 18,Chronos,0.43781018257141113
Sample 19,TimesFM,0.5054433941841125
Sample 19,Chronos,0.49455660581588745
Sample 20,TimesFM,0.5020006895065308
Sample 20,Time-MoE,0.49799931049346924
Sample 21,TimesFM,0.5051778554916382
Sample 21,Moirai,0.4948221445083618
Sample 22,Chronos,0.5030444264411926
Sample 22,Time-MoE,0.49695560336112976
Sample 23,Moirai,0.5604697465896606
Sample 23,Chronos,0.43953028321266174
Sample 24,Moirai,0.6570333242416382
Sample 24,TimesFM,0.3429666757583618
Sample 25,TimesFM,0.5055478811264038
Sample 25,Timer,0.4944521188735962
Sample 26,Moirai,0.5115906596183777
Sample 26,Time-MoE,0.4884093701839447
Sample 27,TimesFM,0.5049145817756653
Sample 27,Chronos,0.4950854182243347
Sample 28,Time-MoE,0.5025144219398499
Sample 28,Timer,0.49748560786247253
Sample 29,TimesFM,0.507051944732666
Sample 29,Chronos,0.4929479956626892
Sample 30,Moirai,0.5140661001205444
Sample 30,Chronos,0.4859338700771332
Sample 31,Time-MoE,0.5018157362937927
Sample 31,Timer,0.49818429350852966
Sample 0,Moirai,0.5874256491661072
Sample 0,TimesFM,0.4125743508338928
Sample 1,TimesFM,0.5043103694915771
Sample 1,Chronos,0.49568960070610046
Sample 2,Time-MoE,0.5036615133285522
Sample 2,Chronos,0.49633851647377014
Sample 3,TimesFM,0.5064982771873474
Sample 3,Timer,0.493501752614975
Sample 4,Chronos,0.502870500087738
Sample 4,TimesFM,0.4971294701099396
Sample 5,TimesFM,0.5059365034103394
Sample 5,Moirai,0.4940635561943054
Sample 6,TimesFM,0.502581775188446
Sample 6,Chronos,0.49741822481155396
Sample 7,Moirai,0.5318511128425598
Sample 7,Time-MoE,0.4681488871574402
Sample 8,Moirai,0.7056884765625
Sample 8,Timer,0.2943114638328552
Sample 9,TimesFM,0.5027263164520264
Sample 9,Moirai,0.497273713350296
Sample 10,Time-MoE,0.5052053928375244
Sample 10,Timer,0.4947945773601532
Sample 11,TimesFM,0.5072086453437805
Sample 11,Timer,0.49279138445854187
Sample 12,Chronos,0.5069991946220398
Sample 12,Moirai,0.4930008351802826
Sample 13,TimesFM,0.5048226714134216
Sample 13,Timer,0.49517732858657837
Sample 14,TimesFM,0.5002944469451904
Sample 14,Time-MoE,0.49970555305480957
Sample 15,Moirai,0.5608540177345276
Sample 15,Chronos,0.4391460418701172
Sample 0,Moirai,0.7064983248710632
Sample 0,Time-MoE,0.29350167512893677
Sample 1,TimesFM,0.5031253695487976
Sample 1,Chronos,0.49687469005584717
Sample 2,Chronos,0.5014801621437073
Sample 2,Timer,0.49851980805397034
Sample 3,TimesFM,0.507808268070221
Sample 3,Timer,0.4921916723251343
Sample 4,Chronos,0.5054503679275513
Sample 4,Moirai,0.49454960227012634
Sample 5,TimesFM,0.501682698726654
Sample 5,Chronos,0.4983173608779907
Sample 6,Timer,0.5010454058647156
Sample 6,TimesFM,0.4989545941352844
Sample 7,Moirai,0.5703728199005127
Sample 7,Chronos,0.4296271800994873
Sample 8,Moirai,0.692807674407959
Sample 8,Time-MoE,0.307192325592041
Sample 9,TimesFM,0.5035589337348938
Sample 9,Timer,0.4964410364627838
Sample 10,Time-MoE,0.5095379948616028
Sample 10,Chronos,0.4904620051383972
Sample 11,TimesFM,0.5088256001472473
Sample 11,Timer,0.4911743998527527
Sample 12,Moirai,0.542884111404419
Sample 12,Chronos,0.45711588859558105
Sample 13,TimesFM,0.5061724185943604
Sample 13,Timer,0.49382755160331726
Sample 14,Time-MoE,0.502353847026825
Sample 14,Chronos,0.49764615297317505
Sample 15,Moirai,0.569870114326477
Sample 15,Chronos,0.43012991547584534
Sample 16,Moirai,0.6373898983001709
Sample 16,Time-MoE,0.3626101613044739
Sample 17,Moirai,0.5028397440910339
Sample 17,TimesFM,0.4971602261066437
Sample 18,Moirai,0.5112320780754089
Sample 18,Chronos,0.4887678921222687
Sample 19,TimesFM,0.5054969787597656
Sample 19,Timer,0.494502991437912
Sample 20,Moirai,0.5453700423240662
Sample 20,Time-MoE,0.45462992787361145
Sample 21,TimesFM,0.5087459683418274
Sample 21,Timer,0.4912540316581726
Sample 22,TimesFM,0.5018641352653503
Sample 22,Chronos,0.49813589453697205
Sample 23,Timer,0.5010693669319153
Sample 23,Time-MoE,0.49893060326576233
Sample 24,Moirai,0.6527571082115173
Sample 24,Chronos,0.34724292159080505
Sample 25,TimesFM,0.5035951137542725
Sample 25,Timer,0.49640488624572754
Sample 26,Moirai,0.5719470381736755
Sample 26,Time-MoE,0.42805299162864685
Sample 27,Moirai,0.5324301719665527
Sample 27,TimesFM,0.4675697684288025
Sample 28,Chronos,0.5050113201141357
Sample 28,Time-MoE,0.4949886202812195
Sample 29,TimesFM,0.5062330961227417
Sample 29,Chronos,0.4937669634819031
Sample 30,Time-MoE,0.5009052753448486
Sample 30,TimesFM,0.49909472465515137
Sample 31,Moirai,0.5432101488113403
Sample 31,Time-MoE,0.45678985118865967
Sample 0,Moirai,0.6547739505767822
Sample 0,TimesFM,0.345225989818573
Sample 1,Moirai,0.5083523988723755
Sample 1,TimesFM,0.4916476011276245
Sample 2,Chronos,0.5005432963371277
Sample 2,Time-MoE,0.4994567334651947
Sample 3,TimesFM,0.5053071975708008
Sample 3,Chronos,0.4946928322315216
Sample 4,TimesFM,0.5001004338264465
Sample 4,Time-MoE,0.4998995065689087
Sample 5,TimesFM,0.5048484206199646
Sample 5,Time-MoE,0.4951515793800354
Sample 6,Chronos,0.5039515495300293
Sample 6,Timer,0.4960484206676483
Sample 7,Moirai,0.5751512050628662
Sample 7,Chronos,0.4248487651348114
Sample 8,Moirai,0.6406040787696838
Sample 8,Time-MoE,0.35939595103263855
Sample 9,Moirai,0.50058913230896
Sample 9,TimesFM,0.49941086769104004
Sample 10,Moirai,0.5033075213432312
Sample 10,Time-MoE,0.4966925084590912
Sample 11,Moirai,0.5171055793762207
Sample 11,Time-MoE,0.4828943610191345
Sample 12,Chronos,0.5111188888549805
Sample 12,Timer,0.4888811409473419
Sample 13,Moirai,0.5121009945869446
Sample 13,TimesFM,0.4878990054130554
Sample 14,TimesFM,0.5116614103317261
Sample 14,Timer,0.4883385896682739
Sample 15,Moirai,0.5693742632865906
Sample 15,Time-MoE,0.43062570691108704
Sample 16,Moirai,0.6784564852714539
Sample 16,Time-MoE,0.32154348492622375
Sample 17,Moirai,0.5084673166275024
Sample 17,TimesFM,0.49153268337249756
Sample 18,Time-MoE,0.5080661177635193
Sample 18,TimesFM,0.49193382263183594
Sample 19,TimesFM,0.5006139278411865
Sample 19,Moirai,0.49938613176345825
Sample 20,Moirai,0.5043854117393494
Sample 20,Chronos,0.495614618062973
Sample 21,Moirai,0.5107203125953674
Sample 21,TimesFM,0.4892796277999878
Sample 22,Chronos,0.5020061135292053
Sample 22,Timer,0.4979938864707947
Sample 23,Timer,0.5001287460327148
Sample 23,Chronos,0.49987125396728516
Sample 24,Moirai,0.6133535504341125
Sample 24,Time-MoE,0.38664647936820984
Sample 25,TimesFM,0.505010187625885
Sample 25,Timer,0.4949897825717926
Sample 26,Time-MoE,0.5037386417388916
Sample 26,Chronos,0.4962613582611084
Sample 27,TimesFM,0.5112990736961365
Sample 27,Timer,0.4887009561061859
Sample 28,Chronos,0.5010895729064941
Sample 28,Moirai,0.49891042709350586
Sample 29,TimesFM,0.5092052221298218
Sample 29,Timer,0.4907948076725006
Sample 30,TimesFM,0.5003066658973694
Sample 30,Chronos,0.4996933043003082
Sample 31,Moirai,0.5637325644493103
Sample 31,Timer,0.4362674653530121
Sample 0,Moirai,0.6298357248306274
Sample 0,Time-MoE,0.37016424536705017
Sample 1,Moirai,0.5088669061660767
Sample 1,TimesFM,0.4911331236362457
Sample 2,Moirai,0.501837968826294
Sample 2,TimesFM,0.49816200137138367
Sample 3,TimesFM,0.5068543553352356
Sample 3,Timer,0.493145614862442
Sample 4,Moirai,0.5607873201370239
Sample 4,Time-MoE,0.4392126798629761
Sample 5,Chronos,0.5022307634353638
Sample 5,Time-MoE,0.4977692663669586
Sample 6,Chronos,0.5001311898231506
Sample 6,Timer,0.49986886978149414
Sample 7,Moirai,0.5665493607521057
Sample 7,Time-MoE,0.4334506392478943
Sample 8,Moirai,0.6215292811393738
Sample 8,Time-MoE,0.3784707188606262
Sample 9,TimesFM,0.5038701891899109
Sample 9,Timer,0.4961298704147339
Sample 10,Moirai,0.507499635219574
Sample 10,Chronos,0.492500364780426
Sample 11,TimesFM,0.5063210725784302
Sample 11,Chronos,0.4936789572238922
Sample 12,Chronos,0.501667857170105
Sample 12,Timer,0.4983321726322174
Sample 13,TimesFM,0.5077241659164429
Sample 13,Timer,0.49227583408355713
Sample 14,Time-MoE,0.5009374022483826
Sample 14,TimesFM,0.49906253814697266
Sample 15,Moirai,0.539914608001709
Sample 15,Timer,0.46008536219596863
Sample 16,Moirai,0.583986222743988
Sample 16,TimesFM,0.41601377725601196
Sample 17,TimesFM,0.5047098398208618
Sample 17,Chronos,0.4952901303768158
Sample 18,Time-MoE,0.5032860636711121
Sample 18,Chronos,0.49671390652656555
Sample 19,Moirai,0.567107081413269
Sample 19,TimesFM,0.43289288878440857
Sample 20,Chronos,0.5033714175224304
Sample 20,Timer,0.4966285526752472
Sample 21,TimesFM,0.5094116926193237
Sample 21,Moirai,0.49058830738067627
Sample 22,Chronos,0.5084168314933777
Sample 22,Time-MoE,0.4915832281112671
Sample 23,Time-MoE,0.5000981688499451
Sample 23,TimesFM,0.49990183115005493
Sample 24,Moirai,0.6152725219726562
Sample 24,Time-MoE,0.38472747802734375
Sample 25,TimesFM,0.5037045478820801
Sample 25,Timer,0.4962954819202423
Sample 26,Moirai,0.5044143795967102
Sample 26,Time-MoE,0.4955855906009674
Sample 27,TimesFM,0.5127710103988647
Sample 27,Timer,0.48722898960113525
Sample 28,Chronos,0.500552237033844
Sample 28,Timer,0.4994477927684784
Sample 29,TimesFM,0.5069631338119507
Sample 29,Chronos,0.4930369257926941
Sample 30,TimesFM,0.501636266708374
Sample 30,Timer,0.49836379289627075
Sample 31,Moirai,0.5227917432785034
Sample 31,Time-MoE,0.4772082269191742
Sample 0,Moirai,0.6480793952941895
Sample 0,Time-MoE,0.35192060470581055
Sample 1,Moirai,0.5156538486480713
Sample 1,TimesFM,0.4843461513519287
Sample 2,Moirai,0.544125497341156
Sample 2,Chronos,0.4558744728565216
Sample 3,Moirai,0.5069987177848816
Sample 3,TimesFM,0.493001252412796
Sample 4,Chronos,0.503190279006958
Sample 4,Timer,0.4968096613883972
Sample 5,Moirai,0.5754274725914001
Sample 5,Chronos,0.42457252740859985
Sample 6,Moirai,0.5280203819274902
Sample 6,Time-MoE,0.47197964787483215
Sample 7,Moirai,0.5377233028411865
Sample 7,Time-MoE,0.4622766971588135
Sample 8,Moirai,0.7060514688491821
Sample 8,Timer,0.29394853115081787
Sample 9,TimesFM,0.5035838484764099
Sample 9,Timer,0.4964161813259125
Sample 10,Chronos,0.5002880096435547
Sample 10,TimesFM,0.4997119605541229
Sample 11,TimesFM,0.5091843008995056
Sample 11,Timer,0.4908156991004944
Sample 12,Moirai,0.5368086099624634
Sample 12,Chronos,0.46319136023521423
Sample 13,TimesFM,0.5010719299316406
Sample 13,Chronos,0.4989280104637146
Sample 14,TimesFM,0.5024715662002563
Sample 14,Time-MoE,0.49752840399742126
Sample 15,Moirai,0.5652413368225098
Sample 15,Timer,0.43475866317749023
Sample 16,Moirai,0.6927452087402344
Sample 16,Chronos,0.3072548508644104
Sample 17,Chronos,0.5009936690330505
Sample 17,TimesFM,0.4990063011646271
Sample 18,Moirai,0.5355464816093445
Sample 18,Chronos,0.4644535183906555
Sample 19,TimesFM,0.5095101594924927
Sample 19,Timer,0.4904898703098297
Sample 20,Chronos,0.5012759566307068
Sample 20,Timer,0.49872398376464844
Sample 21,TimesFM,0.5042759776115417
Sample 21,Chronos,0.49572399258613586
Sample 22,Moirai,0.531663179397583
Sample 22,Time-MoE,0.468336820602417
Sample 23,Moirai,0.5442917346954346
Sample 23,Time-MoE,0.4557082951068878
Sample 24,Moirai,0.650534451007843
Sample 24,Timer,0.3494654893875122
Sample 25,TimesFM,0.5052893757820129
Sample 25,Timer,0.4947105944156647
Sample 26,Moirai,0.5201178789138794
Sample 26,Chronos,0.4798820912837982
Sample 27,TimesFM,0.5082568526268005
Sample 27,Timer,0.4917431175708771
Sample 28,Moirai,0.5430058240890503
Sample 28,Chronos,0.4569942057132721
Sample 29,TimesFM,0.5069270133972168
Sample 29,Time-MoE,0.4930729568004608
Sample 30,TimesFM,0.5001944899559021
Sample 30,Chronos,0.4998055100440979
Sample 31,Moirai,0.5675817131996155
Sample 31,Chronos,0.43241825699806213
Sample 0,Moirai,0.6802057027816772
Sample 0,Time-MoE,0.31979432702064514
Sample 1,TimesFM,0.5039385557174683
Sample 1,Timer,0.49606144428253174
Sample 2,Chronos,0.5009060502052307
Sample 2,TimesFM,0.4990938901901245
Sample 3,TimesFM,0.507943332195282
Sample 3,Timer,0.492056667804718
Sample 4,Moirai,0.5083850622177124
Sample 4,Chronos,0.4916148781776428
Sample 5,TimesFM,0.5033612847328186
Sample 5,Time-MoE,0.4966387450695038
Sample 6,Moirai,0.50436931848526
Sample 6,TimesFM,0.4956306517124176
Sample 7,Moirai,0.5691474080085754
Sample 7,Time-MoE,0.4308525621891022
Sample 8,Moirai,0.6650804877281189
Sample 8,Time-MoE,0.3349195420742035
Sample 9,TimesFM,0.5040275454521179
Sample 9,Timer,0.4959724247455597
Sample 10,Moirai,0.5191805362701416
Sample 10,Time-MoE,0.4808194041252136
Sample 11,Moirai,0.5674949288368225
Sample 11,TimesFM,0.4325050413608551
Sample 12,Chronos,0.5135176181793213
Sample 12,Moirai,0.4864823520183563
Sample 13,Moirai,0.5013517737388611
Sample 13,TimesFM,0.4986482560634613
Sample 14,Chronos,0.500725507736206
Sample 14,TimesFM,0.49927449226379395
Sample 15,Time-MoE,0.5028378963470459
Sample 15,Timer,0.4971621632575989
Sample 16,Moirai,0.6317757368087769
Sample 16,TimesFM,0.36822429299354553
Sample 17,TimesFM,0.5042890310287476
Sample 17,Chronos,0.49571099877357483
Sample 18,Moirai,0.5133617520332336
Sample 18,Time-MoE,0.48663830757141113
Sample 19,TimesFM,0.5098596811294556
Sample 19,Timer,0.49014028906822205
Sample 20,Chronos,0.5024964809417725
Sample 20,Timer,0.4975035488605499
Sample 21,TimesFM,0.5094577670097351
Sample 21,Timer,0.4905422329902649
Sample 22,TimesFM,0.5015628337860107
Sample 22,Chronos,0.49843716621398926
Sample 23,Moirai,0.5165114402770996
Sample 23,Time-MoE,0.4834885001182556
Sample 24,Moirai,0.7034441232681274
Sample 24,Time-MoE,0.2965558171272278
Sample 25,TimesFM,0.5034469962120056
Sample 25,Chronos,0.4965530335903168
Sample 26,Moirai,0.5195821523666382
Sample 26,Timer,0.4804178476333618
Sample 27,TimesFM,0.5093257427215576
Sample 27,Timer,0.49067422747612
Sample 28,Moirai,0.5484554767608643
Sample 28,Chronos,0.45154455304145813
Sample 29,Time-MoE,0.5028506517410278
Sample 29,Timer,0.49714937806129456
Sample 30,Time-MoE,0.5000792741775513
Sample 30,Chronos,0.4999207556247711
Sample 31,Moirai,0.5881703495979309
Sample 31,Time-MoE,0.4118296802043915
Sample 0,Moirai,0.6823890805244446
Sample 0,Chronos,0.3176109492778778
Sample 1,TimesFM,0.5038162469863892
Sample 1,Timer,0.4961837828159332
Sample 2,Time-MoE,0.5031690001487732
Sample 2,Timer,0.4968309700489044
Sample 3,TimesFM,0.5071907043457031
Sample 3,Timer,0.4928092956542969
Sample 4,Moirai,0.5085694789886475
Sample 4,Chronos,0.49143052101135254
Sample 5,TimesFM,0.5031725168228149
Sample 5,Time-MoE,0.49682748317718506
Sample 6,Moirai,0.5091142654418945
Sample 6,Chronos,0.49088573455810547
Sample 7,Moirai,0.544132649898529
Sample 7,Time-MoE,0.45586732029914856
Sample 8,Moirai,0.6715990304946899
Sample 8,Time-MoE,0.3284009099006653
Sample 9,Moirai,0.5012708902359009
Sample 9,TimesFM,0.4987291395664215
Sample 10,Moirai,0.526948869228363
Sample 10,TimesFM,0.4730511009693146
Sample 11,Moirai,0.5103310346603394
Sample 11,TimesFM,0.48966896533966064
Sample 12,TimesFM,0.5002002120018005
Sample 12,Time-MoE,0.4997997283935547
Sample 13,TimesFM,0.5062850117683411
Sample 13,Timer,0.49371495842933655
Sample 14,Chronos,0.5023433566093445
Sample 14,Time-MoE,0.49765661358833313
Sample 15,Moirai,0.5462771654129028
Sample 15,Chronos,0.4537228047847748
Sample 16,Moirai,0.6633433699607849
Sample 16,Chronos,0.3366566002368927
Sample 17,Moirai,0.508057177066803
Sample 17,TimesFM,0.4919428527355194
Sample 18,Moirai,0.5632967352867126
Sample 18,Chronos,0.43670323491096497
Sample 19,TimesFM,0.5055522918701172
Sample 19,Chronos,0.4944476783275604
Sample 20,TimesFM,0.5022063851356506
Sample 20,Time-MoE,0.49779361486434937
Sample 21,TimesFM,0.5050943493843079
Sample 21,Moirai,0.4949056804180145
Sample 22,Chronos,0.5029837489128113
Sample 22,Time-MoE,0.4970162808895111
Sample 23,Moirai,0.5615131855010986
Sample 23,Chronos,0.43848684430122375
Sample 24,Moirai,0.6601403951644897
Sample 24,Time-MoE,0.33985960483551025
Sample 25,TimesFM,0.5057112574577332
Sample 25,Timer,0.49428877234458923
Sample 26,Moirai,0.5116335153579712
Sample 26,Time-MoE,0.4883664548397064
Sample 27,TimesFM,0.5050723552703857
Sample 27,Time-MoE,0.49492767453193665
Sample 28,Time-MoE,0.5024393200874329
Sample 28,Timer,0.4975607097148895
Sample 29,TimesFM,0.5073953866958618
Sample 29,Timer,0.4926046133041382
Sample 30,Moirai,0.5144317746162415
Sample 30,Chronos,0.48556822538375854
Sample 31,Time-MoE,0.5015266537666321
Sample 31,Timer,0.49847331643104553
Sample 0,Moirai,0.589371919631958
Sample 0,TimesFM,0.4106280505657196
Sample 1,TimesFM,0.5045350790023804
Sample 1,Chronos,0.495464950799942
Sample 2,Time-MoE,0.5038560628890991
Sample 2,Moirai,0.4961439073085785
Sample 3,TimesFM,0.5068286061286926
Sample 3,Timer,0.49317142367362976
Sample 4,Chronos,0.5025471448898315
Sample 4,TimesFM,0.49745285511016846
Sample 5,TimesFM,0.5060007572174072
Sample 5,Moirai,0.4939992129802704
Sample 6,TimesFM,0.5028464198112488
Sample 6,Chronos,0.49715352058410645
Sample 7,Moirai,0.5321961641311646
Sample 7,Time-MoE,0.46780386567115784
Sample 8,Moirai,0.7094394564628601
Sample 8,Chronos,0.2905605435371399
Sample 9,TimesFM,0.5025954246520996
Sample 9,Moirai,0.4974046051502228
Sample 10,Time-MoE,0.505326509475708
Sample 10,Timer,0.494673490524292
Sample 11,TimesFM,0.5076146125793457
Sample 11,Timer,0.4923853874206543
Sample 12,Chronos,0.5070745348930359
Sample 12,Moirai,0.4929254353046417
Sample 13,TimesFM,0.504847526550293
Sample 13,Moirai,0.49515244364738464
Sample 14,TimesFM,0.5005328059196472
Sample 14,Time-MoE,0.49946725368499756
Sample 15,Moirai,0.5618522763252258
Sample 15,Time-MoE,0.43814778327941895
Sample 0,Moirai,0.7103240489959717
Sample 0,Time-MoE,0.2896759808063507
Sample 1,TimesFM,0.5032130479812622
Sample 1,Chronos,0.4967869520187378
Sample 2,Chronos,0.5014052391052246
Sample 2,Timer,0.4985947906970978
Sample 3,TimesFM,0.5084117650985718
Sample 3,Timer,0.4915882349014282
Sample 4,Chronos,0.5054750442504883
Sample 4,Moirai,0.49452492594718933
Sample 5,TimesFM,0.5017558932304382
Sample 5,Chronos,0.4982440769672394
Sample 6,Timer,0.5007287263870239
Sample 6,TimesFM,0.4992712438106537
Sample 7,Moirai,0.5718135833740234
Sample 7,Chronos,0.42818641662597656
Sample 8,Moirai,0.6965477466583252
Sample 8,Time-MoE,0.3034522533416748
Sample 9,TimesFM,0.5039418935775757
Sample 9,Timer,0.4960581064224243
Sample 10,Time-MoE,0.5097999572753906
Sample 10,Timer,0.49020007252693176
Sample 11,TimesFM,0.5094031691551208
Sample 11,Timer,0.49059686064720154
Sample 12,Moirai,0.5438328981399536
Sample 12,Chronos,0.4561671018600464
Sample 13,TimesFM,0.5065203905105591
Sample 13,Chronos,0.49347957968711853
Sample 14,Time-MoE,0.5024600028991699
Sample 14,Chronos,0.4975399672985077
Sample 15,Moirai,0.571311354637146
Sample 15,Chronos,0.4286886751651764
Sample 16,Moirai,0.6397916674613953
Sample 16,Time-MoE,0.3602083623409271
Sample 17,Moirai,0.5029295682907104
Sample 17,TimesFM,0.49707040190696716
Sample 18,Moirai,0.5114103555679321
Sample 18,Chronos,0.48858964443206787
Sample 19,TimesFM,0.5060186386108398
Sample 19,Timer,0.49398139119148254
Sample 20,Moirai,0.5462467670440674
Sample 20,Time-MoE,0.453753262758255
Sample 21,TimesFM,0.5092671513557434
Sample 21,Timer,0.4907328188419342
Sample 22,TimesFM,0.502197802066803
Sample 22,Chronos,0.49780213832855225
Sample 23,Timer,0.5010821223258972
Sample 23,Time-MoE,0.4989178478717804
Sample 24,Moirai,0.6556265354156494
Sample 24,Chronos,0.344373494386673
Sample 25,TimesFM,0.5037148594856262
Sample 25,Chronos,0.49628520011901855
Sample 26,Moirai,0.5738428235054016
Sample 26,Time-MoE,0.4261572062969208
Sample 27,Moirai,0.5330389142036438
Sample 27,TimesFM,0.4669610559940338
Sample 28,Chronos,0.5047712326049805
Sample 28,Time-MoE,0.4952288269996643
Sample 29,TimesFM,0.5063538551330566
Sample 29,Chronos,0.49364614486694336
Sample 30,Time-MoE,0.5005789399147034
Sample 30,TimesFM,0.499421089887619
Sample 31,Moirai,0.5438685417175293
Sample 31,Time-MoE,0.4561314284801483
Sample 0,Moirai,0.6577922701835632
Sample 0,TimesFM,0.342207670211792
Sample 1,Moirai,0.5084898471832275
Sample 1,TimesFM,0.49151018261909485
Sample 2,Chronos,0.5001365542411804
Sample 2,Time-MoE,0.4998634457588196
Sample 3,TimesFM,0.5053598284721375
Sample 3,Chronos,0.49464017152786255
Sample 4,Time-MoE,0.5000126957893372
Sample 4,TimesFM,0.49998733401298523
Sample 5,TimesFM,0.5054610371589661
Sample 5,Timer,0.49453896284103394
Sample 6,Chronos,0.5042705535888672
Sample 6,Timer,0.4957294762134552
Sample 7,Moirai,0.5765334367752075
Sample 7,Timer,0.4234665036201477
Sample 8,Moirai,0.6434907913208008
Sample 8,Time-MoE,0.3565092384815216
Sample 9,Moirai,0.5005471706390381
Sample 9,TimesFM,0.4994527995586395
Sample 10,Moirai,0.5035886168479919
Sample 10,Time-MoE,0.49641138315200806
Sample 11,Moirai,0.517630934715271
Sample 11,Time-MoE,0.4823690950870514
Sample 12,Chronos,0.5113705992698669
Sample 12,Timer,0.48862940073013306
Sample 13,Moirai,0.5122151970863342
Sample 13,TimesFM,0.48778480291366577
Sample 14,TimesFM,0.5124464631080627
Sample 14,Chronos,0.48755356669425964
Sample 15,Moirai,0.5706433653831482
Sample 15,Time-MoE,0.4293566644191742
Sample 16,Moirai,0.6817540526390076
Sample 16,Time-MoE,0.3182459771633148
Sample 17,Moirai,0.5086070895195007
Sample 17,TimesFM,0.49139294028282166
Sample 18,Time-MoE,0.5085723400115967
Sample 18,TimesFM,0.49142763018608093
Sample 19,TimesFM,0.500738799571991
Sample 19,Moirai,0.49926120042800903
Sample 20,Moirai,0.5043721795082092
Sample 20,Chronos,0.4956277906894684
Sample 21,Moirai,0.5108254551887512
Sample 21,TimesFM,0.4891745150089264
Sample 22,Chronos,0.5020415186882019
Sample 22,Timer,0.4979584813117981
Sample 23,Timer,0.5001817941665649
Sample 23,Time-MoE,0.49981820583343506
Sample 24,Moirai,0.6161355972290039
Sample 24,Time-MoE,0.3838644027709961
Sample 25,TimesFM,0.505569577217102
Sample 25,Timer,0.49443042278289795
Sample 26,Time-MoE,0.5035576224327087
Sample 26,Chronos,0.49644243717193604
Sample 27,TimesFM,0.5120632648468018
Sample 27,Timer,0.48793676495552063
Sample 28,Chronos,0.5009787082672119
Sample 28,Moirai,0.4990213215351105
Sample 29,TimesFM,0.5095962882041931
Sample 29,Chronos,0.4904037117958069
Sample 30,TimesFM,0.5004752278327942
Sample 30,Chronos,0.4995247721672058
Sample 31,Moirai,0.5646184086799622
Sample 31,Timer,0.43538156151771545
Sample 0,Moirai,0.6321909427642822
Sample 0,Time-MoE,0.3678090572357178
Sample 1,Moirai,0.5090280771255493
Sample 1,TimesFM,0.4909718930721283
Sample 2,Moirai,0.5020066499710083
Sample 2,TimesFM,0.4979933798313141
Sample 3,TimesFM,0.5070199370384216
Sample 3,Chronos,0.49298009276390076
Sample 4,Moirai,0.5619781613349915
Sample 4,Time-MoE,0.43802183866500854
Sample 5,Chronos,0.5023288130760193
Sample 5,Time-MoE,0.4976711571216583
Sample 6,Chronos,0.5004367232322693
Sample 6,Timer,0.4995632767677307
Sample 7,Moirai,0.5678475499153137
Sample 7,Time-MoE,0.4321524500846863
Sample 8,Moirai,0.6235581636428833
Sample 8,Time-MoE,0.3764418065547943
Sample 9,TimesFM,0.5042025446891785
Sample 9,Timer,0.49579745531082153
Sample 10,Moirai,0.5075672268867493
Sample 10,Chronos,0.4924328029155731
Sample 11,TimesFM,0.5064184069633484
Sample 11,Chronos,0.493581622838974
Sample 12,Chronos,0.5012900233268738
Sample 12,Timer,0.4987100064754486
Sample 13,TimesFM,0.5081072449684143
Sample 13,Chronos,0.4918927550315857
Sample 14,Time-MoE,0.5007142424583435
Sample 14,TimesFM,0.4992857575416565
Sample 15,Moirai,0.5404086112976074
Sample 15,Timer,0.45959144830703735
Sample 16,Moirai,0.5856769680976868
Sample 16,TimesFM,0.41432300209999084
Sample 17,TimesFM,0.5046077370643616
Sample 17,Chronos,0.49539223313331604
Sample 18,Time-MoE,0.5039641261100769
Sample 18,Chronos,0.4960358738899231
Sample 19,Moirai,0.5684514045715332
Sample 19,TimesFM,0.4315485954284668
Sample 20,Chronos,0.5031631588935852
Sample 20,Timer,0.4968368411064148
Sample 21,TimesFM,0.5094531178474426
Sample 21,Chronos,0.49054691195487976
Sample 22,Chronos,0.5087468028068542
Sample 22,TimesFM,0.49125322699546814
Sample 23,Time-MoE,0.5002496838569641
Sample 23,TimesFM,0.4997503161430359
Sample 24,Moirai,0.6171888113021851
Sample 24,Time-MoE,0.3828112483024597
Sample 25,TimesFM,0.5040738582611084
Sample 25,Timer,0.4959261119365692
Sample 26,Moirai,0.5044646263122559
Sample 26,Time-MoE,0.49553537368774414
Sample 27,TimesFM,0.5134756565093994
Sample 27,Timer,0.4865243434906006
Sample 28,Chronos,0.5001615285873413
Sample 28,Timer,0.4998384416103363
Sample 29,TimesFM,0.5069374442100525
Sample 29,Chronos,0.4930625259876251
Sample 30,TimesFM,0.501998245716095
Sample 30,Timer,0.49800175428390503
Sample 31,Moirai,0.5227574110031128
Sample 31,Time-MoE,0.47724252939224243
Sample 0,Moirai,0.6508952379226685
Sample 0,Timer,0.34910470247268677
Sample 1,Moirai,0.5160910487174988
Sample 1,TimesFM,0.48390892148017883
Sample 2,Moirai,0.5448601245880127
Sample 2,Chronos,0.4551398754119873
Sample 3,Moirai,0.5072089433670044
Sample 3,TimesFM,0.492791086435318
Sample 4,Chronos,0.5034724473953247
Sample 4,Timer,0.4965275824069977
Sample 5,Moirai,0.5767964720726013
Sample 5,Chronos,0.4232035279273987
Sample 6,Moirai,0.5287084579467773
Sample 6,Time-MoE,0.47129151225090027
Sample 7,Moirai,0.5384297966957092
Sample 7,Time-MoE,0.46157023310661316
Sample 8,Moirai,0.7094124555587769
Sample 8,Timer,0.29058751463890076
Sample 9,TimesFM,0.5034433007240295
Sample 9,Chronos,0.49655669927597046
Sample 10,Chronos,0.5001093149185181
Sample 10,TimesFM,0.49989062547683716
Sample 11,TimesFM,0.5096479058265686
Sample 11,Timer,0.4903521239757538
Sample 12,Moirai,0.5379543900489807
Sample 12,Chronos,0.4620456397533417
Sample 13,TimesFM,0.500625491142273
Sample 13,Chronos,0.49937447905540466
Sample 14,TimesFM,0.5024795532226562
Sample 14,Time-MoE,0.49752041697502136
Sample 15,Moirai,0.5662747025489807
Sample 15,Timer,0.4337253272533417
Sample 16,Moirai,0.6965717673301697
Sample 16,Chronos,0.3034282922744751
Sample 17,Chronos,0.5012785792350769
Sample 17,TimesFM,0.4987214505672455
Sample 18,Moirai,0.5363305807113647
Sample 18,Chronos,0.46366938948631287
Sample 19,TimesFM,0.5099434852600098
Sample 19,Timer,0.4900565445423126
Sample 20,Chronos,0.5008885860443115
Sample 20,Timer,0.4991113841533661
Sample 21,TimesFM,0.5039445161819458
Sample 21,Chronos,0.4960555136203766
Sample 22,Moirai,0.5323640704154968
Sample 22,Time-MoE,0.4676359295845032
Sample 23,Moirai,0.5449007153511047
Sample 23,Time-MoE,0.4550992548465729
Sample 24,Moirai,0.6530318856239319
Sample 24,Timer,0.3469681143760681
Sample 25,TimesFM,0.5055339932441711
Sample 25,Timer,0.4944659471511841
Sample 26,Moirai,0.5208554863929749
Sample 26,Chronos,0.47914448380470276
Sample 27,TimesFM,0.50864177942276
Sample 27,Timer,0.4913581609725952
Sample 28,Moirai,0.544286847114563
Sample 28,Chronos,0.45571309328079224
Sample 29,TimesFM,0.5072618126869202
Sample 29,Time-MoE,0.49273818731307983
Sample 30,Chronos,0.500137209892273
Sample 30,TimesFM,0.4998628497123718
Sample 31,Moirai,0.5692026615142822
Sample 31,Timer,0.43079736828804016
Sample 0,Moirai,0.6835662722587585
Sample 0,Timer,0.31643369793891907
Sample 1,TimesFM,0.5038011074066162
Sample 1,Timer,0.4961988627910614
Sample 2,Chronos,0.5012953877449036
Sample 2,TimesFM,0.49870458245277405
Sample 3,TimesFM,0.5080300569534302
Sample 3,Timer,0.4919699430465698
Sample 4,Moirai,0.508467972278595
Sample 4,Chronos,0.4915320575237274
Sample 5,TimesFM,0.5036216974258423
Sample 5,Time-MoE,0.4963782727718353
Sample 6,Moirai,0.5048831105232239
Sample 6,TimesFM,0.49511685967445374
Sample 7,Moirai,0.5704323649406433
Sample 7,Time-MoE,0.4295676350593567
Sample 8,Moirai,0.6686697006225586
Sample 8,Time-MoE,0.3313302993774414
Sample 9,TimesFM,0.5038914084434509
Sample 9,Timer,0.49610862135887146
Sample 10,Moirai,0.5194724202156067
Sample 10,Time-MoE,0.4805276095867157
Sample 11,Moirai,0.5688577890396118
Sample 11,TimesFM,0.4311422109603882
Sample 12,Chronos,0.5134724974632263
Sample 12,Timer,0.4865275025367737
Sample 13,Moirai,0.5014230012893677
Sample 13,TimesFM,0.49857696890830994
Sample 14,Chronos,0.5010620951652527
Sample 14,TimesFM,0.4989379346370697
Sample 15,Time-MoE,0.5032873153686523
Sample 15,Timer,0.49671265482902527
Sample 16,Moirai,0.6343783736228943
Sample 16,TimesFM,0.3656216263771057
Sample 17,TimesFM,0.5036320090293884
Sample 17,Chronos,0.4963679611682892
Sample 18,Moirai,0.5137768387794495
Sample 18,Time-MoE,0.48622313141822815
Sample 19,TimesFM,0.5102992057800293
Sample 19,Time-MoE,0.4897007942199707
Sample 20,Chronos,0.5020858645439148
Sample 20,Timer,0.49791407585144043
Sample 21,TimesFM,0.5095731019973755
Sample 21,Timer,0.49042683839797974
Sample 22,TimesFM,0.5009929537773132
Sample 22,Chronos,0.49900704622268677
Sample 23,Moirai,0.5164462924003601
Sample 23,Time-MoE,0.4835537075996399
Sample 24,Moirai,0.7075022459030151
Sample 24,Time-MoE,0.29249775409698486
Sample 25,TimesFM,0.5028353333473206
Sample 25,Chronos,0.49716469645500183
Sample 26,Moirai,0.5196306705474854
Sample 26,Timer,0.48036932945251465
Sample 27,TimesFM,0.5094906687736511
Sample 27,Timer,0.49050936102867126
Sample 28,Moirai,0.5499558448791504
Sample 28,Chronos,0.4500441551208496
Sample 29,Time-MoE,0.5027149319648743
Sample 29,Timer,0.49728506803512573
Sample 30,Chronos,0.5006181597709656
Sample 30,Time-MoE,0.49938181042671204
Sample 31,Moirai,0.589871346950531
Sample 31,Time-MoE,0.410128653049469
Sample 0,Moirai,0.6861451864242554
Sample 0,Timer,0.31385481357574463
Sample 1,TimesFM,0.5030423998832703
Sample 1,Chronos,0.49695760011672974
Sample 2,Time-MoE,0.5033161044120789
Sample 2,Timer,0.49668389558792114
Sample 3,TimesFM,0.5070591568946838
Sample 3,Timer,0.4929408133029938
Sample 4,Moirai,0.5092260837554932
Sample 4,Chronos,0.49077385663986206
Sample 5,TimesFM,0.5032698512077332
Sample 5,Chronos,0.49673014879226685
Sample 6,Moirai,0.5091913342475891
Sample 6,Chronos,0.49080872535705566
Sample 7,Moirai,0.5448483228683472
Sample 7,Time-MoE,0.45515167713165283
Sample 8,Moirai,0.6748313307762146
Sample 8,Timer,0.3251686990261078
Sample 9,Moirai,0.5016433596611023
Sample 9,TimesFM,0.4983566403388977
Sample 10,Moirai,0.5276050567626953
Sample 10,TimesFM,0.4723949432373047
Sample 11,Moirai,0.5108380317687988
Sample 11,TimesFM,0.48916199803352356
Sample 12,TimesFM,0.500039279460907
Sample 12,Time-MoE,0.4999607503414154
Sample 13,TimesFM,0.5063543915748596
Sample 13,Chronos,0.49364563822746277
Sample 14,Chronos,0.5017613768577576
Sample 14,Time-MoE,0.4982386827468872
Sample 15,Moirai,0.5472394824028015
Sample 15,Timer,0.4527604877948761
Sample 16,Moirai,0.6668785214424133
Sample 16,Timer,0.33312150835990906
Sample 17,Moirai,0.508552074432373
Sample 17,TimesFM,0.49144795536994934
Sample 18,Moirai,0.5649974942207336
Sample 18,Chronos,0.43500247597694397
Sample 19,TimesFM,0.5048046112060547
Sample 19,Chronos,0.4951954185962677
Sample 20,TimesFM,0.5021494030952454
Sample 20,Time-MoE,0.49785056710243225
Sample 21,TimesFM,0.5049501061439514
Sample 21,Moirai,0.4950498640537262
Sample 22,Chronos,0.5031542181968689
Sample 22,Time-MoE,0.4968457818031311
Sample 23,Moirai,0.5626994371414185
Sample 23,Timer,0.43730056285858154
Sample 24,Moirai,0.6632309556007385
Sample 24,TimesFM,0.3367690443992615
Sample 25,TimesFM,0.505514919757843
Sample 25,Timer,0.4944850206375122
Sample 26,Moirai,0.5115371942520142
Sample 26,Time-MoE,0.48846280574798584
Sample 27,TimesFM,0.504302442073822
Sample 27,Chronos,0.4956975281238556
Sample 28,Time-MoE,0.5029800534248352
Sample 28,Timer,0.4970199763774872
Sample 29,TimesFM,0.5068113803863525
Sample 29,Chronos,0.49318864941596985
Sample 30,Moirai,0.5149775147438049
Sample 30,Chronos,0.48502251505851746
Sample 31,Time-MoE,0.5024285912513733
Sample 31,Timer,0.4975713789463043
Sample 0,Moirai,0.5915077328681946
Sample 0,TimesFM,0.40849223732948303
Sample 1,TimesFM,0.5035023093223572
Sample 1,Chronos,0.4964977204799652
Sample 2,Time-MoE,0.504252552986145
Sample 2,Moirai,0.49574747681617737
Sample 3,TimesFM,0.5066139101982117
Sample 3,Timer,0.4933861196041107
Sample 4,Chronos,0.5024310946464539
Sample 4,TimesFM,0.49756890535354614
Sample 5,TimesFM,0.5057389140129089
Sample 5,Moirai,0.49426111578941345
Sample 6,TimesFM,0.5020759105682373
Sample 6,Chronos,0.4979240894317627
Sample 7,Moirai,0.532572865486145
Sample 7,Time-MoE,0.467427134513855
Sample 8,Moirai,0.7132431268692017
Sample 8,Timer,0.2867569029331207
Sample 9,TimesFM,0.5021257996559143
Sample 9,Moirai,0.4978741705417633
Sample 10,Time-MoE,0.5056438446044922
Sample 10,Timer,0.4943561255931854
Sample 11,TimesFM,0.5073038935661316
Sample 11,Timer,0.492696076631546
Sample 12,Chronos,0.5072199702262878
Sample 12,Moirai,0.49278002977371216
Sample 13,TimesFM,0.5041819214820862
Sample 13,Chronos,0.49581804871559143
Sample 14,TimesFM,0.5002327561378479
Sample 14,Time-MoE,0.4997672438621521
Sample 15,Moirai,0.5628061890602112
Sample 15,Time-MoE,0.43719378113746643
Sample 0,Moirai,0.714232861995697
Sample 0,Timer,0.2857670783996582
Sample 1,TimesFM,0.5021362900733948
Sample 1,Chronos,0.49786365032196045
Sample 2,Chronos,0.5013701915740967
Sample 2,Timer,0.49862977862358093
Sample 3,TimesFM,0.5078644752502441
Sample 3,Timer,0.49213552474975586
Sample 4,Chronos,0.5057592988014221
Sample 4,Moirai,0.4942406415939331
Sample 5,TimesFM,0.5006564855575562
Sample 5,Chronos,0.49934351444244385
Sample 6,Timer,0.5014155507087708
Sample 6,TimesFM,0.49858447909355164
Sample 7,Moirai,0.5731779932975769
Sample 7,Time-MoE,0.4268220365047455
Sample 8,Moirai,0.7004199028015137
Sample 8,Time-MoE,0.29958009719848633
Sample 9,TimesFM,0.5029582977294922
Sample 9,Chronos,0.4970416724681854
Sample 10,Time-MoE,0.5101801753044128
Sample 10,Timer,0.48981985449790955
Sample 11,TimesFM,0.5089395046234131
Sample 11,Timer,0.4910604953765869
Sample 12,Moirai,0.545045018196106
Sample 12,Chronos,0.45495501160621643
Sample 13,TimesFM,0.5055195689201355
Sample 13,Chronos,0.4944804608821869
Sample 14,Time-MoE,0.5024827122688293
Sample 14,Chronos,0.49751731753349304
Sample 15,Moirai,0.5728441476821899
Sample 15,Timer,0.42715582251548767
Sample 16,Moirai,0.6421985626220703
Sample 16,Time-MoE,0.3578014671802521
Sample 17,Moirai,0.50365149974823
Sample 17,TimesFM,0.4963485300540924
Sample 18,Moirai,0.5117080807685852
Sample 18,Chronos,0.48829185962677
Sample 19,TimesFM,0.5054301619529724
Sample 19,Timer,0.4945698082447052
Sample 20,Moirai,0.5471118092536926
Sample 20,Time-MoE,0.452888160943985
Sample 21,TimesFM,0.5088526010513306
Sample 21,Timer,0.49114736914634705
Sample 22,TimesFM,0.5019392371177673
Sample 22,Chronos,0.49806076288223267
Sample 23,Timer,0.5010201930999756
Sample 23,Time-MoE,0.4989798069000244
Sample 24,Moirai,0.6586161255836487
Sample 24,Time-MoE,0.34138381481170654
Sample 25,TimesFM,0.5026611089706421
Sample 25,Chronos,0.4973388910293579
Sample 26,Moirai,0.575330376625061
Sample 26,Timer,0.42466962337493896
Sample 27,Moirai,0.5339634418487549
Sample 27,TimesFM,0.4660365581512451
Sample 28,Chronos,0.504249632358551
Sample 28,Time-MoE,0.495750367641449
Sample 29,TimesFM,0.5053690671920776
Sample 29,Chronos,0.4946309030056
Sample 30,Time-MoE,0.5011071562767029
Sample 30,TimesFM,0.4988928735256195
Sample 31,Moirai,0.5446415543556213
Sample 31,Time-MoE,0.45535844564437866
Sample 0,Moirai,0.660906970500946
Sample 0,TimesFM,0.33909305930137634
Sample 1,Moirai,0.5095224380493164
Sample 1,TimesFM,0.4904775619506836
Sample 2,Time-MoE,0.5002759099006653
Sample 2,Chronos,0.4997240900993347
Sample 3,TimesFM,0.5043842792510986
Sample 3,Chronos,0.49561572074890137
Sample 4,TimesFM,0.5001032948493958
Sample 4,Time-MoE,0.49989667534828186
Sample 5,TimesFM,0.5045455694198608
Sample 5,Timer,0.49545446038246155
Sample 6,Chronos,0.5044012069702148
Sample 6,Timer,0.4955987334251404
Sample 7,Moirai,0.5780062675476074
Sample 7,Time-MoE,0.4219937324523926
Sample 8,Moirai,0.6460758447647095
Sample 8,Time-MoE,0.3539241552352905
Sample 9,Moirai,0.5013858079910278
Sample 9,TimesFM,0.49861419200897217
Sample 10,Moirai,0.5035284161567688
Sample 10,Time-MoE,0.4964716136455536
Sample 11,Moirai,0.5180728435516357
Sample 11,Time-MoE,0.48192715644836426
Sample 12,Chronos,0.5116603970527649
Sample 12,Timer,0.4883396029472351
Sample 13,Moirai,0.5131691694259644
Sample 13,TimesFM,0.48683080077171326
Sample 14,TimesFM,0.5118591785430908
Sample 14,Chronos,0.4881408214569092
Sample 15,Moirai,0.5719347596168518
Sample 15,Time-MoE,0.4280652701854706
Sample 16,Moirai,0.6848500967025757
Sample 16,Time-MoE,0.31514987349510193
Sample 17,Moirai,0.5096256136894226
Sample 17,TimesFM,0.4903743863105774
Sample 18,Time-MoE,0.5091040730476379
Sample 18,TimesFM,0.49089592695236206
Sample 19,TimesFM,0.5000016689300537
Sample 19,Moirai,0.4999983012676239
Sample 20,Moirai,0.5040948987007141
Sample 20,Chronos,0.4959051311016083
Sample 21,Moirai,0.5118048787117004
Sample 21,TimesFM,0.48819515109062195
Sample 22,Chronos,0.5019993185997009
Sample 22,Timer,0.49800071120262146
Sample 23,Time-MoE,0.5003147721290588
Sample 23,Timer,0.49968522787094116
Sample 24,Moirai,0.6186326742172241
Sample 24,Time-MoE,0.3813672959804535
Sample 25,TimesFM,0.5046209096908569
Sample 25,Timer,0.49537909030914307
Sample 26,Time-MoE,0.5033722519874573
Sample 26,Chronos,0.4966277778148651
Sample 27,TimesFM,0.5115313529968262
Sample 27,Timer,0.48846861720085144
Sample 28,Chronos,0.5006606578826904
Sample 28,Moirai,0.49933937191963196
Sample 29,TimesFM,0.5086653828620911
Sample 29,Chronos,0.49133461713790894
Sample 30,Chronos,0.5004479885101318
Sample 30,TimesFM,0.49955201148986816
Sample 31,Moirai,0.5658404231071472
Sample 31,Time-MoE,0.4341595470905304
Sample 0,Moirai,0.6342793107032776
Sample 0,Time-MoE,0.36572062969207764
Sample 1,Moirai,0.5101349353790283
Sample 1,TimesFM,0.4898650646209717
Sample 2,Moirai,0.5026202201843262
Sample 2,TimesFM,0.49737977981567383
Sample 3,TimesFM,0.506048858165741
Sample 3,Chronos,0.4939511716365814
Sample 4,Moirai,0.563083291053772
Sample 4,Time-MoE,0.436916708946228
Sample 5,Chronos,0.5024088025093079
Sample 5,Time-MoE,0.4975912272930145
Sample 6,Chronos,0.5002872347831726
Sample 6,Timer,0.499712735414505
Sample 7,Moirai,0.569036602973938
Sample 7,Time-MoE,0.4309634268283844
Sample 8,Moirai,0.6254656910896301
Sample 8,Time-MoE,0.37453436851501465
Sample 9,TimesFM,0.5030937194824219
Sample 9,Timer,0.49690625071525574
Sample 10,Moirai,0.507415235042572
Sample 10,Chronos,0.4925847351551056
Sample 11,TimesFM,0.5062308311462402
Sample 11,Chronos,0.49376919865608215
Sample 12,Chronos,0.5012475848197937
Sample 12,Timer,0.4987524151802063
Sample 13,TimesFM,0.5070457458496094
Sample 13,Chronos,0.4929542541503906
Sample 14,Time-MoE,0.5013938546180725
Sample 14,TimesFM,0.4986061751842499
Sample 15,Moirai,0.5410183072090149
Sample 15,Time-MoE,0.4589816629886627
Sample 16,Moirai,0.5882028341293335
Sample 16,TimesFM,0.4117971360683441
Sample 17,TimesFM,0.5034733414649963
Sample 17,Chronos,0.49652668833732605
Sample 18,Time-MoE,0.5044456124305725
Sample 18,Chronos,0.4955543875694275
Sample 19,Moirai,0.5704352259635925
Sample 19,TimesFM,0.4295647442340851
Sample 20,Chronos,0.5024370551109314
Sample 20,TimesFM,0.49756288528442383
Sample 21,TimesFM,0.5085347294807434
Sample 21,Chronos,0.491465300321579
Sample 22,Chronos,0.509195864200592
Sample 22,Time-MoE,0.49080413579940796
Sample 23,TimesFM,0.5000270009040833
Sample 23,Time-MoE,0.49997302889823914
Sample 24,Moirai,0.6190126538276672
Sample 24,Time-MoE,0.38098734617233276
Sample 25,TimesFM,0.5029308199882507
Sample 25,Timer,0.49706920981407166
Sample 26,Moirai,0.5043275952339172
Sample 26,Time-MoE,0.49567240476608276
Sample 27,TimesFM,0.5131657123565674
Sample 27,Timer,0.4868342876434326
Sample 28,Chronos,0.5000651478767395
Sample 28,Timer,0.4999348223209381
Sample 29,TimesFM,0.5059478282928467
Sample 29,Chronos,0.4940522015094757
Sample 30,TimesFM,0.5008143186569214
Sample 30,Timer,0.499185711145401
Sample 31,Moirai,0.5229371190071106
Sample 31,Time-MoE,0.477062851190567
Sample 0,Moirai,0.6533512473106384
Sample 0,Time-MoE,0.34664878249168396
Sample 1,Moirai,0.5173761248588562
Sample 1,TimesFM,0.4826238751411438
Sample 2,Moirai,0.5454716682434082
Sample 2,Chronos,0.4545283019542694
Sample 3,Moirai,0.5082235336303711
Sample 3,TimesFM,0.4917764365673065
Sample 4,Chronos,0.5034124255180359
Sample 4,Timer,0.4965876042842865
Sample 5,Moirai,0.5781003832817078
Sample 5,Chronos,0.42189961671829224
Sample 6,Moirai,0.5290538668632507
Sample 6,Time-MoE,0.47094619274139404
Sample 7,Moirai,0.5389857292175293
Sample 7,Time-MoE,0.4610143005847931
Sample 8,Moirai,0.7137044072151184
Sample 8,Time-MoE,0.286295622587204
Sample 9,TimesFM,0.5022566914558411
Sample 9,Chronos,0.49774330854415894
Sample 10,TimesFM,0.5003417730331421
Sample 10,Chronos,0.4996582269668579
Sample 11,TimesFM,0.5086759328842163
Sample 11,Timer,0.4913240671157837
Sample 12,Moirai,0.5388513803482056
Sample 12,Chronos,0.46114858984947205
Sample 13,Chronos,0.5004869103431702
Sample 13,TimesFM,0.4995131194591522
Sample 14,TimesFM,0.5018079280853271
Sample 14,Time-MoE,0.49819204211235046
Sample 15,Moirai,0.5680662989616394
Sample 15,Timer,0.431933730840683
Sample 16,Moirai,0.6998326182365417
Sample 16,Chronos,0.30016735196113586
Sample 17,Chronos,0.5021322965621948
Sample 17,TimesFM,0.49786773324012756
Sample 18,Moirai,0.5367996096611023
Sample 18,Time-MoE,0.4632004499435425
Sample 19,TimesFM,0.509304940700531
Sample 19,Timer,0.4906950891017914
Sample 20,Chronos,0.5009763240814209
Sample 20,Timer,0.4990236759185791
Sample 21,TimesFM,0.5030158758163452
Sample 21,Chronos,0.49698406457901
Sample 22,Moirai,0.5326323509216309
Sample 22,Time-MoE,0.46736761927604675
Sample 23,Moirai,0.5455318689346313
Sample 23,Time-MoE,0.45446813106536865
Sample 24,Moirai,0.6565969586372375
Sample 24,Timer,0.34340304136276245
Sample 25,TimesFM,0.5042086839675903
Sample 25,Timer,0.4957912564277649
Sample 26,Moirai,0.5212963223457336
Sample 26,Chronos,0.47870367765426636
Sample 27,TimesFM,0.5074709057807922
Sample 27,Timer,0.49252912402153015
Sample 28,Moirai,0.545257568359375
Sample 28,Chronos,0.4547424018383026
Sample 29,TimesFM,0.5064804553985596
Sample 29,Timer,0.49351954460144043
Sample 30,Chronos,0.5007177591323853
Sample 30,Timer,0.49928221106529236
Sample 31,Moirai,0.5707748532295227
Sample 31,Chronos,0.4292251765727997
Sample 0,Moirai,0.6871274709701538
Sample 0,Chronos,0.3128725588321686
Sample 1,TimesFM,0.5024590492248535
Sample 1,Timer,0.4975409209728241
Sample 2,Chronos,0.5019276738166809
Sample 2,TimesFM,0.4980723559856415
Sample 3,TimesFM,0.506896436214447
Sample 3,Timer,0.49310359358787537
Sample 4,Moirai,0.5084285736083984
Sample 4,Chronos,0.49157145619392395
Sample 5,TimesFM,0.502886176109314
Sample 5,Timer,0.49711382389068604
Sample 6,Moirai,0.5053836107254028
Sample 6,Timer,0.49461638927459717
Sample 7,Moirai,0.5714637041091919
Sample 7,Time-MoE,0.4285362958908081
Sample 8,Moirai,0.6712868213653564
Sample 8,Time-MoE,0.32871314883232117
Sample 9,TimesFM,0.5026034712791443
Sample 9,Timer,0.4973964989185333
Sample 10,Moirai,0.5195863246917725
Sample 10,Time-MoE,0.4804137051105499
Sample 11,Moirai,0.5707184076309204
Sample 11,TimesFM,0.4292815923690796
Sample 12,Chronos,0.5140007138252258
Sample 12,Moirai,0.48599928617477417
Sample 13,Moirai,0.5021902322769165
Sample 13,TimesFM,0.4978097677230835
Sample 14,Chronos,0.5014672875404358
Sample 14,TimesFM,0.4985327124595642
Sample 15,Time-MoE,0.5028819441795349
Sample 15,Timer,0.4971180856227875
Sample 16,Moirai,0.6375206708908081
Sample 16,TimesFM,0.3624792993068695
Sample 17,TimesFM,0.5026419162750244
Sample 17,Chronos,0.4973580539226532
Sample 18,Moirai,0.5136674642562866
Sample 18,Time-MoE,0.486332505941391
Sample 19,TimesFM,0.5093110203742981
Sample 19,Timer,0.4906889498233795
Sample 20,Chronos,0.5022733211517334
Sample 20,Timer,0.4977266788482666
Sample 21,TimesFM,0.5083238482475281
Sample 21,Timer,0.49167612195014954
Sample 22,Chronos,0.5001083612442017
Sample 22,TimesFM,0.49989163875579834
Sample 23,Moirai,0.5166090130805969
Sample 23,Time-MoE,0.4833909869194031
Sample 24,Moirai,0.7106993198394775
Sample 24,Time-MoE,0.28930070996284485
Sample 25,TimesFM,0.5017228722572327
Sample 25,Chronos,0.49827712774276733
Sample 26,Moirai,0.5198339819908142
Sample 26,Timer,0.4801660478115082
Sample 27,TimesFM,0.5084208250045776
Sample 27,Timer,0.49157917499542236
Sample 28,Moirai,0.5510323643684387
Sample 28,Chronos,0.4489676058292389
Sample 29,Time-MoE,0.5024186372756958
Sample 29,Timer,0.4975813031196594
Sample 30,Chronos,0.500706672668457
Sample 30,Timer,0.49929338693618774
Sample 31,Moirai,0.5912484526634216
Sample 31,Time-MoE,0.40875157713890076
Sample 0,Moirai,0.6893934607505798
Sample 0,Chronos,0.3106065094470978
Sample 1,TimesFM,0.5020955204963684
Sample 1,Chronos,0.4979044795036316
Sample 2,Time-MoE,0.5033810138702393
Sample 2,Timer,0.49661895632743835
Sample 3,TimesFM,0.5058717727661133
Sample 3,Timer,0.49412819743156433
Sample 4,Moirai,0.5093958377838135
Sample 4,Chronos,0.4906041622161865
Sample 5,TimesFM,0.5023550987243652
Sample 5,Chronos,0.49764490127563477
Sample 6,Moirai,0.5092452764511108
Sample 6,Chronos,0.4907546937465668
Sample 7,Moirai,0.5454439520835876
Sample 7,Time-MoE,0.45455604791641235
Sample 8,Moirai,0.6777757406234741
Sample 8,Time-MoE,0.32222428917884827
Sample 9,Moirai,0.5026069283485413
Sample 9,TimesFM,0.49739304184913635
Sample 10,Moirai,0.5279775261878967
Sample 10,Chronos,0.47202247381210327
Sample 11,Moirai,0.5118775367736816
Sample 11,TimesFM,0.48812249302864075
Sample 12,TimesFM,0.5000743865966797
Sample 12,Time-MoE,0.4999256134033203
Sample 13,TimesFM,0.5060221552848816
Sample 13,Timer,0.493977814912796
Sample 14,Chronos,0.5015604496002197
Sample 14,Time-MoE,0.4984395503997803
Sample 15,Moirai,0.5479603409767151
Sample 15,Time-MoE,0.4520396590232849
Sample 16,Moirai,0.6698250770568848
Sample 16,Chronos,0.33017486333847046
Sample 17,Moirai,0.5096510648727417
Sample 17,TimesFM,0.4903489649295807
Sample 18,Moirai,0.5660678148269653
Sample 18,Chronos,0.4339321255683899
Sample 19,TimesFM,0.5039445757865906
Sample 19,Chronos,0.4960554540157318
Sample 20,TimesFM,0.5017091035842896
Sample 20,Time-MoE,0.49829092621803284
Sample 21,TimesFM,0.5041934847831726
Sample 21,Moirai,0.4958065450191498
Sample 22,Chronos,0.5030407309532166
Sample 22,Time-MoE,0.49695926904678345
Sample 23,Moirai,0.5643893480300903
Sample 23,Time-MoE,0.43561068177223206
Sample 24,Moirai,0.6660742163658142
Sample 24,Chronos,0.3339257836341858
Sample 25,TimesFM,0.5042470693588257
Sample 25,Timer,0.4957529306411743
Sample 26,Moirai,0.5113590359687805
Sample 26,Time-MoE,0.4886409640312195
Sample 27,TimesFM,0.5034882426261902
Sample 27,Chronos,0.49651169776916504
Sample 28,Time-MoE,0.5030040740966797
Sample 28,Timer,0.4969959259033203
Sample 29,TimesFM,0.5060833096504211
Sample 29,Timer,0.49391666054725647
Sample 30,Moirai,0.5147407054901123
Sample 30,Time-MoE,0.4852592647075653
Sample 31,Time-MoE,0.5019798874855042
Sample 31,Timer,0.49802014231681824
Sample 0,Moirai,0.5939195156097412
Sample 0,TimesFM,0.4060804843902588
Sample 1,TimesFM,0.5028308629989624
Sample 1,Chronos,0.4971690773963928
Sample 2,Time-MoE,0.5046395063400269
Sample 2,Chronos,0.4953605532646179
Sample 3,TimesFM,0.5056292414665222
Sample 3,Timer,0.4943707585334778
Sample 4,Chronos,0.5020021796226501
Sample 4,TimesFM,0.49799782037734985
Sample 5,TimesFM,0.5052241086959839
Sample 5,Moirai,0.49477583169937134
Sample 6,TimesFM,0.5014936923980713
Sample 6,Chronos,0.4985063076019287
Sample 7,Moirai,0.5331379771232605
Sample 7,Time-MoE,0.4668620228767395
Sample 8,Moirai,0.7167670726776123
Sample 8,Time-MoE,0.2832329571247101
Sample 9,TimesFM,0.5014359354972839
Sample 9,Moirai,0.4985640347003937
Sample 10,Time-MoE,0.5057694911956787
Sample 10,Timer,0.4942305088043213
Sample 11,TimesFM,0.5063540935516357
Sample 11,Timer,0.49364593625068665
Sample 12,Chronos,0.5076130032539368
Sample 12,Moirai,0.4923870265483856
Sample 13,TimesFM,0.5034115314483643
Sample 13,Chronos,0.49658843874931335
Sample 14,Time-MoE,0.500108003616333
Sample 14,Timer,0.4998919665813446
Sample 15,Moirai,0.5639139413833618
Sample 15,Time-MoE,0.43608608841896057
Sample 0,Moirai,0.7175559401512146
Sample 0,Time-MoE,0.2824440896511078
Sample 1,TimesFM,0.5015569925308228
Sample 1,Chronos,0.49844303727149963
Sample 2,Chronos,0.5012301802635193
Sample 2,Timer,0.4987698793411255
Sample 3,TimesFM,0.5070812702178955
Sample 3,Timer,0.4929187595844269
Sample 4,Chronos,0.5060515999794006
Sample 4,Moirai,0.49394842982292175
Sample 5,TimesFM,0.500011146068573
Sample 5,Chronos,0.499988853931427
Sample 6,Timer,0.5021520256996155
Sample 6,Time-MoE,0.4978479743003845
Sample 7,Moirai,0.5745957493782043
Sample 7,Time-MoE,0.42540431022644043
Sample 8,Moirai,0.7034773826599121
Sample 8,Time-MoE,0.2965226471424103
Sample 9,TimesFM,0.5022496581077576
Sample 9,Timer,0.49775034189224243
Sample 10,Time-MoE,0.5106756091117859
Sample 10,Timer,0.4893243908882141
Sample 11,TimesFM,0.5081703066825867
Sample 11,Timer,0.4918297231197357
Sample 12,Moirai,0.5457760691642761
Sample 12,Chronos,0.4542239308357239
Sample 13,TimesFM,0.5049967765808105
Sample 13,Chronos,0.49500319361686707
Sample 14,Time-MoE,0.5025197863578796
Sample 14,Chronos,0.497480183839798
Sample 15,Moirai,0.5743557214736938
Sample 15,Time-MoE,0.4256442189216614
Sample 16,Moirai,0.6444380879402161
Sample 16,Time-MoE,0.35556188225746155
Sample 17,Moirai,0.5042420029640198
Sample 17,TimesFM,0.4957579970359802
Sample 18,Moirai,0.5116580128669739
Sample 18,Chronos,0.4883419871330261
Sample 19,TimesFM,0.5046424269676208
Sample 19,Timer,0.49535757303237915
Sample 20,Moirai,0.5477620959281921
Sample 20,Time-MoE,0.45223790407180786
Sample 21,TimesFM,0.5081545114517212
Sample 21,Timer,0.49184542894363403
Sample 22,TimesFM,0.5017185211181641
Sample 22,Chronos,0.49828144907951355
Sample 23,Timer,0.5010378956794739
Sample 23,Time-MoE,0.4989621341228485
Sample 24,Moirai,0.6612929105758667
Sample 24,Time-MoE,0.3387071192264557
Sample 25,TimesFM,0.5021234750747681
Sample 25,Chronos,0.4978765547275543
Sample 26,Moirai,0.5768354535102844
Sample 26,Chronos,0.4231645166873932
Sample 27,Moirai,0.5348625779151917
Sample 27,TimesFM,0.46513739228248596
Sample 28,Chronos,0.5046098828315735
Sample 28,Time-MoE,0.4953901171684265
Sample 29,TimesFM,0.5048456788063049
Sample 29,Chronos,0.49515432119369507
Sample 30,Time-MoE,0.5017715692520142
Sample 30,TimesFM,0.49822843074798584
Sample 31,Moirai,0.5456414818763733
Sample 31,Time-MoE,0.4543584883213043
Sample 0,Moirai,0.663924515247345
Sample 0,TimesFM,0.33607548475265503
Sample 1,Moirai,0.5100499391555786
Sample 1,TimesFM,0.4899500608444214
Sample 2,Time-MoE,0.500129759311676
Sample 2,Chronos,0.499870240688324
Sample 3,TimesFM,0.50412917137146
Sample 3,Chronos,0.49587079882621765
Sample 4,TimesFM,0.5002964735031128
Sample 4,Time-MoE,0.4997034966945648
Sample 5,TimesFM,0.5037983655929565
Sample 5,Timer,0.4962015748023987
Sample 6,Chronos,0.5043662190437317
Sample 6,Timer,0.4956337809562683
Sample 7,Moirai,0.5796219706535339
Sample 7,Time-MoE,0.4203779995441437
Sample 8,Moirai,0.6482978463172913
Sample 8,Time-MoE,0.35170215368270874
Sample 9,Moirai,0.5017462372779846
Sample 9,TimesFM,0.498253732919693
Sample 10,Moirai,0.5030959844589233
Sample 10,Time-MoE,0.49690407514572144
Sample 11,Moirai,0.5181871056556702
Sample 11,Time-MoE,0.48181283473968506
Sample 12,Chronos,0.5121186375617981
Sample 12,Timer,0.4878813922405243
Sample 13,Moirai,0.5136977434158325
Sample 13,TimesFM,0.4863022267818451
Sample 14,TimesFM,0.5114417672157288
Sample 14,Timer,0.48855823278427124
Sample 15,Moirai,0.5733593702316284
Sample 15,Time-MoE,0.4266406297683716
Sample 16,Moirai,0.6877835392951965
Sample 16,Time-MoE,0.31221652030944824
Sample 17,Moirai,0.5101529359817505
Sample 17,TimesFM,0.4898470342159271
Sample 18,Time-MoE,0.5092178583145142
Sample 18,Chronos,0.49078208208084106
Sample 19,Moirai,0.5002924799919128
Sample 19,TimesFM,0.49970749020576477
Sample 20,Moirai,0.5040416121482849
Sample 20,Chronos,0.4959584176540375
Sample 21,Moirai,0.5123290419578552
Sample 21,TimesFM,0.4876709580421448
Sample 22,Chronos,0.5021105408668518
Sample 22,Timer,0.4978894293308258
Sample 23,Time-MoE,0.500320553779602
Sample 23,Timer,0.49967944622039795
Sample 24,Moirai,0.620418906211853
Sample 24,Time-MoE,0.37958115339279175
Sample 25,TimesFM,0.5038054585456848
Sample 25,Timer,0.4961945116519928
Sample 26,Time-MoE,0.5035897493362427
Sample 26,Chronos,0.4964102506637573
Sample 27,TimesFM,0.5109769701957703
Sample 27,Timer,0.4890230596065521
Sample 28,Chronos,0.5005662441253662
Sample 28,Moirai,0.49943381547927856
Sample 29,TimesFM,0.5084831714630127
Sample 29,Chronos,0.4915167987346649
Sample 30,Chronos,0.5001490116119385
Sample 30,Timer,0.4998509883880615
Sample 31,Moirai,0.5672935843467712
Sample 31,Time-MoE,0.43270644545555115
Sample 0,Moirai,0.6367833614349365
Sample 0,Time-MoE,0.3632166087627411
Sample 1,Moirai,0.5104385018348694
Sample 1,TimesFM,0.48956143856048584
Sample 2,Moirai,0.5026779174804688
Sample 2,TimesFM,0.4973220229148865
Sample 3,TimesFM,0.5059235692024231
Sample 3,Chronos,0.4940764307975769
Sample 4,Moirai,0.5643497109413147
Sample 4,Time-MoE,0.4356502890586853
Sample 5,Chronos,0.5025771260261536
Sample 5,Time-MoE,0.4974229037761688
Sample 6,Chronos,0.5000958442687988
Sample 6,Timer,0.4999040961265564
Sample 7,Moirai,0.5704144239425659
Sample 7,Time-MoE,0.4295855462551117
Sample 8,Moirai,0.6280023455619812
Sample 8,Time-MoE,0.371997594833374
Sample 9,TimesFM,0.5026195645332336
Sample 9,Timer,0.49738046526908875
Sample 10,Moirai,0.5074281692504883
Sample 10,Chronos,0.49257177114486694
Sample 11,TimesFM,0.5062562823295593
Sample 11,Chronos,0.49374374747276306
Sample 12,Chronos,0.5015507340431213
Sample 12,Timer,0.49844926595687866
Sample 13,TimesFM,0.5067576766014099
Sample 13,Timer,0.4932423532009125
Sample 14,Time-MoE,0.5017401576042175
Sample 14,Timer,0.49825984239578247
Sample 15,Moirai,0.5421760082244873
Sample 15,Time-MoE,0.4578239619731903
Sample 16,Moirai,0.5899738073348999
Sample 16,TimesFM,0.4100261926651001
Sample 17,TimesFM,0.5032307505607605
Sample 17,Chronos,0.4967692196369171
Sample 18,Time-MoE,0.5043126344680786
Sample 18,Chronos,0.4956873655319214
Sample 19,Moirai,0.5718024969100952
Sample 19,TimesFM,0.4281975030899048
Sample 20,Chronos,0.5023148059844971
Sample 20,TimesFM,0.4976852238178253
Sample 21,TimesFM,0.508576512336731
Sample 21,Chronos,0.49142348766326904
Sample 22,Chronos,0.5092799067497253
Sample 22,Time-MoE,0.49072006344795227
Sample 23,TimesFM,0.5002135634422302
Sample 23,Time-MoE,0.4997864365577698
Sample 24,Moirai,0.6215064525604248
Sample 24,Time-MoE,0.3784935474395752
Sample 25,TimesFM,0.5024581551551819
Sample 25,Timer,0.4975418746471405
Sample 26,Moirai,0.5043607354164124
Sample 26,Time-MoE,0.49563926458358765
Sample 27,TimesFM,0.5130413174629211
Sample 27,Timer,0.48695868253707886
Sample 28,Chronos,0.5003164410591125
Sample 28,Timer,0.49968355894088745
Sample 29,TimesFM,0.5058661699295044
Sample 29,Chronos,0.49413377046585083
Sample 30,TimesFM,0.500301718711853
Sample 30,Timer,0.49969831109046936
Sample 31,Moirai,0.5237742066383362
Sample 31,Time-MoE,0.4762258529663086
Sample 0,Moirai,0.6563056707382202
Sample 0,Time-MoE,0.3436943292617798
Sample 1,Moirai,0.5176559090614319
Sample 1,TimesFM,0.4823441207408905
Sample 2,Moirai,0.5463988184928894
Sample 2,Chronos,0.4536011815071106
Sample 3,Moirai,0.508311927318573
Sample 3,TimesFM,0.4916880428791046
Sample 4,Chronos,0.5036177039146423
Sample 4,Timer,0.49638232588768005
Sample 5,Moirai,0.5798697471618652
Sample 5,Chronos,0.42013025283813477
Sample 6,Moirai,0.5293257832527161
Sample 6,Time-MoE,0.4706742465496063
Sample 7,Moirai,0.5397017598152161
Sample 7,Time-MoE,0.46029821038246155
Sample 8,Moirai,0.7174041271209717
Sample 8,Time-MoE,0.2825959026813507
Sample 9,TimesFM,0.502196192741394
Sample 9,Chronos,0.49780380725860596
Sample 10,TimesFM,0.5002054572105408
Sample 10,Chronos,0.49979448318481445
Sample 11,TimesFM,0.5085582137107849
Sample 11,Timer,0.4914417862892151
Sample 12,Moirai,0.5398236513137817
Sample 12,Chronos,0.46017634868621826
Sample 13,Chronos,0.5007399916648865
Sample 13,TimesFM,0.4992600083351135
Sample 14,TimesFM,0.5014909505844116
Sample 14,Time-MoE,0.4985090494155884
Sample 15,Moirai,0.5696903467178345
Sample 15,Timer,0.4303097128868103
Sample 16,Moirai,0.7034553289413452
Sample 16,Chronos,0.2965446412563324
Sample 17,Chronos,0.5024546980857849
Sample 17,TimesFM,0.4975453019142151
Sample 18,Moirai,0.5375263094902039
Sample 18,Time-MoE,0.46247363090515137
Sample 19,TimesFM,0.5092443227767944
Sample 19,Timer,0.49075567722320557
Sample 20,Chronos,0.5010812878608704
Sample 20,Timer,0.498918741941452
Sample 21,TimesFM,0.502701997756958
Sample 21,Chronos,0.4972980320453644
Sample 22,Moirai,0.5329797863960266
Sample 22,Time-MoE,0.4670202136039734
Sample 23,Moirai,0.5466921925544739
Sample 23,Time-MoE,0.45330777764320374
Sample 24,Moirai,0.6598081588745117
Sample 24,Timer,0.34019190073013306
Sample 25,TimesFM,0.5039802193641663
Sample 25,Timer,0.49601975083351135
Sample 26,Moirai,0.5216933488845825
Sample 26,Chronos,0.47830668091773987
Sample 27,TimesFM,0.5073021054267883
Sample 27,Timer,0.4926978647708893
Sample 28,Moirai,0.5463127493858337
Sample 28,Chronos,0.45368728041648865
Sample 29,TimesFM,0.5062406659126282
Sample 29,Timer,0.4937593638896942
Sample 30,Chronos,0.5006960034370422
Sample 30,Time-MoE,0.49930402636528015
Sample 31,Moirai,0.5723648071289062
Sample 31,Chronos,0.4276352524757385
Sample 0,Moirai,0.6906602382659912
Sample 0,Time-MoE,0.3093397617340088
Sample 1,TimesFM,0.5025262236595154
Sample 1,Timer,0.49747374653816223
Sample 2,Chronos,0.5021222829818726
Sample 2,TimesFM,0.49787771701812744
Sample 3,TimesFM,0.5070371627807617
Sample 3,Timer,0.4929628372192383
Sample 4,Moirai,0.5085052847862244
Sample 4,Chronos,0.4914947748184204
Sample 5,TimesFM,0.5024470686912537
Sample 5,Time-MoE,0.49755290150642395
Sample 6,Moirai,0.5054678320884705
Sample 6,Timer,0.49453216791152954
Sample 7,Moirai,0.572976291179657
Sample 7,Time-MoE,0.4270237386226654
Sample 8,Moirai,0.6740607023239136
Sample 8,Time-MoE,0.32593926787376404
Sample 9,TimesFM,0.5026853680610657
Sample 9,Timer,0.4973146319389343
Sample 10,Moirai,0.5199602842330933
Sample 10,Time-MoE,0.48003968596458435
Sample 11,Moirai,0.5718212127685547
Sample 11,TimesFM,0.4281787574291229
Sample 12,Chronos,0.5143907070159912
Sample 12,Moirai,0.485609233379364
Sample 13,Moirai,0.5019585490226746
Sample 13,TimesFM,0.49804145097732544
Sample 14,Chronos,0.5019428730010986
Sample 14,TimesFM,0.498057097196579
Sample 15,Time-MoE,0.5028873682022095
Sample 15,Timer,0.4971126616001129
Sample 16,Moirai,0.6399259567260742
Sample 16,TimesFM,0.3600740432739258
Sample 17,TimesFM,0.5025349259376526
Sample 17,Chronos,0.4974651336669922
Sample 18,Moirai,0.5132666230201721
Sample 18,Time-MoE,0.4867333471775055
Sample 19,TimesFM,0.5093849301338196
Sample 19,Timer,0.4906150996685028
Sample 20,Chronos,0.5024452209472656
Sample 20,Timer,0.4975547790527344
Sample 21,TimesFM,0.5084829926490784
Sample 21,Timer,0.49151700735092163
Sample 22,Chronos,0.500259280204773
Sample 22,TimesFM,0.4997406601905823
Sample 23,Moirai,0.5173814296722412
Sample 23,Time-MoE,0.48261862993240356
Sample 24,Moirai,0.7144066691398621
Sample 24,Time-MoE,0.28559333086013794
Sample 25,TimesFM,0.5018682479858398
Sample 25,Chronos,0.49813178181648254
Sample 26,Moirai,0.5200945138931274
Sample 26,Timer,0.47990545630455017
Sample 27,TimesFM,0.5085976123809814
Sample 27,Timer,0.49140235781669617
Sample 28,Moirai,0.5522629022598267
Sample 28,Chronos,0.44773709774017334
Sample 29,Time-MoE,0.5028089880943298
Sample 29,Timer,0.49719101190567017
Sample 30,Chronos,0.5003997683525085
Sample 30,Time-MoE,0.49960020184516907
Sample 31,Moirai,0.5931605100631714
Sample 31,Time-MoE,0.4068394899368286
Sample 0,Moirai,0.6930573582649231
Sample 0,Chronos,0.3069426715373993
Sample 1,TimesFM,0.5022898316383362
Sample 1,Chronos,0.49771013855934143
Sample 2,Time-MoE,0.5034634470939636
Sample 2,Timer,0.4965365529060364
Sample 3,TimesFM,0.5062006115913391
Sample 3,Timer,0.4937993288040161
Sample 4,Moirai,0.5097669363021851
Sample 4,Chronos,0.49023309350013733
Sample 5,TimesFM,0.5021863579750061
Sample 5,Time-MoE,0.4978136718273163
Sample 6,Moirai,0.5091156959533691
Sample 6,Chronos,0.49088430404663086
Sample 7,Moirai,0.5465757250785828
Sample 7,Time-MoE,0.45342424511909485
Sample 8,Moirai,0.6812654137611389
Sample 8,Time-MoE,0.3187345564365387
Sample 9,Moirai,0.5022671222686768
Sample 9,TimesFM,0.497732937335968
Sample 10,Moirai,0.528255045413971
Sample 10,Chronos,0.47174495458602905
Sample 11,Moirai,0.5117633938789368
Sample 11,TimesFM,0.48823660612106323
Sample 12,TimesFM,0.500059187412262
Sample 12,Time-MoE,0.4999408423900604
Sample 13,TimesFM,0.506219208240509
Sample 13,Timer,0.49378082156181335
Sample 14,Chronos,0.5020699501037598
Sample 14,Time-MoE,0.49793002009391785
Sample 15,Moirai,0.5489528775215149
Sample 15,Time-MoE,0.4510471224784851
Sample 16,Moirai,0.6731565594673157
Sample 16,Chronos,0.3268434703350067
Sample 17,Moirai,0.5094610452651978
Sample 17,TimesFM,0.49053895473480225
Sample 18,Moirai,0.5674569010734558
Sample 18,Chronos,0.4325430989265442
Sample 19,TimesFM,0.5042028427124023
Sample 19,Chronos,0.49579718708992004
Sample 20,TimesFM,0.5013136267662048
Sample 20,Time-MoE,0.49868643283843994
Sample 21,TimesFM,0.504672110080719
Sample 21,Moirai,0.4953279197216034
Sample 22,Chronos,0.5032870173454285
Sample 22,Time-MoE,0.49671298265457153
Sample 23,Moirai,0.5658470392227173
Sample 23,Timer,0.4341529607772827
Sample 24,Moirai,0.6692855954170227
Sample 24,Chronos,0.3307144045829773
Sample 25,TimesFM,0.5045432448387146
Sample 25,Timer,0.4954566955566406
Sample 26,Moirai,0.5116522312164307
Sample 26,Time-MoE,0.48834773898124695
Sample 27,TimesFM,0.5035602450370789
Sample 27,Chronos,0.49643969535827637
Sample 28,Time-MoE,0.5029484629631042
Sample 28,Timer,0.49705150723457336
Sample 29,TimesFM,0.5061992406845093
Sample 29,Chronos,0.4938007593154907
Sample 30,Moirai,0.5150914192199707
Sample 30,Chronos,0.4849086105823517
Sample 31,Time-MoE,0.5017531514167786
Sample 31,Timer,0.49824684858322144
Sample 0,Moirai,0.5951380133628845
Sample 0,TimesFM,0.40486201643943787
Sample 1,TimesFM,0.5029920935630798
Sample 1,Chronos,0.49700790643692017
Sample 2,Time-MoE,0.5047792792320251
Sample 2,Chronos,0.49522075057029724
Sample 3,TimesFM,0.5060793161392212
Sample 3,Timer,0.4939207136631012
Sample 4,Chronos,0.5026987791061401
Sample 4,TimesFM,0.49730125069618225
Sample 5,TimesFM,0.5059140920639038
Sample 5,Moirai,0.4940858781337738
Sample 6,TimesFM,0.5016403794288635
Sample 6,Chronos,0.4983595907688141
Sample 7,Moirai,0.5341885685920715
Sample 7,Time-MoE,0.4658113718032837
Sample 8,Moirai,0.720703661441803
Sample 8,Time-MoE,0.2792963683605194
Sample 9,TimesFM,0.5019908547401428
Sample 9,Moirai,0.4980091452598572
Sample 10,Time-MoE,0.5060858130455017
Sample 10,Timer,0.4939141571521759
Sample 11,TimesFM,0.5068352818489075
Sample 11,Timer,0.49316471815109253
Sample 12,Chronos,0.5079038739204407
Sample 12,Moirai,0.4920961260795593
Sample 13,TimesFM,0.5037640333175659
Sample 13,Chronos,0.4962359368801117
Sample 14,Time-MoE,0.50079745054245
Sample 14,Timer,0.49920251965522766
Sample 15,Moirai,0.5657625794410706
Sample 15,Time-MoE,0.43423742055892944
Sample 0,Moirai,0.7214991450309753
Sample 0,Time-MoE,0.27850088477134705
Sample 1,TimesFM,0.50200355052948
Sample 1,Chronos,0.4979964792728424
Sample 2,Chronos,0.5014199018478394
Sample 2,Timer,0.49858003854751587
Sample 3,TimesFM,0.507810652256012
Sample 3,Timer,0.4921893775463104
Sample 4,Chronos,0.5063326358795166
Sample 4,Moirai,0.493667334318161
Sample 5,TimesFM,0.5004309415817261
Sample 5,Chronos,0.4995690882205963
Sample 6,Timer,0.5016147494316101
Sample 6,TimesFM,0.4983852207660675
Sample 7,Moirai,0.5767319202423096
Sample 7,Time-MoE,0.42326807975769043
Sample 8,Moirai,0.7068926095962524
Sample 8,Time-MoE,0.2931073307991028
Sample 9,TimesFM,0.5028862953186035
Sample 9,Chronos,0.4971136748790741
Sample 10,Time-MoE,0.5111270546913147
Sample 10,Chronos,0.4888729453086853
Sample 11,TimesFM,0.5088744759559631
Sample 11,Timer,0.49112552404403687
Sample 12,Moirai,0.546726644039154
Sample 12,Chronos,0.45327335596084595
Sample 13,TimesFM,0.5054574608802795
Sample 13,Chronos,0.49454259872436523
Sample 14,Time-MoE,0.5025720596313477
Sample 14,Chronos,0.49742791056632996
Sample 15,Moirai,0.5761688947677612
Sample 15,Timer,0.423831045627594
Sample 16,Moirai,0.6474610567092896
Sample 16,Time-MoE,0.3525388836860657
Sample 17,Moirai,0.5035911798477173
Sample 17,TimesFM,0.4964088499546051
Sample 18,Moirai,0.5118600726127625
Sample 18,Chronos,0.48813989758491516
Sample 19,TimesFM,0.5052966475486755
Sample 19,Timer,0.4947033226490021
Sample 20,Moirai,0.5483219027519226
Sample 20,Time-MoE,0.4516780972480774
Sample 21,TimesFM,0.5087893009185791
Sample 21,Timer,0.4912106692790985
Sample 22,TimesFM,0.5016586780548096
Sample 22,Chronos,0.49834132194519043
Sample 23,Timer,0.5011515021324158
Sample 23,Time-MoE,0.49884849786758423
Sample 24,Moirai,0.6648699045181274
Sample 24,Chronos,0.33513012528419495
Sample 25,TimesFM,0.5026023983955383
Sample 25,Chronos,0.49739760160446167
Sample 26,Moirai,0.5779874920845032
Sample 26,Timer,0.42201244831085205
Sample 27,Moirai,0.5349709987640381
Sample 27,TimesFM,0.4650290012359619
Sample 28,Chronos,0.5050906538963318
Sample 28,Timer,0.4949093759059906
Sample 29,TimesFM,0.5053640604019165
Sample 29,Chronos,0.4946359694004059
Sample 30,Time-MoE,0.5020214915275574
Sample 30,TimesFM,0.4979785084724426
Sample 31,Moirai,0.5470196008682251
Sample 31,Time-MoE,0.4529803693294525
Sample 0,Moirai,0.6665003299713135
Sample 0,TimesFM,0.33349964022636414
Sample 1,Moirai,0.5093860030174255
Sample 1,TimesFM,0.49061399698257446
Sample 2,Chronos,0.5001389980316162
Sample 2,Time-MoE,0.4998610317707062
Sample 3,TimesFM,0.5047534108161926
Sample 3,Chronos,0.4952465891838074
Sample 4,TimesFM,0.5002078413963318
Sample 4,Time-MoE,0.4997921288013458
Sample 5,TimesFM,0.5046237707138062
Sample 5,Timer,0.49537622928619385
Sample 6,Chronos,0.5049067139625549
Sample 6,Timer,0.49509331583976746
Sample 7,Moirai,0.5816293954849243
Sample 7,Timer,0.41837063431739807
Sample 8,Moirai,0.6509082913398743
Sample 8,Time-MoE,0.34909167885780334
Sample 9,Moirai,0.5009562373161316
Sample 9,TimesFM,0.4990437626838684
Sample 10,Moirai,0.5025765299797058
Sample 10,Time-MoE,0.49742352962493896
Sample 11,Moirai,0.5181582570075989
Sample 11,Time-MoE,0.4818417727947235
Sample 12,Chronos,0.5126023292541504
Sample 12,Time-MoE,0.4873976707458496
Sample 13,Moirai,0.5131033062934875
Sample 13,TimesFM,0.48689672350883484
Sample 14,TimesFM,0.5123775005340576
Sample 14,Time-MoE,0.4876224398612976
Sample 15,Moirai,0.575146496295929
Sample 15,Time-MoE,0.4248535633087158
Sample 16,Moirai,0.6913517117500305
Sample 16,Time-MoE,0.30864831805229187
Sample 17,Moirai,0.5094969868659973
Sample 17,TimesFM,0.4905029833316803
Sample 18,Time-MoE,0.5093758702278137
Sample 18,Chronos,0.4906241297721863
Sample 19,TimesFM,0.5005344748497009
Sample 19,Moirai,0.4994655251502991
Sample 20,Moirai,0.5038420557975769
Sample 20,Chronos,0.4961579740047455
Sample 21,Moirai,0.5116825699806213
Sample 21,TimesFM,0.48831745982170105
Sample 22,Chronos,0.5026273727416992
Sample 22,Timer,0.4973725974559784
Sample 23,Timer,0.5003502368927002
Sample 23,Time-MoE,0.4996497333049774
Sample 24,Moirai,0.622277557849884
Sample 24,Time-MoE,0.3777224123477936
Sample 25,TimesFM,0.5047016739845276
Sample 25,Timer,0.4952983558177948
Sample 26,Time-MoE,0.504085898399353
Sample 26,Chronos,0.495914101600647
Sample 27,TimesFM,0.5118458867073059
Sample 27,Timer,0.48815417289733887
Sample 28,Chronos,0.5002632737159729
Sample 28,Moirai,0.4997366964817047
Sample 29,TimesFM,0.5091790556907654
Sample 29,Chronos,0.4908209443092346
Sample 30,Chronos,0.5004483461380005
Sample 30,Time-MoE,0.4995516538619995
Sample 31,Moirai,0.5690877437591553
Sample 31,Timer,0.4309122860431671
Sample 0,Moirai,0.6398882269859314
Sample 0,Time-MoE,0.3601118326187134
Sample 1,Moirai,0.5096977353096008
Sample 1,TimesFM,0.49030226469039917
Sample 2,Moirai,0.5022968053817749
Sample 2,TimesFM,0.4977031648159027
Sample 3,TimesFM,0.5064720511436462
Sample 3,Chronos,0.49352794885635376
Sample 4,Moirai,0.5659111142158508
Sample 4,Time-MoE,0.4340888559818268
Sample 5,Chronos,0.5023137331008911
Sample 5,Time-MoE,0.4976862370967865
Sample 6,Chronos,0.500473141670227
Sample 6,Timer,0.49952688813209534
Sample 7,Moirai,0.5720931887626648
Sample 7,Time-MoE,0.4279068410396576
Sample 8,Moirai,0.6312029957771301
Sample 8,Time-MoE,0.36879706382751465
Sample 9,TimesFM,0.5034347772598267
Sample 9,Timer,0.49656522274017334
Sample 10,Moirai,0.5073286890983582
Sample 10,Chronos,0.49267131090164185
Sample 11,TimesFM,0.5064646005630493
Sample 11,Chronos,0.4935353994369507
Sample 12,Chronos,0.5014462471008301
Sample 12,Timer,0.49855372309684753
Sample 13,TimesFM,0.5076071619987488
Sample 13,Chronos,0.4923928380012512
Sample 14,Time-MoE,0.5020037889480591
Sample 14,TimesFM,0.4979962408542633
Sample 15,Moirai,0.5435702800750732
Sample 15,Timer,0.45642974972724915
Sample 16,Moirai,0.5907002687454224
Sample 16,TimesFM,0.40929970145225525
Sample 17,TimesFM,0.5037727355957031
Sample 17,Chronos,0.4962272346019745
Sample 18,Time-MoE,0.5043611526489258
Sample 18,Chronos,0.495638906955719
Sample 19,Moirai,0.5723004341125488
Sample 19,TimesFM,0.42769959568977356
Sample 20,Chronos,0.5027432441711426
Sample 20,TimesFM,0.4972567856311798
Sample 21,TimesFM,0.5093557834625244
Sample 21,Chronos,0.4906441867351532
Sample 22,Chronos,0.5093543529510498
Sample 22,Time-MoE,0.4906456768512726
Sample 23,Time-MoE,0.5000399947166443
Sample 23,TimesFM,0.4999600350856781
Sample 24,Moirai,0.6246681213378906
Sample 24,Time-MoE,0.375331848859787
Sample 25,TimesFM,0.5033100247383118
Sample 25,Timer,0.4966900050640106
Sample 26,Moirai,0.5045496225357056
Sample 26,Time-MoE,0.49545037746429443
Sample 27,TimesFM,0.5137550234794617
Sample 27,Timer,0.48624497652053833
Sample 28,Chronos,0.5002297759056091
Sample 28,Timer,0.49977022409439087
Sample 29,TimesFM,0.5065288543701172
Sample 29,Chronos,0.4934711158275604
Sample 30,TimesFM,0.5008334517478943
Sample 30,Time-MoE,0.4991665482521057
Sample 31,Moirai,0.5249646306037903
Sample 31,Time-MoE,0.4750353693962097
Sample 0,Moirai,0.6596699357032776
Sample 0,Timer,0.3403300940990448
Sample 1,Moirai,0.5169745683670044
Sample 1,TimesFM,0.4830254018306732
Sample 2,Moirai,0.5472270250320435
Sample 2,Chronos,0.4527730345726013
Sample 3,Moirai,0.5075027942657471
Sample 3,TimesFM,0.49249717593193054
Sample 4,Chronos,0.5038613677024841
Sample 4,Time-MoE,0.4961385726928711
Sample 5,Moirai,0.5813745260238647
Sample 5,Chronos,0.4186254143714905
Sample 6,Moirai,0.5296937227249146
Sample 6,Time-MoE,0.47030630707740784
Sample 7,Moirai,0.5405663251876831
Sample 7,Time-MoE,0.4594336152076721
Sample 8,Moirai,0.7206277251243591
Sample 8,Timer,0.27937227487564087
Sample 9,TimesFM,0.502884566783905
Sample 9,Chronos,0.49711549282073975
Sample 10,Chronos,0.5001228451728821
Sample 10,TimesFM,0.4998772144317627
Sample 11,TimesFM,0.5094427466392517
Sample 11,Timer,0.4905572533607483
Sample 12,Moirai,0.5409085750579834
Sample 12,Chronos,0.4590914249420166
Sample 13,Chronos,0.500289797782898
Sample 13,TimesFM,0.49971023201942444
Sample 14,TimesFM,0.5014723539352417
Sample 14,Time-MoE,0.4985277056694031
Sample 15,Moirai,0.5708953142166138
Sample 15,Timer,0.42910468578338623
Sample 16,Moirai,0.7069517374038696
Sample 16,Chronos,0.29304829239845276
Sample 17,Chronos,0.5022163391113281
Sample 17,TimesFM,0.49778369069099426
Sample 18,Moirai,0.538409411907196
Sample 18,Chronos,0.46159058809280396
Sample 19,TimesFM,0.5099087357521057
Sample 19,Timer,0.4900912642478943
Sample 20,Chronos,0.5009742975234985
Sample 20,Timer,0.4990256726741791
Sample 21,TimesFM,0.5030772686004639
Sample 21,Chronos,0.49692270159721375
Sample 22,Moirai,0.5334752202033997
Sample 22,Time-MoE,0.46652474999427795
Sample 23,Moirai,0.5480883717536926
Sample 23,Time-MoE,0.4519116282463074
Sample 24,Moirai,0.6621822118759155
Sample 24,Timer,0.3378177583217621
Sample 25,TimesFM,0.504894495010376
Sample 25,Timer,0.4951055347919464
Sample 26,Moirai,0.5222969651222229
Sample 26,Chronos,0.4777030944824219
Sample 27,TimesFM,0.5082541704177856
Sample 27,Timer,0.49174579977989197
Sample 28,Moirai,0.5475256443023682
Sample 28,Chronos,0.45247432589530945
Sample 29,TimesFM,0.5064907073974609
Sample 29,Time-MoE,0.49350929260253906
Sample 30,Chronos,0.5004710555076599
Sample 30,Time-MoE,0.4995289146900177
Sample 31,Moirai,0.5739789605140686
Sample 31,Timer,0.4260210692882538
Sample 0,Moirai,0.6934393644332886
Sample 0,Timer,0.30656060576438904
Sample 1,TimesFM,0.5033432245254517
Sample 1,Timer,0.4966568350791931
Sample 2,Chronos,0.5018823146820068
Sample 2,TimesFM,0.49811768531799316
Sample 3,TimesFM,0.5078880190849304
Sample 3,Timer,0.4921119809150696
Sample 4,Moirai,0.5084390044212341
Sample 4,Chronos,0.4915609657764435
Sample 5,TimesFM,0.5024998188018799
Sample 5,Time-MoE,0.4975002408027649
Sample 6,Moirai,0.5051069855690002
Sample 6,TimesFM,0.49489301443099976
Sample 7,Moirai,0.5747429728507996
Sample 7,Time-MoE,0.42525702714920044
Sample 8,Moirai,0.6772283315658569
Sample 8,Time-MoE,0.32277169823646545
Sample 9,TimesFM,0.5035025477409363
Sample 9,Timer,0.49649742245674133
Sample 10,Moirai,0.5203807353973389
Sample 10,Time-MoE,0.47961923480033875
Sample 11,Moirai,0.5722260475158691
Sample 11,TimesFM,0.42777395248413086
Sample 12,Chronos,0.5147084593772888
Sample 12,Moirai,0.4852915406227112
Sample 13,Moirai,0.5009264945983887
Sample 13,TimesFM,0.49907350540161133
Sample 14,Chronos,0.5019308924674988
Sample 14,TimesFM,0.498069167137146
Sample 15,Time-MoE,0.5036066770553589
Sample 15,Timer,0.49639326333999634
Sample 16,Moirai,0.6416314244270325
Sample 16,TimesFM,0.35836854577064514
Sample 17,TimesFM,0.5031058192253113
Sample 17,Chronos,0.4968942105770111
Sample 18,Moirai,0.5128735303878784
Sample 18,Time-MoE,0.4871264696121216
Sample 19,TimesFM,0.5100307464599609
Sample 19,Time-MoE,0.48996925354003906
Sample 20,Chronos,0.502476692199707
Sample 20,Timer,0.49752333760261536
Sample 21,TimesFM,0.5094110369682312
Sample 21,Timer,0.4905889630317688
Sample 22,TimesFM,0.500331461429596
Sample 22,Chronos,0.49966853857040405
Sample 23,Moirai,0.5182384252548218
Sample 23,Time-MoE,0.4817616045475006
Sample 24,Moirai,0.7186969518661499
Sample 24,Time-MoE,0.2813030481338501
Sample 25,TimesFM,0.5026105046272278
Sample 25,Chronos,0.4973894953727722
Sample 26,Moirai,0.5202747583389282
Sample 26,Time-MoE,0.4797252416610718
Sample 27,TimesFM,0.5094779133796692
Sample 27,Timer,0.4905221164226532
Sample 28,Moirai,0.5535738468170166
Sample 28,Chronos,0.446426123380661
Sample 29,Time-MoE,0.5032755136489868
Sample 29,Timer,0.4967244863510132
Sample 30,Chronos,0.5000072717666626
Sample 30,Time-MoE,0.4999927580356598
Sample 31,Moirai,0.5953705310821533
Sample 31,Time-MoE,0.4046294689178467
Sample 0,Moirai,0.6964707374572754
Sample 0,Timer,0.30352920293807983
Sample 1,TimesFM,0.5029333233833313
Sample 1,Chronos,0.4970666766166687
Sample 2,Time-MoE,0.5036227107048035
Sample 2,Timer,0.49637728929519653
Sample 3,TimesFM,0.5069171190261841
Sample 3,Timer,0.4930828809738159
Sample 4,Moirai,0.5102196931838989
Sample 4,Chronos,0.4897802472114563
Sample 5,TimesFM,0.5024317502975464
Sample 5,Time-MoE,0.4975682199001312
Sample 6,Moirai,0.509022057056427
Sample 6,Chronos,0.4909779131412506
Sample 7,Moirai,0.5478324890136719
Sample 7,Time-MoE,0.4521675407886505
Sample 8,Moirai,0.6845018267631531
Sample 8,Timer,0.3154982328414917
Sample 9,Moirai,0.5012646317481995
Sample 9,TimesFM,0.4987353980541229
Sample 10,Moirai,0.5286082029342651
Sample 10,Chronos,0.47139185667037964
Sample 11,Moirai,0.5110538601875305
Sample 11,TimesFM,0.4889461398124695
Sample 12,Time-MoE,0.5001038908958435
Sample 12,TimesFM,0.4998961091041565
Sample 13,TimesFM,0.5066139698028564
Sample 13,Chronos,0.49338603019714355
Sample 14,Chronos,0.5024588108062744
Sample 14,Time-MoE,0.497541218996048
Sample 15,Moirai,0.5499608516693115
Sample 15,Timer,0.4500391483306885
Sample 16,Moirai,0.6763502955436707
Sample 16,Chronos,0.32364970445632935
Sample 17,Moirai,0.5086107850074768
Sample 17,TimesFM,0.4913891851902008
Sample 18,Moirai,0.5688921809196472
Sample 18,Chronos,0.4311078190803528
Sample 19,TimesFM,0.5048530697822571
Sample 19,Chronos,0.4951469600200653
Sample 20,TimesFM,0.5009660124778748
Sample 20,Time-MoE,0.49903398752212524
Sample 21,TimesFM,0.5057879090309143
Sample 21,Moirai,0.4942121207714081
Sample 22,Chronos,0.5032521486282349
Sample 22,Time-MoE,0.4967478811740875
Sample 23,Moirai,0.5670238733291626
Sample 23,Timer,0.432976096868515
Sample 24,Moirai,0.6714320778846741
Sample 24,TimesFM,0.3285679221153259
Sample 25,TimesFM,0.5052477121353149
Sample 25,Timer,0.49475228786468506
Sample 26,Moirai,0.5119795203208923
Sample 26,Time-MoE,0.48802047967910767
Sample 27,TimesFM,0.5041123628616333
Sample 27,Chronos,0.4958876371383667
Sample 28,Time-MoE,0.5031457543373108
Sample 28,Timer,0.4968542754650116
Sample 29,TimesFM,0.506841242313385
Sample 29,Chronos,0.4931587874889374
Sample 30,Moirai,0.5153961181640625
Sample 30,Chronos,0.4846038520336151
Sample 31,Time-MoE,0.5023130178451538
Sample 31,Timer,0.4976869821548462
Sample 0,Moirai,0.5960670113563538
Sample 0,TimesFM,0.40393298864364624
Sample 1,TimesFM,0.5034008622169495
Sample 1,Chronos,0.49659910798072815
Sample 2,Time-MoE,0.5050954222679138
Sample 2,Chronos,0.4949045479297638
Sample 3,TimesFM,0.506587564945221
Sample 3,Timer,0.49341243505477905
Sample 4,Chronos,0.5032049417495728
Sample 4,TimesFM,0.49679502844810486
Sample 5,TimesFM,0.506855845451355
Sample 5,Moirai,0.49314412474632263
Sample 6,TimesFM,0.5020250082015991
Sample 6,Chronos,0.4979749917984009
Sample 7,Moirai,0.5351518988609314
Sample 7,Time-MoE,0.46484804153442383
Sample 8,Moirai,0.7240804433822632
Sample 8,Timer,0.2759195864200592
Sample 9,TimesFM,0.5027989149093628
Sample 9,Moirai,0.4972010552883148
Sample 10,Time-MoE,0.5064316987991333
Sample 10,Timer,0.4935683012008667
Sample 11,TimesFM,0.5073379278182983
Sample 11,Timer,0.49266207218170166
Sample 12,Chronos,0.5081654191017151
Sample 12,Moirai,0.49183452129364014
Sample 13,TimesFM,0.5043260455131531
Sample 13,Chronos,0.4956739842891693
Sample 14,Time-MoE,0.5007674098014832
Sample 14,TimesFM,0.49923262000083923
Sample 15,Moirai,0.5673573613166809
Sample 15,Timer,0.4326426684856415
Sample 0,Moirai,0.724959135055542
Sample 0,Timer,0.275040864944458
Sample 1,TimesFM,0.502358078956604
Sample 1,Chronos,0.4976419508457184
Sample 2,Chronos,0.5016394257545471
Sample 2,Timer,0.4983605444431305
Sample 3,TimesFM,0.508152425289154
Sample 3,Timer,0.49184751510620117
Sample 4,Chronos,0.506611168384552
Sample 4,Moirai,0.4933887720108032
Sample 5,TimesFM,0.5008028745651245
Sample 5,Chronos,0.4991971254348755
Sample 6,Timer,0.5014852285385132
Sample 6,TimesFM,0.4985148012638092
Sample 7,Moirai,0.5783844590187073
Sample 7,Chronos,0.4216156005859375
Sample 8,Moirai,0.710414469242096
Sample 8,Time-MoE,0.28958550095558167
Sample 9,TimesFM,0.5031225681304932
Sample 9,Timer,0.4968774616718292
Sample 10,Time-MoE,0.5117944478988647
Sample 10,Timer,0.48820555210113525
Sample 11,TimesFM,0.5092248320579529
Sample 11,Timer,0.4907751679420471
Sample 12,Moirai,0.5476766228675842
Sample 12,Chronos,0.45232337713241577
Sample 13,TimesFM,0.5058801174163818
Sample 13,Chronos,0.49411988258361816
Sample 14,Time-MoE,0.5028693675994873
Sample 14,Chronos,0.4971306324005127
Sample 15,Moirai,0.5776351094245911
Sample 15,Timer,0.42236489057540894
Sample 16,Moirai,0.6503990888595581
Sample 16,Time-MoE,0.34960097074508667
Sample 17,Moirai,0.5030546188354492
Sample 17,TimesFM,0.4969453513622284
Sample 18,Moirai,0.5120048522949219
Sample 18,Chronos,0.4879951477050781
Sample 19,TimesFM,0.5055617094039917
Sample 19,Timer,0.4944382905960083
Sample 20,Moirai,0.5490414500236511
Sample 20,Time-MoE,0.45095857977867126
Sample 21,TimesFM,0.5090966820716858
Sample 21,Timer,0.4909033179283142
Sample 22,TimesFM,0.5018511414527893
Sample 22,Chronos,0.4981488883495331
Sample 23,Timer,0.501168966293335
Sample 23,Time-MoE,0.49883103370666504
Sample 24,Moirai,0.6676082611083984
Sample 24,Timer,0.33239173889160156
Sample 25,TimesFM,0.5029485821723938
Sample 25,Chronos,0.4970513880252838
Sample 26,Moirai,0.5790390968322754
Sample 26,Timer,0.4209608733654022
Sample 27,Moirai,0.535140335559845
Sample 27,TimesFM,0.46485966444015503
Sample 28,Chronos,0.505344808101654
Sample 28,Timer,0.49465516209602356
Sample 29,TimesFM,0.5058181285858154
Sample 29,Chronos,0.4941818416118622
Sample 30,Time-MoE,0.5021328330039978
Sample 30,TimesFM,0.4978671669960022
Sample 31,Moirai,0.5482057332992554
Sample 31,Time-MoE,0.45179423689842224
Sample 0,Moirai,0.6691834926605225
Sample 0,TimesFM,0.33081647753715515
Sample 1,Moirai,0.5091472864151001
Sample 1,TimesFM,0.4908527135848999
Sample 2,Chronos,0.5003722310066223
Sample 2,Time-MoE,0.4996277689933777
Sample 3,TimesFM,0.5050025582313538
Sample 3,Chronos,0.49499738216400146
Sample 4,TimesFM,0.5002074837684631
Sample 4,Time-MoE,0.49979251623153687
Sample 5,TimesFM,0.5046765804290771
Sample 5,Timer,0.49532344937324524
Sample 6,Chronos,0.5048261880874634
Sample 6,Timer,0.495173841714859
Sample 7,Moirai,0.5833014845848083
Sample 7,Timer,0.41669851541519165
Sample 8,Moirai,0.6534538269042969
Sample 8,Time-MoE,0.34654611349105835
Sample 9,Moirai,0.50057053565979
Sample 9,TimesFM,0.49942946434020996
Sample 10,Moirai,0.5022178292274475
Sample 10,Time-MoE,0.4977821707725525
Sample 11,Moirai,0.5182476043701172
Sample 11,Time-MoE,0.4817523658275604
Sample 12,Chronos,0.5129283666610718
Sample 12,Timer,0.48707160353660583
Sample 13,Moirai,0.5129078030586243
Sample 13,TimesFM,0.4870922267436981
Sample 14,TimesFM,0.5128077268600464
Sample 14,Time-MoE,0.4871923327445984
Sample 15,Moirai,0.5766397714614868
Sample 15,Time-MoE,0.42336028814315796
Sample 16,Moirai,0.6946220993995667
Sample 16,Time-MoE,0.30537790060043335
Sample 17,Moirai,0.5092647671699524
Sample 17,TimesFM,0.4907352030277252
Sample 18,Time-MoE,0.5097633600234985
Sample 18,Chronos,0.4902366101741791
Sample 19,TimesFM,0.5009796619415283
Sample 19,Moirai,0.49902036786079407
Sample 20,Moirai,0.5037119388580322
Sample 20,Chronos,0.49628809094429016
Sample 21,Moirai,0.5114517211914062
Sample 21,TimesFM,0.48854827880859375
Sample 22,Chronos,0.5025001764297485
Sample 22,Timer,0.49749988317489624
Sample 23,Timer,0.5004451274871826
Sample 23,Time-MoE,0.4995548725128174
Sample 24,Moirai,0.6242448091506958
Sample 24,Time-MoE,0.3757551908493042
Sample 25,TimesFM,0.5047758221626282
Sample 25,Timer,0.49522414803504944
Sample 26,Time-MoE,0.5046027898788452
Sample 26,Chronos,0.49539715051651
Sample 27,TimesFM,0.512089192867279
Sample 27,Timer,0.48791080713272095
Sample 28,Chronos,0.5001862645149231
Sample 28,Moirai,0.4998137652873993
Sample 29,TimesFM,0.5095006823539734
Sample 29,Timer,0.49049925804138184
Sample 30,Chronos,0.5002211928367615
Sample 30,Time-MoE,0.4997788369655609
Sample 31,Moirai,0.5705991983413696
Sample 31,Timer,0.42940086126327515
Sample 0,Moirai,0.6424753665924072
Sample 0,Time-MoE,0.3575246334075928
Sample 1,Moirai,0.5096108913421631
Sample 1,TimesFM,0.4903891384601593
Sample 2,Moirai,0.5022179484367371
Sample 2,TimesFM,0.49778205156326294
Sample 3,TimesFM,0.5066840052604675
Sample 3,Chronos,0.4933159351348877
Sample 4,Moirai,0.5672312378883362
Sample 4,Time-MoE,0.4327687919139862
Sample 5,Chronos,0.5020105838775635
Sample 5,Time-MoE,0.4979894459247589
Sample 6,Chronos,0.5002263188362122
Sample 6,Timer,0.49977368116378784
Sample 7,Moirai,0.5734916925430298
Sample 7,Time-MoE,0.4265083074569702
Sample 8,Moirai,0.6337387561798096
Sample 8,Time-MoE,0.36626124382019043
Sample 9,TimesFM,0.503318190574646
Sample 9,Timer,0.4966818392276764
Sample 10,Moirai,0.5073034763336182
Sample 10,Chronos,0.49269652366638184
Sample 11,TimesFM,0.5067227482795715
Sample 11,Chronos,0.4932772219181061
Sample 12,Chronos,0.5016891956329346
Sample 12,Timer,0.49831077456474304
Sample 13,TimesFM,0.507612407207489
Sample 13,Timer,0.4923875629901886
Sample 14,Time-MoE,0.502051830291748
Sample 14,TimesFM,0.49794816970825195
Sample 15,Moirai,0.5447361469268799
Sample 15,Timer,0.4552638530731201
Sample 16,Moirai,0.5920941233634949
Sample 16,TimesFM,0.4079058766365051
Sample 17,TimesFM,0.5040286779403687
Sample 17,Chronos,0.49597135186195374
Sample 18,Time-MoE,0.5045643448829651
Sample 18,Chronos,0.4954356551170349
Sample 19,Moirai,0.5733917951583862
Sample 19,TimesFM,0.42660823464393616
Sample 20,Chronos,0.5027899146080017
Sample 20,TimesFM,0.4972101151943207
Sample 21,TimesFM,0.5096012353897095
Sample 21,Chronos,0.4903987944126129
Sample 22,Chronos,0.5095553398132324
Sample 22,Time-MoE,0.49044468998908997
Sample 23,Time-MoE,0.500053346157074
Sample 23,TimesFM,0.4999466836452484
Sample 24,Moirai,0.6271556615829468
Sample 24,Time-MoE,0.3728443384170532
Sample 25,TimesFM,0.503211498260498
Sample 25,Timer,0.49678847193717957
Sample 26,Moirai,0.5046542882919312
Sample 26,Time-MoE,0.49534568190574646
Sample 27,TimesFM,0.5139960050582886
Sample 27,Timer,0.4860039949417114
Sample 28,Chronos,0.5004168152809143
Sample 28,Timer,0.4995831549167633
Sample 29,TimesFM,0.5067636966705322
Sample 29,Chronos,0.4932363033294678
Sample 30,TimesFM,0.5008976459503174
Sample 30,Time-MoE,0.49910232424736023
Sample 31,Moirai,0.525722086429596
Sample 31,Time-MoE,0.4742778539657593
Sample 0,Moirai,0.6624463200569153
Sample 0,Chronos,0.3375537395477295
Sample 1,Moirai,0.5171670913696289
Sample 1,TimesFM,0.4828329086303711
Sample 2,Moirai,0.5478456616401672
Sample 2,Chronos,0.45215433835983276
Sample 3,Moirai,0.5074917078018188
Sample 3,TimesFM,0.49250826239585876
Sample 4,Chronos,0.5038507580757141
Sample 4,Timer,0.49614930152893066
Sample 5,Moirai,0.5825580954551697
Sample 5,Chronos,0.4174419045448303
Sample 6,Moirai,0.5300390124320984
Sample 6,Time-MoE,0.4699609875679016
Sample 7,Moirai,0.5412250757217407
Sample 7,Time-MoE,0.4587749242782593
Sample 8,Moirai,0.7243921756744385
Sample 8,Timer,0.27560779452323914
Sample 9,TimesFM,0.5028228759765625
Sample 9,Timer,0.4971771538257599
Sample 10,TimesFM,0.500124990940094
Sample 10,Chronos,0.499875009059906
Sample 11,TimesFM,0.5093874335289001
Sample 11,Timer,0.49061256647109985
Sample 12,Moirai,0.5416393280029297
Sample 12,Chronos,0.4583606719970703
Sample 13,Chronos,0.5001751184463501
Sample 13,TimesFM,0.4998249113559723
Sample 14,TimesFM,0.5016345977783203
Sample 14,Time-MoE,0.4983654022216797
Sample 15,Moirai,0.5725585222244263
Sample 15,Timer,0.42744141817092896
Sample 16,Moirai,0.7099736332893372
Sample 16,Chronos,0.2900264263153076
Sample 17,Chronos,0.5020338892936707
Sample 17,TimesFM,0.49796614050865173
Sample 18,Moirai,0.5390549898147583
Sample 18,Chronos,0.4609450399875641
Sample 19,TimesFM,0.509975790977478
Sample 19,Timer,0.4900241792201996
Sample 20,Chronos,0.5011604428291321
Sample 20,Timer,0.49883952736854553
Sample 21,TimesFM,0.5033844709396362
Sample 21,Chronos,0.49661552906036377
Sample 22,Moirai,0.534010112285614
Sample 22,Time-MoE,0.4659898579120636
Sample 23,Moirai,0.549036979675293
Sample 23,Time-MoE,0.45096302032470703
Sample 24,Moirai,0.6653097867965698
Sample 24,Timer,0.3346901834011078
Sample 25,TimesFM,0.5046806931495667
Sample 25,Timer,0.4953192472457886
Sample 26,Moirai,0.5227499008178711
Sample 26,Chronos,0.4772500991821289
Sample 27,TimesFM,0.5081219673156738
Sample 27,Timer,0.4918780028820038
Sample 28,Moirai,0.548376202583313
Sample 28,Chronos,0.451623797416687
Sample 29,TimesFM,0.5065562725067139
Sample 29,Time-MoE,0.4934437572956085
Sample 30,Chronos,0.5003267526626587
Sample 30,Time-MoE,0.4996733069419861
Sample 31,Moirai,0.5753739476203918
Sample 31,Chronos,0.42462605237960815
Sample 0,Moirai,0.6967363357543945
Sample 0,Chronos,0.3032636046409607
Sample 1,TimesFM,0.5030400156974792
Sample 1,Timer,0.49695995450019836
Sample 2,Chronos,0.5017299652099609
Sample 2,TimesFM,0.49827003479003906
Sample 3,TimesFM,0.5077115297317505
Sample 3,Timer,0.4922885000705719
Sample 4,Moirai,0.5084646940231323
Sample 4,Chronos,0.49153533577919006
Sample 5,TimesFM,0.5023612976074219
Sample 5,Time-MoE,0.4976387321949005
Sample 6,Moirai,0.5051460862159729
Sample 6,Time-MoE,0.4948539733886719
Sample 7,Moirai,0.5759781002998352
Sample 7,Time-MoE,0.4240218997001648
Sample 8,Moirai,0.6797711849212646
Sample 8,Time-MoE,0.32022881507873535
Sample 9,TimesFM,0.5032030344009399
Sample 9,Timer,0.49679696559906006
Sample 10,Moirai,0.5206538438796997
Sample 10,Time-MoE,0.4793461859226227
Sample 11,Moirai,0.5734491348266602
Sample 11,TimesFM,0.42655089497566223
Sample 12,Chronos,0.5150635242462158
Sample 12,Moirai,0.48493650555610657
Sample 13,Moirai,0.5008666515350342
Sample 13,TimesFM,0.4991333782672882
Sample 14,Chronos,0.501510739326477
Sample 14,TimesFM,0.49848926067352295
Sample 15,Time-MoE,0.50357586145401
Sample 15,Timer,0.4964241683483124
Sample 16,Moirai,0.6441572308540344
Sample 16,TimesFM,0.3558427393436432
Sample 17,TimesFM,0.5032826066017151
Sample 17,Chronos,0.4967173933982849
Sample 18,Moirai,0.512725830078125
Sample 18,Time-MoE,0.487274169921875
Sample 19,TimesFM,0.5099972486495972
Sample 19,Timer,0.4900027811527252
Sample 20,Chronos,0.502678394317627
Sample 20,Timer,0.49732160568237305
Sample 21,TimesFM,0.5092192888259888
Sample 21,Timer,0.49078068137168884
Sample 22,TimesFM,0.5004430413246155
Sample 22,Chronos,0.4995569586753845
Sample 23,Moirai,0.5186572074890137
Sample 23,Time-MoE,0.48134276270866394
Sample 24,Moirai,0.7219730615615845
Sample 24,Time-MoE,0.2780269384384155
Sample 25,TimesFM,0.5025639533996582
Sample 25,Chronos,0.4974360167980194
Sample 26,Moirai,0.5205056667327881
Sample 26,Time-MoE,0.4794943630695343
Sample 27,TimesFM,0.5093474984169006
Sample 27,Timer,0.49065253138542175
Sample 28,Moirai,0.5545104146003723
Sample 28,Chronos,0.4454895555973053
Sample 29,Time-MoE,0.5031997561454773
Sample 29,Timer,0.4968002140522003
Sample 30,Time-MoE,0.5002433657646179
Sample 30,Chronos,0.4997566044330597
Sample 31,Moirai,0.5969346761703491
Sample 31,Time-MoE,0.40306538343429565
Sample 0,Moirai,0.6993668675422668
Sample 0,Chronos,0.3006330728530884
Sample 1,TimesFM,0.5029041171073914
Sample 1,Timer,0.49709588289260864
Sample 2,Time-MoE,0.5037984251976013
Sample 2,Timer,0.4962015748023987
Sample 3,TimesFM,0.506730318069458
Sample 3,Timer,0.49326974153518677
Sample 4,Moirai,0.5103583335876465
Sample 4,Chronos,0.48964163661003113
Sample 5,TimesFM,0.5023524165153503
Sample 5,Time-MoE,0.49764755368232727
Sample 6,Moirai,0.5091736316680908
Sample 6,Chronos,0.4908263385295868
Sample 7,Moirai,0.5486743450164795
Sample 7,Time-MoE,0.4513256549835205
Sample 8,Moirai,0.687991201877594
Sample 8,Timer,0.3120088279247284
Sample 9,Moirai,0.501220703125
Sample 9,TimesFM,0.498779296875
Sample 10,Moirai,0.5290595293045044
Sample 10,Chronos,0.4709404408931732
Sample 11,Moirai,0.5111764669418335
Sample 11,TimesFM,0.4888235032558441
Sample 12,Time-MoE,0.5000556111335754
Sample 12,TimesFM,0.49994441866874695
Sample 13,TimesFM,0.5064804553985596
Sample 13,Timer,0.49351954460144043
Sample 14,Chronos,0.502464234828949
Sample 14,TimesFM,0.49753573536872864
Sample 15,Moirai,0.5508144497871399
Sample 15,Chronos,0.44918549060821533
Sample 16,Moirai,0.6790323257446289
Sample 16,Chronos,0.3209676742553711
Sample 17,Moirai,0.508743405342102
Sample 17,TimesFM,0.49125662446022034
Sample 18,Moirai,0.5699988603591919
Sample 18,Chronos,0.4300011098384857
Sample 19,TimesFM,0.5049152970314026
Sample 19,Chronos,0.4950847327709198
Sample 20,TimesFM,0.5009343028068542
Sample 20,Time-MoE,0.49906572699546814
Sample 21,TimesFM,0.5059347152709961
Sample 21,Moirai,0.4940652549266815
Sample 22,Chronos,0.5032405257225037
Sample 22,Time-MoE,0.4967595040798187
Sample 23,Moirai,0.5686212182044983
Sample 23,Timer,0.4313787817955017
Sample 24,Moirai,0.674396276473999
Sample 24,TimesFM,0.325603723526001
Sample 25,TimesFM,0.504996657371521
Sample 25,Timer,0.4950033128261566
Sample 26,Moirai,0.5120294094085693
Sample 26,Time-MoE,0.4879705309867859
Sample 27,TimesFM,0.5042816400527954
Sample 27,Chronos,0.4957183599472046
Sample 28,Time-MoE,0.503214955329895
Sample 28,Timer,0.496785044670105
Sample 29,TimesFM,0.5071600079536438
Sample 29,Timer,0.4928399622440338
Sample 30,Moirai,0.5157238841056824
Sample 30,Chronos,0.48427614569664
Sample 31,Time-MoE,0.5019543170928955
Sample 31,Timer,0.49804574251174927
Sample 0,Moirai,0.5977815985679626
Sample 0,TimesFM,0.40221840143203735
Sample 1,TimesFM,0.5035935640335083
Sample 1,Chronos,0.4964064061641693
Sample 2,Time-MoE,0.5055647492408752
Sample 2,Chronos,0.49443528056144714
Sample 3,TimesFM,0.5063409209251404
Sample 3,Timer,0.493659108877182
Sample 4,Chronos,0.5028342008590698
Sample 4,TimesFM,0.4971657991409302
Sample 5,TimesFM,0.506965696811676
Sample 5,Chronos,0.49303433299064636
Sample 6,TimesFM,0.5022932291030884
Sample 6,Chronos,0.4977068305015564
Sample 7,Moirai,0.5357675552368164
Sample 7,Time-MoE,0.4642324447631836
Sample 8,Moirai,0.7276092171669006
Sample 8,Chronos,0.27239078283309937
Sample 9,TimesFM,0.5029324293136597
Sample 9,Timer,0.4970676004886627
Sample 10,Time-MoE,0.506568193435669
Sample 10,Timer,0.49343180656433105
Sample 11,TimesFM,0.5071951150894165
Sample 11,Timer,0.4928048253059387
Sample 12,Chronos,0.5083913207054138
Sample 12,Moirai,0.49160873889923096
Sample 13,TimesFM,0.5043766498565674
Sample 13,Timer,0.495623379945755
Sample 14,Time-MoE,0.500733494758606
Sample 14,TimesFM,0.49926650524139404
Sample 15,Moirai,0.5688182711601257
Sample 15,Time-MoE,0.43118172883987427
Sample 0,Moirai,0.7285144925117493
Sample 0,Time-MoE,0.2714855372905731
Sample 1,TimesFM,0.5024057030677795
Sample 1,Chronos,0.49759429693222046
Sample 2,Chronos,0.5014899373054504
Sample 2,Timer,0.49851006269454956
Sample 3,TimesFM,0.508159339427948
Sample 3,Timer,0.4918406307697296
Sample 4,Chronos,0.5068044662475586
Sample 4,Moirai,0.4931955337524414
Sample 5,TimesFM,0.5008043646812439
Sample 5,Chronos,0.4991956949234009
Sample 6,Timer,0.5014891624450684
Sample 6,TimesFM,0.49851086735725403
Sample 7,Moirai,0.5799155831336975
Sample 7,Chronos,0.4200843870639801
Sample 8,Moirai,0.7131668925285339
Sample 8,Time-MoE,0.2868330776691437
Sample 9,TimesFM,0.5029523968696594
Sample 9,Timer,0.4970476031303406
Sample 10,Time-MoE,0.5124413371086121
Sample 10,Chronos,0.48755866289138794
Sample 11,TimesFM,0.5091916918754578
Sample 11,Timer,0.4908083379268646
Sample 12,Moirai,0.5486705303192139
Sample 12,Chronos,0.4513294994831085
Sample 13,TimesFM,0.5059476494789124
Sample 13,Chronos,0.49405238032341003
Sample 14,Time-MoE,0.5027726292610168
Sample 14,Chronos,0.49722740054130554
Sample 15,Moirai,0.5793442130088806
Sample 15,Timer,0.4206557273864746
Sample 16,Moirai,0.6524989008903503
Sample 16,Time-MoE,0.34750109910964966
Sample 17,Moirai,0.5030108690261841
Sample 17,TimesFM,0.4969891309738159
Sample 18,Moirai,0.5122763514518738
Sample 18,Chronos,0.487723708152771
Sample 19,TimesFM,0.5054944753646851
Sample 19,Timer,0.49450555443763733
Sample 20,Moirai,0.5495847463607788
Sample 20,Time-MoE,0.4504152536392212
Sample 21,TimesFM,0.5090072154998779
Sample 21,Timer,0.49099281430244446
Sample 22,TimesFM,0.5023233890533447
Sample 22,Chronos,0.4976766109466553
Sample 23,Timer,0.5011686682701111
Sample 23,Time-MoE,0.4988313913345337
Sample 24,Moirai,0.6705867052078247
Sample 24,Chronos,0.3294132947921753
Sample 25,TimesFM,0.5029412508010864
Sample 25,Chronos,0.49705877900123596
Sample 26,Moirai,0.5801912546157837
Sample 26,Time-MoE,0.4198087155818939
Sample 27,Moirai,0.5357238054275513
Sample 27,TimesFM,0.46427613496780396
Sample 28,Chronos,0.5054660439491272
Sample 28,Timer,0.4945340156555176
Sample 29,TimesFM,0.5058614611625671
Sample 29,Chronos,0.49413853883743286
Sample 30,Time-MoE,0.502074658870697
Sample 30,TimesFM,0.49792537093162537
Sample 31,Moirai,0.5490849614143372
Sample 31,Time-MoE,0.45091500878334045
Sample 0,Moirai,0.6722522377967834
Sample 0,TimesFM,0.32774782180786133
Sample 1,Moirai,0.5092213749885559
Sample 1,TimesFM,0.4907786548137665
Sample 2,Chronos,0.5004465579986572
Sample 2,Time-MoE,0.4995534420013428
Sample 3,TimesFM,0.5049816966056824
Sample 3,Chronos,0.4950183033943176
Sample 4,TimesFM,0.5004741549491882
Sample 4,Time-MoE,0.49952590465545654
Sample 5,TimesFM,0.5045523643493652
Sample 5,Timer,0.4954476058483124
Sample 6,Chronos,0.5046356320381165
Sample 6,Timer,0.49536436796188354
Sample 7,Moirai,0.5849905610084534
Sample 7,Time-MoE,0.415009468793869
Sample 8,Moirai,0.6554636359214783
Sample 8,Time-MoE,0.34453636407852173
Sample 9,Moirai,0.5004909634590149
Sample 9,TimesFM,0.4995090067386627
Sample 10,Moirai,0.5019017457962036
Sample 10,Time-MoE,0.498098224401474
Sample 11,Moirai,0.5183143615722656
Sample 11,Time-MoE,0.48168566823005676
Sample 12,Chronos,0.5130241513252258
Sample 12,Timer,0.48697584867477417
Sample 13,Moirai,0.513095498085022
Sample 13,TimesFM,0.48690447211265564
Sample 14,TimesFM,0.513244092464447
Sample 14,Timer,0.486755907535553
Sample 15,Moirai,0.5777558088302612
Sample 15,Time-MoE,0.42224419116973877
Sample 16,Moirai,0.6971493363380432
Sample 16,Time-MoE,0.3028506636619568
Sample 17,Moirai,0.509360671043396
Sample 17,TimesFM,0.490639328956604
Sample 18,Time-MoE,0.5098738670349121
Sample 18,TimesFM,0.4901261329650879
Sample 19,TimesFM,0.5011011362075806
Sample 19,Moirai,0.4988989233970642
Sample 20,Moirai,0.5035973787307739
Sample 20,Chronos,0.49640265107154846
Sample 21,Moirai,0.5115845799446106
Sample 21,TimesFM,0.4884154200553894
Sample 22,Chronos,0.502308189868927
Sample 22,Timer,0.4976917803287506
Sample 23,Timer,0.5004894733428955
Sample 23,Time-MoE,0.4995104968547821
Sample 24,Moirai,0.625919759273529
Sample 24,Time-MoE,0.37408024072647095
Sample 25,TimesFM,0.5046704411506653
Sample 25,Timer,0.49532952904701233
Sample 26,Time-MoE,0.5047644376754761
Sample 26,Chronos,0.4952355623245239
Sample 27,TimesFM,0.5121656656265259
Sample 27,Timer,0.4878343641757965
Sample 28,Moirai,0.5000038146972656
Sample 28,Chronos,0.4999961853027344
Sample 29,TimesFM,0.509451687335968
Sample 29,Timer,0.49054834246635437
Sample 30,Chronos,0.5005231499671936
Sample 30,TimesFM,0.4994768798351288
Sample 31,Moirai,0.5720869302749634
Sample 31,Time-MoE,0.4279130697250366
Sample 0,Moirai,0.6444521546363831
Sample 0,Time-MoE,0.35554784536361694
Sample 1,Moirai,0.5096936225891113
Sample 1,TimesFM,0.49030640721321106
Sample 2,Moirai,0.5022405385971069
Sample 2,TimesFM,0.49775946140289307
Sample 3,TimesFM,0.5066254138946533
Sample 3,Chronos,0.4933745861053467
Sample 4,Moirai,0.5682759881019592
Sample 4,Time-MoE,0.4317239820957184
Sample 5,Chronos,0.5022201538085938
Sample 5,Time-MoE,0.497779905796051
Sample 6,Chronos,0.5003650188446045
Sample 6,Timer,0.4996349513530731
Sample 7,Moirai,0.5746012330055237
Sample 7,Time-MoE,0.42539873719215393
Sample 8,Moirai,0.6356605291366577
Sample 8,Time-MoE,0.3643394708633423
Sample 9,TimesFM,0.5033388733863831
Sample 9,Timer,0.49666112661361694
Sample 10,Moirai,0.5072847604751587
Sample 10,Chronos,0.4927152693271637
Sample 11,TimesFM,0.5068534016609192
Sample 11,Chronos,0.4931466579437256
Sample 12,Chronos,0.5015460252761841
Sample 12,Timer,0.49845394492149353
Sample 13,TimesFM,0.507710874080658
Sample 13,Timer,0.49228912591934204
Sample 14,Time-MoE,0.5017316341400146
Sample 14,TimesFM,0.49826836585998535
Sample 15,Moirai,0.5455493927001953
Sample 15,Time-MoE,0.4544506072998047
Sample 16,Moirai,0.5937758684158325
Sample 16,TimesFM,0.4062240719795227
Sample 17,TimesFM,0.5040000081062317
Sample 17,Chronos,0.4960000514984131
Sample 18,Time-MoE,0.5045391321182251
Sample 18,Chronos,0.4954608976840973
Sample 19,Moirai,0.5747211575508118
Sample 19,TimesFM,0.42527884244918823
Sample 20,Chronos,0.5025873780250549
Sample 20,TimesFM,0.4974125921726227
Sample 21,TimesFM,0.5095350742340088
Sample 21,Chronos,0.4904649555683136
Sample 22,Chronos,0.5096698999404907
Sample 22,Time-MoE,0.49033012986183167
Sample 23,TimesFM,0.5002536773681641
Sample 23,Time-MoE,0.4997463524341583
Sample 24,Moirai,0.6290385723114014
Sample 24,Time-MoE,0.370961457490921
Sample 25,TimesFM,0.5032793283462524
Sample 25,Timer,0.49672067165374756
Sample 26,Moirai,0.5046299695968628
Sample 26,Time-MoE,0.4953700602054596
Sample 27,TimesFM,0.5144187211990356
Sample 27,Timer,0.48558127880096436
Sample 28,Chronos,0.5002868175506592
Sample 28,Timer,0.49971315264701843
Sample 29,TimesFM,0.5067397952079773
Sample 29,Chronos,0.4932601749897003
Sample 30,TimesFM,0.5012915134429932
Sample 30,Timer,0.49870845675468445
Sample 31,Moirai,0.526213526725769
Sample 31,Time-MoE,0.4737864136695862
Sample 0,Moirai,0.6646637320518494
Sample 0,Time-MoE,0.33533626794815063
Sample 1,Moirai,0.5174098610877991
Sample 1,TimesFM,0.4825901687145233
Sample 2,Moirai,0.5486740469932556
Sample 2,Chronos,0.4513259828090668
Sample 3,Moirai,0.5075271129608154
Sample 3,TimesFM,0.49247291684150696
Sample 4,Chronos,0.5040368437767029
Sample 4,Timer,0.49596309661865234
Sample 5,Moirai,0.5840485692024231
Sample 5,Chronos,0.4159514605998993
Sample 6,Moirai,0.5302412509918213
Sample 6,Time-MoE,0.4697587490081787
Sample 7,Moirai,0.5417450070381165
Sample 7,Time-MoE,0.4582550525665283
Sample 8,Moirai,0.727798342704773
Sample 8,Timer,0.27220162749290466
Sample 9,TimesFM,0.5028778314590454
Sample 9,Chronos,0.4971221089363098
Sample 10,TimesFM,0.5002567768096924
Sample 10,Chronos,0.49974325299263
Sample 11,TimesFM,0.509792685508728
Sample 11,Timer,0.4902072846889496
Sample 12,Moirai,0.5428126454353333
Sample 12,Chronos,0.45718738436698914
Sample 13,Chronos,0.5003304481506348
Sample 13,TimesFM,0.4996695816516876
Sample 14,TimesFM,0.5021423697471619
Sample 14,Time-MoE,0.49785763025283813
Sample 15,Moirai,0.573847770690918
Sample 15,Timer,0.4261522591114044
Sample 16,Moirai,0.7137748599052429
Sample 16,Time-MoE,0.28622516989707947
Sample 17,Chronos,0.5018829703330994
Sample 17,TimesFM,0.49811702966690063
Sample 18,Moirai,0.5395864844322205
Sample 18,Time-MoE,0.46041348576545715
Sample 19,TimesFM,0.5103825926780701
Sample 19,Timer,0.48961740732192993
Sample 20,Chronos,0.5009109973907471
Sample 20,Timer,0.4990890324115753
Sample 21,TimesFM,0.5033840537071228
Sample 21,Chronos,0.4966159462928772
Sample 22,Moirai,0.5343302488327026
Sample 22,Time-MoE,0.465669721364975
Sample 23,Moirai,0.5497812628746033
Sample 23,Time-MoE,0.45021873712539673
Sample 24,Moirai,0.6679813265800476
Sample 24,Timer,0.33201873302459717
Sample 25,TimesFM,0.5050285458564758
Sample 25,Timer,0.4949714243412018
Sample 26,Moirai,0.5234721302986145
Sample 26,Chronos,0.4765278697013855
Sample 27,TimesFM,0.5085253119468689
Sample 27,Timer,0.4914746582508087
Sample 28,Moirai,0.5497266054153442
Sample 28,Chronos,0.4502733647823334
Sample 29,TimesFM,0.5071492195129395
Sample 29,Time-MoE,0.49285075068473816
Sample 30,Chronos,0.5005393028259277
Sample 30,Time-MoE,0.49946069717407227
Sample 31,Moirai,0.5769620537757874
Sample 31,Timer,0.4230380058288574
Sample 0,Moirai,0.6998683214187622
Sample 0,Timer,0.3001317083835602
Sample 1,TimesFM,0.503337562084198
Sample 1,Timer,0.4966624081134796
Sample 2,Chronos,0.5016500949859619
Sample 2,TimesFM,0.4983499050140381
Sample 3,TimesFM,0.5081431269645691
Sample 3,Timer,0.4918568432331085
Sample 4,Moirai,0.5086263418197632
Sample 4,Chronos,0.4913736581802368
Sample 5,TimesFM,0.5026261210441589
Sample 5,Time-MoE,0.4973738491535187
Sample 6,Moirai,0.5050376057624817
Sample 6,TimesFM,0.4949623942375183
Sample 7,Moirai,0.5770502090454102
Sample 7,Time-MoE,0.42294976115226746
Sample 8,Moirai,0.6819830536842346
Sample 8,Time-MoE,0.318016916513443
Sample 9,TimesFM,0.5034860372543335
Sample 9,Timer,0.4965139925479889
Sample 10,Moirai,0.5208534002304077
Sample 10,Time-MoE,0.4791465997695923
Sample 11,Moirai,0.5747159719467163
Sample 11,TimesFM,0.4252839982509613
Sample 12,Chronos,0.5149912238121033
Sample 12,Timer,0.48500877618789673
Sample 13,Moirai,0.5007776618003845
Sample 13,TimesFM,0.4992223381996155
Sample 14,Chronos,0.5013145208358765
Sample 14,TimesFM,0.49868547916412354
Sample 15,Time-MoE,0.5034627914428711
Sample 15,Timer,0.4965372383594513
Sample 16,Moirai,0.6468498110771179
Sample 16,TimesFM,0.35315021872520447
Sample 17,TimesFM,0.5032053589820862
Sample 17,Chronos,0.4967946708202362
Sample 18,Moirai,0.5125039219856262
Sample 18,Time-MoE,0.48749610781669617
Sample 19,TimesFM,0.5107790231704712
Sample 19,Timer,0.4892209768295288
Sample 20,Chronos,0.5023170709609985
Sample 20,Timer,0.49768292903900146
Sample 21,TimesFM,0.5096752047538757
Sample 21,Timer,0.4903247654438019
Sample 22,TimesFM,0.500551700592041
Sample 22,Chronos,0.4994482696056366
Sample 23,Moirai,0.5190324187278748
Sample 23,Time-MoE,0.48096758127212524
Sample 24,Moirai,0.7248411178588867
Sample 24,Time-MoE,0.2751588523387909
Sample 25,TimesFM,0.5024546384811401
Sample 25,Chronos,0.49754539132118225
Sample 26,Moirai,0.5207344889640808
Sample 26,Time-MoE,0.4792654812335968
Sample 27,TimesFM,0.5098327994346619
Sample 27,Timer,0.4901672601699829
Sample 28,Moirai,0.5560123324394226
Sample 28,Chronos,0.4439876973628998
Sample 29,Time-MoE,0.5033891201019287
Sample 29,Timer,0.4966108500957489
Sample 30,Time-MoE,0.5002016425132751
Sample 30,Chronos,0.49979835748672485
Sample 31,Moirai,0.5983065962791443
Sample 31,Time-MoE,0.4016934037208557
Sample 0,Moirai,0.7030693888664246
Sample 0,Timer,0.29693055152893066
Sample 1,TimesFM,0.5027372241020203
Sample 1,Chronos,0.4972628057003021
Sample 2,Time-MoE,0.5041747689247131
Sample 2,Timer,0.49582523107528687
Sample 3,TimesFM,0.507210373878479
Sample 3,Timer,0.492789626121521
Sample 4,Moirai,0.5109838843345642
Sample 4,Chronos,0.4890161454677582
Sample 5,TimesFM,0.5023444890975952
Sample 5,Time-MoE,0.49765557050704956
Sample 6,Moirai,0.5092895030975342
Sample 6,Chronos,0.49071046710014343
Sample 7,Moirai,0.5493903160095215
Sample 7,Time-MoE,0.45060962438583374
Sample 8,Moirai,0.6906487941741943
Sample 8,Time-MoE,0.30935120582580566
Sample 9,Moirai,0.5011681914329529
Sample 9,TimesFM,0.4988318085670471
Sample 10,Moirai,0.5292909145355225
Sample 10,Time-MoE,0.47070908546447754
Sample 11,Moirai,0.5112940669059753
Sample 11,TimesFM,0.48870593309402466
Sample 12,TimesFM,0.5000483393669128
Sample 12,Time-MoE,0.49995169043540955
Sample 13,TimesFM,0.5070825815200806
Sample 13,Chronos,0.49291741847991943
Sample 14,Chronos,0.502040684223175
Sample 14,TimesFM,0.49795928597450256
Sample 15,Moirai,0.5515176057815552
Sample 15,Time-MoE,0.4484823942184448
Sample 16,Moirai,0.6823979020118713
Sample 16,Timer,0.31760212779045105
Sample 17,Moirai,0.5088774561882019
Sample 17,TimesFM,0.4911225438117981
Sample 18,Moirai,0.571739912033081
Sample 18,Chronos,0.42826008796691895
Sample 19,TimesFM,0.5046119689941406
Sample 19,Chronos,0.49538806080818176
Sample 20,TimesFM,0.5011442303657532
Sample 20,Time-MoE,0.4988557994365692
Sample 21,TimesFM,0.5060551166534424
Sample 21,Moirai,0.49394491314888
Sample 22,Chronos,0.5036537647247314
Sample 22,Time-MoE,0.49634626507759094
Sample 23,Moirai,0.5695369839668274
Sample 23,Timer,0.430463045835495
Sample 24,Moirai,0.6771536469459534
Sample 24,Time-MoE,0.32284632325172424
Sample 25,TimesFM,0.5054112672805786
Sample 25,Timer,0.4945887625217438
Sample 26,Moirai,0.5119810700416565
Sample 26,Time-MoE,0.4880189001560211
Sample 27,TimesFM,0.5039921402931213
Sample 27,Chronos,0.49600788950920105
Sample 28,Time-MoE,0.5034391283988953
Sample 28,Timer,0.4965609014034271
Sample 29,TimesFM,0.5072547197341919
Sample 29,Chronos,0.4927452504634857
Sample 30,Moirai,0.5162042379379272
Sample 30,Time-MoE,0.48379579186439514
Sample 31,Time-MoE,0.5015720725059509
Sample 31,Timer,0.49842798709869385
Sample 0,Moirai,0.5996336340904236
Sample 0,TimesFM,0.4003663957118988
Sample 1,TimesFM,0.5033064484596252
Sample 1,Chronos,0.49669355154037476
Sample 2,Time-MoE,0.5060558319091797
Sample 2,Chronos,0.4939441382884979
Sample 3,TimesFM,0.5068867206573486
Sample 3,Timer,0.49311333894729614
Sample 4,Chronos,0.5027304291725159
Sample 4,TimesFM,0.49726957082748413
Sample 5,TimesFM,0.5066796541213989
Sample 5,Chronos,0.4933203458786011
Sample 6,TimesFM,0.5022831559181213
Sample 6,Chronos,0.49771684408187866
Sample 7,Moirai,0.5363519191741943
Sample 7,Time-MoE,0.46364814043045044
Sample 8,Moirai,0.7311729788780212
Sample 8,Time-MoE,0.26882699131965637
Sample 9,TimesFM,0.5030372738838196
Sample 9,Moirai,0.4969627857208252
Sample 10,Time-MoE,0.5068036317825317
Sample 10,Timer,0.49319636821746826
Sample 11,TimesFM,0.5077691674232483
Sample 11,Timer,0.4922308325767517
Sample 12,Chronos,0.5083476305007935
Sample 12,Moirai,0.49165236949920654
Sample 13,TimesFM,0.5042144656181335
Sample 13,Chronos,0.49578553438186646
Sample 14,Time-MoE,0.5005673766136169
Sample 14,TimesFM,0.49943262338638306
Sample 15,Moirai,0.5698869228363037
Sample 15,Timer,0.4301130473613739
Sample 0,Moirai,0.7318437099456787
Sample 0,Time-MoE,0.2681563198566437
Sample 1,TimesFM,0.5021855235099792
Sample 1,Chronos,0.49781447649002075
Sample 2,Chronos,0.5015230178833008
Sample 2,Timer,0.4984769821166992
Sample 3,TimesFM,0.508782684803009
Sample 3,Chronos,0.49121731519699097
Sample 4,Chronos,0.5069429874420166
Sample 4,Moirai,0.4930570125579834
Sample 5,TimesFM,0.5005358457565308
Sample 5,Chronos,0.49946415424346924
Sample 6,Timer,0.5010256171226501
Sample 6,TimesFM,0.49897441267967224
Sample 7,Moirai,0.581229567527771
Sample 7,Timer,0.418770432472229
Sample 8,Moirai,0.716300368309021
Sample 8,Time-MoE,0.2836996018886566
Sample 9,TimesFM,0.5030257701873779
Sample 9,Chronos,0.49697422981262207
Sample 10,Time-MoE,0.5128611922264099
Sample 10,Timer,0.4871388375759125
Sample 11,TimesFM,0.5097811818122864
Sample 11,Timer,0.4902188181877136
Sample 12,Moirai,0.5500081777572632
Sample 12,Chronos,0.44999179244041443
Sample 13,TimesFM,0.5057137608528137
Sample 13,Chronos,0.49428626894950867
Sample 14,Time-MoE,0.5026116371154785
Sample 14,Chronos,0.49738842248916626
Sample 15,Moirai,0.5803837776184082
Sample 15,Timer,0.4196162819862366
Sample 16,Moirai,0.6547988057136536
Sample 16,Time-MoE,0.34520113468170166
Sample 17,Moirai,0.5030626654624939
Sample 17,TimesFM,0.4969373047351837
Sample 18,Moirai,0.5125874280929565
Sample 18,Chronos,0.48741254210472107
Sample 19,TimesFM,0.5060378909111023
Sample 19,Timer,0.4939621090888977
Sample 20,Moirai,0.5502557158470154
Sample 20,Time-MoE,0.4497442841529846
Sample 21,TimesFM,0.5095241069793701
Sample 21,Timer,0.4904758632183075
Sample 22,TimesFM,0.5027071237564087
Sample 22,Chronos,0.4972928762435913
Sample 23,Timer,0.5011979341506958
Sample 23,Time-MoE,0.4988020658493042
Sample 24,Moirai,0.6733277440071106
Sample 24,Timer,0.3266722857952118
Sample 25,TimesFM,0.5026668310165405
Sample 25,Chronos,0.4973331689834595
Sample 26,Moirai,0.5816482901573181
Sample 26,Time-MoE,0.4183517098426819
Sample 27,Moirai,0.5363666415214539
Sample 27,TimesFM,0.46363335847854614
Sample 28,Chronos,0.5052489042282104
Sample 28,Timer,0.49475106596946716
Sample 29,TimesFM,0.5056124329566956
Sample 29,Chronos,0.49438759684562683
Sample 30,Time-MoE,0.502045750617981
Sample 30,TimesFM,0.49795421957969666
Sample 31,Moirai,0.5499765872955322
Sample 31,Time-MoE,0.45002344250679016
Sample 0,Moirai,0.6752528548240662
Sample 0,Timer,0.3247471749782562
Sample 1,Moirai,0.5094256401062012
Sample 1,TimesFM,0.49057433009147644
Sample 2,Chronos,0.5003368258476257
Sample 2,Time-MoE,0.49966317415237427
Sample 3,TimesFM,0.504838228225708
Sample 3,Chronos,0.4951617419719696
Sample 4,TimesFM,0.5005959272384644
Sample 4,Time-MoE,0.49940404295921326
Sample 5,TimesFM,0.5048518180847168
Sample 5,Time-MoE,0.4951481521129608
Sample 6,Chronos,0.5050665736198425
Sample 6,Timer,0.49493342638015747
Sample 7,Moirai,0.5861993432044983
Sample 7,Timer,0.4138006567955017
Sample 8,Moirai,0.6579721570014954
Sample 8,Time-MoE,0.34202781319618225
Sample 9,Moirai,0.5005238056182861
Sample 9,TimesFM,0.49947619438171387
Sample 10,Moirai,0.5018628835678101
Sample 10,Time-MoE,0.49813708662986755
Sample 11,Moirai,0.5185429453849792
Sample 11,Time-MoE,0.48145702481269836
Sample 12,Chronos,0.5132595896720886
Sample 12,Timer,0.48674044013023376
Sample 13,Moirai,0.5133619904518127
Sample 13,TimesFM,0.48663797974586487
Sample 14,TimesFM,0.513475775718689
Sample 14,Chronos,0.48652416467666626
Sample 15,Moirai,0.5791409015655518
Sample 15,Time-MoE,0.42085912823677063
Sample 16,Moirai,0.7002015113830566
Sample 16,Time-MoE,0.29979851841926575
Sample 17,Moirai,0.509570300579071
Sample 17,TimesFM,0.49042972922325134
Sample 18,Time-MoE,0.5100775361061096
Sample 18,TimesFM,0.4899224042892456
Sample 19,TimesFM,0.5011458992958069
Sample 19,Moirai,0.4988540709018707
Sample 20,Moirai,0.5034699440002441
Sample 20,Chronos,0.49653008580207825
Sample 21,Moirai,0.5118160247802734
Sample 21,TimesFM,0.48818403482437134
Sample 22,Chronos,0.5024024844169617
Sample 22,Timer,0.49759748578071594
Sample 23,Timer,0.5007777810096741
Sample 23,Time-MoE,0.4992222189903259
Sample 24,Moirai,0.6280989646911621
Sample 24,Time-MoE,0.3719010651111603
Sample 25,TimesFM,0.5051360130310059
Sample 25,Chronos,0.49486401677131653
Sample 26,Time-MoE,0.504810631275177
Sample 26,Chronos,0.4951893985271454
Sample 27,TimesFM,0.5128740668296814
Sample 27,Timer,0.4871259927749634
Sample 28,Moirai,0.5002139210700989
Sample 28,Chronos,0.4997860789299011
Sample 29,TimesFM,0.5093592405319214
Sample 29,Chronos,0.490640789270401
Sample 30,Chronos,0.5004733204841614
Sample 30,TimesFM,0.4995266795158386
Sample 31,Moirai,0.5730618834495544
Sample 31,Timer,0.42693817615509033
Sample 0,Moirai,0.646979570388794
Sample 0,Time-MoE,0.3530203700065613
Sample 1,Moirai,0.50982266664505
Sample 1,TimesFM,0.49017736315727234
Sample 2,Moirai,0.5024343729019165
Sample 2,TimesFM,0.4975655972957611
Sample 3,TimesFM,0.5066975951194763
Sample 3,Chronos,0.4933023750782013
Sample 4,Moirai,0.5695574879646301
Sample 4,Time-MoE,0.43044254183769226
Sample 5,Chronos,0.5023126602172852
Sample 5,Time-MoE,0.4976873993873596
Sample 6,Chronos,0.5005723834037781
Sample 6,Timer,0.4994276165962219
Sample 7,Moirai,0.5760000348091125
Sample 7,Time-MoE,0.42399993538856506
Sample 8,Moirai,0.637921929359436
Sample 8,Time-MoE,0.3620780408382416
Sample 9,TimesFM,0.5037574172019958
Sample 9,Timer,0.49624255299568176
Sample 10,Moirai,0.5073583126068115
Sample 10,Chronos,0.4926416873931885
Sample 11,TimesFM,0.5071195960044861
Sample 11,Chronos,0.4928804337978363
Sample 12,Chronos,0.5012206435203552
Sample 12,Timer,0.49877938628196716
Sample 13,TimesFM,0.5078033804893494
Sample 13,Chronos,0.49219658970832825
Sample 14,Time-MoE,0.50152188539505
Sample 14,TimesFM,0.4984780550003052
Sample 15,Moirai,0.5462881922721863
Sample 15,Time-MoE,0.4537118077278137
Sample 16,Moirai,0.5954448580741882
Sample 16,TimesFM,0.40455514192581177
Sample 17,TimesFM,0.5040711164474487
Sample 17,Chronos,0.49592888355255127
Sample 18,Time-MoE,0.5048342943191528
Sample 18,Timer,0.49516570568084717
Sample 19,Moirai,0.5760461091995239
Sample 19,TimesFM,0.4239538609981537
Sample 20,Chronos,0.5024146437644958
Sample 20,TimesFM,0.49758535623550415
Sample 21,TimesFM,0.5095441341400146
Sample 21,Chronos,0.49045589566230774
Sample 22,Chronos,0.510015070438385
Sample 22,Time-MoE,0.4899848699569702
Sample 23,TimesFM,0.5002270340919495
Sample 23,Time-MoE,0.49977296590805054
Sample 24,Moirai,0.631251871585846
Sample 24,Time-MoE,0.36874809861183167
Sample 25,TimesFM,0.5037415027618408
Sample 25,Timer,0.49625852704048157
Sample 26,Moirai,0.5047942996025085
Sample 26,Time-MoE,0.49520567059516907
Sample 27,TimesFM,0.5150800347328186
Sample 27,Timer,0.484919935464859
Sample 28,Timer,0.5000256299972534
Sample 28,Chronos,0.4999743402004242
Sample 29,TimesFM,0.5068062543869019
Sample 29,Chronos,0.49319377541542053
Sample 30,TimesFM,0.5016898512840271
Sample 30,Time-MoE,0.4983101487159729
Sample 31,Moirai,0.5265488028526306
Sample 31,Time-MoE,0.4734512269496918
Sample 0,Moirai,0.6676154136657715
Sample 0,Time-MoE,0.3323846161365509
Sample 1,Moirai,0.5176048278808594
Sample 1,TimesFM,0.4823951721191406
Sample 2,Moirai,0.5493246912956238
Sample 2,Chronos,0.45067524909973145
Sample 3,Moirai,0.5074931383132935
Sample 3,TimesFM,0.49250689148902893
Sample 4,Chronos,0.5041685104370117
Sample 4,Timer,0.4958314895629883
Sample 5,Moirai,0.5853580832481384
Sample 5,Chronos,0.4146419167518616
Sample 6,Moirai,0.5309491753578186
Sample 6,Time-MoE,0.4690508544445038
Sample 7,Moirai,0.5425159335136414
Sample 7,Time-MoE,0.45748403668403625
Sample 8,Moirai,0.7311835885047913
Sample 8,Timer,0.26881641149520874
Sample 9,TimesFM,0.5031055808067322
Sample 9,Chronos,0.4968944787979126
Sample 10,TimesFM,0.5004503726959229
Sample 10,Chronos,0.49954965710639954
Sample 11,TimesFM,0.5103386044502258
Sample 11,Timer,0.4896613657474518
Sample 12,Moirai,0.5436094999313354
Sample 12,Chronos,0.45639052987098694
Sample 13,Chronos,0.5001364350318909
Sample 13,TimesFM,0.4998636245727539
Sample 14,TimesFM,0.5025270581245422
Sample 14,Time-MoE,0.49747297167778015
Sample 15,Moirai,0.5750657320022583
Sample 15,Timer,0.4249342978000641
Sample 16,Moirai,0.7171634435653687
Sample 16,Chronos,0.28283652663230896
Sample 17,Chronos,0.501549482345581
Sample 17,TimesFM,0.49845051765441895
Sample 18,Moirai,0.5402719378471375
Sample 18,Time-MoE,0.45972809195518494
Sample 19,TimesFM,0.5108757019042969
Sample 19,Timer,0.4891242980957031
Sample 20,Chronos,0.5008901953697205
Sample 20,Timer,0.49910983443260193
Sample 21,TimesFM,0.5037246942520142
Sample 21,Chronos,0.49627530574798584
Sample 22,Moirai,0.5353293418884277
Sample 22,Time-MoE,0.46467065811157227
Sample 23,Moirai,0.5505672097206116
Sample 23,Time-MoE,0.44943276047706604
Sample 24,Moirai,0.6706184148788452
Sample 24,Timer,0.3293815851211548
Sample 25,TimesFM,0.5054272413253784
Sample 25,Timer,0.49457278847694397
Sample 26,Moirai,0.5239381194114685
Sample 26,Chronos,0.4760618805885315
Sample 27,TimesFM,0.5090337991714478
Sample 27,Timer,0.490966260433197
Sample 28,Moirai,0.5506590008735657
Sample 28,Chronos,0.4493410289287567
Sample 29,TimesFM,0.5075445175170898
Sample 29,Time-MoE,0.49245554208755493
Sample 30,Chronos,0.5006681680679321
Sample 30,TimesFM,0.4993318021297455
Sample 31,Moirai,0.5782073736190796
Sample 31,Timer,0.4217926859855652
Sample 0,Moirai,0.7031482458114624
Sample 0,Timer,0.2968517243862152
Sample 1,TimesFM,0.5036510229110718
Sample 1,Timer,0.4963490068912506
Sample 2,Chronos,0.501326322555542
Sample 2,TimesFM,0.498673677444458
Sample 3,TimesFM,0.5086008310317993
Sample 3,Timer,0.4913991391658783
Sample 4,Moirai,0.5088750720024109
Sample 4,Chronos,0.4911249279975891
Sample 5,TimesFM,0.5032981634140015
Sample 5,Time-MoE,0.4967018663883209
Sample 6,Moirai,0.505042552947998
Sample 6,TimesFM,0.49495744705200195
Sample 7,Moirai,0.5784367918968201
Sample 7,Time-MoE,0.42156317830085754
Sample 8,Moirai,0.6855016350746155
Sample 8,Time-MoE,0.31449833512306213
Sample 9,TimesFM,0.5038312673568726
Sample 9,Timer,0.49616870284080505
Sample 10,Moirai,0.5213906168937683
Sample 10,Time-MoE,0.4786093235015869
Sample 11,Moirai,0.5758461952209473
Sample 11,TimesFM,0.4241538345813751
Sample 12,Chronos,0.5152485966682434
Sample 12,Timer,0.4847513735294342
Sample 13,Moirai,0.5005381107330322
Sample 13,TimesFM,0.49946194887161255
Sample 14,Chronos,0.5008791089057922
Sample 14,TimesFM,0.4991208612918854
Sample 15,Time-MoE,0.5039111375808716
Sample 15,Timer,0.49608880281448364
Sample 16,Moirai,0.6491938829421997
Sample 16,TimesFM,0.3508060872554779
Sample 17,TimesFM,0.5037236213684082
Sample 17,Chronos,0.4962763488292694
Sample 18,Moirai,0.5131165385246277
Sample 18,Time-MoE,0.4868834614753723
Sample 19,TimesFM,0.5111632943153381
Sample 19,Timer,0.48883673548698425
Sample 20,Chronos,0.5024046301841736
Sample 20,Timer,0.4975953996181488
Sample 21,TimesFM,0.5101023316383362
Sample 21,Timer,0.4898976981639862
Sample 22,TimesFM,0.5010178089141846
Sample 22,Chronos,0.49898219108581543
Sample 23,Moirai,0.5190623998641968
Sample 23,Time-MoE,0.48093757033348083
Sample 24,Moirai,0.7286732792854309
Sample 24,Time-MoE,0.2713267505168915
Sample 25,TimesFM,0.5028378367424011
Sample 25,Chronos,0.49716219305992126
Sample 26,Moirai,0.5213669538497925
Sample 26,Time-MoE,0.47863301634788513
Sample 27,TimesFM,0.5103444457054138
Sample 27,Timer,0.4896555244922638
Sample 28,Moirai,0.5569310784339905
Sample 28,Chronos,0.4430689215660095
Sample 29,Time-MoE,0.503093421459198
Sample 29,Timer,0.4969065487384796
Sample 30,Chronos,0.5001721382141113
Sample 30,Time-MoE,0.49982789158821106
Sample 31,Moirai,0.6001034379005432
Sample 31,Time-MoE,0.3998965919017792
Sample 0,Moirai,0.7062265872955322
Sample 0,Chronos,0.2937734127044678
Sample 1,TimesFM,0.5033067464828491
Sample 1,Chronos,0.4966932535171509
Sample 2,Time-MoE,0.5041747093200684
Sample 2,Timer,0.49582532048225403
Sample 3,TimesFM,0.5075275897979736
Sample 3,Timer,0.49247244000434875
Sample 4,Moirai,0.5110360383987427
Sample 4,Chronos,0.48896390199661255
Sample 5,TimesFM,0.5033223628997803
Sample 5,Time-MoE,0.4966776669025421
Sample 6,Moirai,0.509753942489624
Sample 6,Chronos,0.490246057510376
Sample 7,Moirai,0.5502227544784546
Sample 7,Time-MoE,0.4497772455215454
Sample 8,Moirai,0.6938446760177612
Sample 8,Timer,0.30615532398223877
Sample 9,Moirai,0.5009332299232483
Sample 9,TimesFM,0.4990667998790741
Sample 10,Moirai,0.5298300385475159
Sample 10,TimesFM,0.47016993165016174
Sample 11,Moirai,0.5112374424934387
Sample 11,TimesFM,0.48876258730888367
Sample 12,Time-MoE,0.5000719428062439
Sample 12,TimesFM,0.4999280869960785
Sample 13,TimesFM,0.5074172616004944
Sample 13,Timer,0.4925827085971832
Sample 14,Chronos,0.5019060969352722
Sample 14,TimesFM,0.4980939030647278
Sample 15,Moirai,0.5525196194648743
Sample 15,Time-MoE,0.44748038053512573
Sample 16,Moirai,0.685401201248169
Sample 16,Chronos,0.31459879875183105
Sample 17,Moirai,0.5087944269180298
Sample 17,TimesFM,0.4912055730819702
Sample 18,Moirai,0.5727596282958984
Sample 18,Chronos,0.42724040150642395
Sample 19,TimesFM,0.5051817297935486
Sample 19,Chronos,0.4948182702064514
Sample 20,TimesFM,0.5016353130340576
Sample 20,Time-MoE,0.49836465716362
Sample 21,TimesFM,0.5064341425895691
Sample 21,Moirai,0.4935658574104309
Sample 22,Chronos,0.5036396980285645
Sample 22,Time-MoE,0.49636030197143555
Sample 23,Moirai,0.5708894729614258
Sample 23,Timer,0.4291105568408966
Sample 24,Moirai,0.6803420782089233
Sample 24,TimesFM,0.3196578919887543
Sample 25,TimesFM,0.5056818723678589
Sample 25,Timer,0.4943181276321411
Sample 26,Moirai,0.5121652483940125
Sample 26,Time-MoE,0.48783472180366516
Sample 27,TimesFM,0.5046072602272034
Sample 27,Chronos,0.49539270997047424
Sample 28,Time-MoE,0.5034421682357788
Sample 28,Timer,0.4965578019618988
Sample 29,TimesFM,0.5079960227012634
Sample 29,Timer,0.4920039772987366
Sample 30,Moirai,0.5167235732078552
Sample 30,Chronos,0.48327645659446716
Sample 31,Time-MoE,0.5025378465652466
Sample 31,Timer,0.4974621832370758
Sample 0,Moirai,0.6011685729026794
Sample 0,TimesFM,0.39883142709732056
Sample 1,TimesFM,0.5039437413215637
Sample 1,Chronos,0.4960562586784363
Sample 2,Time-MoE,0.5060433745384216
Sample 2,Chronos,0.493956595659256
Sample 3,TimesFM,0.5071883797645569
Sample 3,Timer,0.4928116202354431
Sample 4,Chronos,0.5025623440742493
Sample 4,TimesFM,0.49743762612342834
Sample 5,TimesFM,0.5072039365768433
Sample 5,Chronos,0.49279606342315674
Sample 6,TimesFM,0.5028903484344482
Sample 6,Chronos,0.49710965156555176
Sample 7,Moirai,0.5366804003715515
Sample 7,Time-MoE,0.4633195996284485
Sample 8,Moirai,0.7349119186401367
Sample 8,Timer,0.26508811116218567
Sample 9,TimesFM,0.5032550692558289
Sample 9,Moirai,0.49674496054649353
Sample 10,Time-MoE,0.5067101120948792
Sample 10,Timer,0.49328985810279846
Sample 11,TimesFM,0.5080664753913879
Sample 11,Timer,0.49193355441093445
Sample 12,Chronos,0.5084161758422852
Sample 12,Moirai,0.49158382415771484
Sample 13,TimesFM,0.5047697424888611
Sample 13,Chronos,0.49523022770881653
Sample 14,TimesFM,0.5001946091651917
Sample 14,Time-MoE,0.49980536103248596
Sample 15,Moirai,0.5708688497543335
Sample 15,Time-MoE,0.4291311502456665
Sample 0,Moirai,0.7357635498046875
Sample 0,Time-MoE,0.2642364799976349
Sample 1,TimesFM,0.5027233362197876
Sample 1,Chronos,0.4972767233848572
Sample 2,Chronos,0.5015336871147156
Sample 2,Timer,0.4984663128852844
Sample 3,TimesFM,0.5090442299842834
Sample 3,Timer,0.49095579981803894
Sample 4,Chronos,0.506916880607605
Sample 4,Moirai,0.49308308959007263
Sample 5,TimesFM,0.5009788870811462
Sample 5,Chronos,0.49902114272117615
Sample 6,Timer,0.5011090040206909
Sample 6,TimesFM,0.4988909661769867
Sample 7,Moirai,0.5824170708656311
Sample 7,Time-MoE,0.4175828695297241
Sample 8,Moirai,0.7202567458152771
Sample 8,Time-MoE,0.2797432243824005
Sample 9,TimesFM,0.5035337805747986
Sample 9,Timer,0.4964662492275238
Sample 10,Time-MoE,0.5127061009407043
Sample 10,Timer,0.48729389905929565
Sample 11,TimesFM,0.5100114941596985
Sample 11,Timer,0.4899884760379791
Sample 12,Moirai,0.5506906509399414
Sample 12,Chronos,0.4493093490600586
Sample 13,TimesFM,0.5062968730926514
Sample 13,Chronos,0.49370309710502625
Sample 14,Time-MoE,0.5028496384620667
Sample 14,Chronos,0.49715033173561096
Sample 15,Moirai,0.5820302963256836
Sample 15,Timer,0.417969673871994
Sample 16,Moirai,0.657466471195221
Sample 16,Time-MoE,0.34253349900245667
Sample 17,Moirai,0.5029668211936951
Sample 17,TimesFM,0.4970332384109497
Sample 18,Moirai,0.5126779675483704
Sample 18,Chronos,0.48732200264930725
Sample 19,TimesFM,0.5062273740768433
Sample 19,Timer,0.4937726557254791
Sample 20,Moirai,0.5512244701385498
Sample 20,Time-MoE,0.4487755298614502
Sample 21,TimesFM,0.5097972750663757
Sample 21,Timer,0.49020272493362427
Sample 22,TimesFM,0.5032455921173096
Sample 22,Chronos,0.49675437808036804
Sample 23,Timer,0.5010160803794861
Sample 23,Time-MoE,0.4989839196205139
Sample 24,Moirai,0.6762113571166992
Sample 24,Time-MoE,0.32378867268562317
Sample 25,TimesFM,0.5031574964523315
Sample 25,Chronos,0.4968424439430237
Sample 26,Moirai,0.5836247801780701
Sample 26,Timer,0.4163752496242523
Sample 27,Moirai,0.5368554592132568
Sample 27,TimesFM,0.46314454078674316
Sample 28,Chronos,0.50517338514328
Sample 28,Time-MoE,0.4948265850543976
Sample 29,TimesFM,0.5061132311820984
Sample 29,Chronos,0.493886798620224
Sample 30,Time-MoE,0.501408576965332
Sample 30,TimesFM,0.49859142303466797
Sample 31,Moirai,0.5506056547164917
Sample 31,Time-MoE,0.4493943154811859
Sample 0,Moirai,0.6780837774276733
Sample 0,TimesFM,0.32191628217697144
Sample 1,Moirai,0.5095272660255432
Sample 1,TimesFM,0.4904727339744568
Sample 2,Time-MoE,0.5001016855239868
Sample 2,Chronos,0.4998982846736908
Sample 3,TimesFM,0.5053059458732605
Sample 3,Chronos,0.4946940541267395
Sample 4,TimesFM,0.500379741191864
Sample 4,Time-MoE,0.499620258808136
Sample 5,TimesFM,0.5050576329231262
Sample 5,Timer,0.49494239687919617
Sample 6,Chronos,0.5046240091323853
Sample 6,Timer,0.49537596106529236
Sample 7,Moirai,0.5876252055168152
Sample 7,Time-MoE,0.4123748242855072
Sample 8,Moirai,0.6610865592956543
Sample 8,Time-MoE,0.3389134407043457
Sample 9,Moirai,0.5004393458366394
Sample 9,TimesFM,0.4995606541633606
Sample 10,Moirai,0.502447247505188
Sample 10,Time-MoE,0.4975527226924896
Sample 11,Moirai,0.5191604495048523
Sample 11,Time-MoE,0.4808395206928253
Sample 12,Chronos,0.5132805705070496
Sample 12,Timer,0.48671939969062805
Sample 13,Moirai,0.5134533047676086
Sample 13,TimesFM,0.48654669523239136
Sample 14,TimesFM,0.5142713189125061
Sample 14,Chronos,0.4857286512851715
Sample 15,Moirai,0.5804365873336792
Sample 15,Time-MoE,0.4195634424686432
Sample 16,Moirai,0.703545093536377
Sample 16,Time-MoE,0.29645490646362305
Sample 17,Moirai,0.5096696615219116
Sample 17,TimesFM,0.4903303384780884
Sample 18,Time-MoE,0.5103972554206848
Sample 18,Timer,0.4896027147769928
Sample 19,TimesFM,0.5013054609298706
Sample 19,Moirai,0.4986945390701294
Sample 20,Moirai,0.5037147998809814
Sample 20,Chronos,0.49628520011901855
Sample 21,Moirai,0.5119012594223022
Sample 21,TimesFM,0.48809877038002014
Sample 22,Chronos,0.5018323063850403
Sample 22,Timer,0.4981676936149597
Sample 23,Time-MoE,0.5001912713050842
Sample 23,Timer,0.49980872869491577
Sample 24,Moirai,0.6310639381408691
Sample 24,Time-MoE,0.36893603205680847
Sample 25,TimesFM,0.5052945017814636
Sample 25,Timer,0.4947054982185364
Sample 26,Time-MoE,0.504660964012146
Sample 26,Chronos,0.4953390657901764
Sample 27,TimesFM,0.5131286978721619
Sample 27,Timer,0.48687130212783813
Sample 28,Moirai,0.5000671744346619
Sample 28,Chronos,0.4999328553676605
Sample 29,TimesFM,0.5098528265953064
Sample 29,Chronos,0.49014711380004883
Sample 30,TimesFM,0.5001288056373596
Sample 30,Chronos,0.4998711943626404
Sample 31,Moirai,0.5742161870002747
Sample 31,Time-MoE,0.42578384280204773
Sample 0,Moirai,0.6493266224861145
Sample 0,Time-MoE,0.3506733179092407
Sample 1,Moirai,0.5100614428520203
Sample 1,TimesFM,0.48993852734565735
Sample 2,Moirai,0.5025326609611511
Sample 2,TimesFM,0.4974673390388489
Sample 3,TimesFM,0.5070782899856567
Sample 3,Chronos,0.49292173981666565
Sample 4,Moirai,0.5707340240478516
Sample 4,Time-MoE,0.42926591634750366
Sample 5,Chronos,0.5024259090423584
Sample 5,Time-MoE,0.497574120759964
Sample 6,Timer,0.5000503659248352
Sample 6,Chronos,0.4999496638774872
Sample 7,Moirai,0.5773155689239502
Sample 7,Time-MoE,0.4226844012737274
Sample 8,Moirai,0.6398841738700867
Sample 8,Time-MoE,0.36011582612991333
Sample 9,TimesFM,0.503645658493042
Sample 9,Timer,0.496354341506958
Sample 10,Moirai,0.5077032446861267
Sample 10,Chronos,0.4922967255115509
Sample 11,TimesFM,0.5076755881309509
Sample 11,Chronos,0.4923243820667267
Sample 12,Chronos,0.5015913844108582
Sample 12,Timer,0.4984086751937866
Sample 13,TimesFM,0.5081244707107544
Sample 13,Timer,0.4918754994869232
Sample 14,Time-MoE,0.5011283159255981
Sample 14,TimesFM,0.49887171387672424
Sample 15,Moirai,0.5466525554656982
Sample 15,Time-MoE,0.453347384929657
Sample 16,Moirai,0.5971902012825012
Sample 16,TimesFM,0.402809739112854
Sample 17,TimesFM,0.504478394985199
Sample 17,Chronos,0.4955216348171234
Sample 18,Time-MoE,0.5053006410598755
Sample 18,Timer,0.4946993589401245
Sample 19,Moirai,0.5774632692337036
Sample 19,TimesFM,0.4225367605686188
Sample 20,Chronos,0.5023672580718994
Sample 20,TimesFM,0.4976327419281006
Sample 21,TimesFM,0.5097801685333252
Sample 21,Chronos,0.4902198612689972
Sample 22,Chronos,0.5098585486412048
Sample 22,Timer,0.49014145135879517
Sample 23,TimesFM,0.5000647306442261
Sample 23,Time-MoE,0.49993523955345154
Sample 24,Moirai,0.6331264972686768
Sample 24,Time-MoE,0.36687347292900085
Sample 25,TimesFM,0.5036441683769226
Sample 25,Timer,0.496355801820755
Sample 26,Moirai,0.505025327205658
Sample 26,Time-MoE,0.49497467279434204
Sample 27,TimesFM,0.5152844190597534
Sample 27,Timer,0.4847155809402466
Sample 28,Chronos,0.5002405047416687
Sample 28,Timer,0.4997595250606537
Sample 29,TimesFM,0.5071266889572144
Sample 29,Chronos,0.49287331104278564
Sample 30,TimesFM,0.5013414621353149
Sample 30,Timer,0.49865856766700745
Sample 31,Moirai,0.5264586806297302
Sample 31,Time-MoE,0.47354137897491455
Sample 0,Moirai,0.6703015565872192
Sample 0,Time-MoE,0.32969844341278076
Sample 1,Moirai,0.5181593298912048
Sample 1,TimesFM,0.4818406403064728
Sample 2,Moirai,0.5499443411827087
Sample 2,Chronos,0.45005568861961365
Sample 3,Moirai,0.5078012347221375
Sample 3,TimesFM,0.49219876527786255
Sample 4,Chronos,0.5040585398674011
Sample 4,Timer,0.4959414005279541
Sample 5,Moirai,0.586620032787323
Sample 5,Chronos,0.413379967212677
Sample 6,Moirai,0.5316466689109802
Sample 6,Time-MoE,0.4683533310890198
Sample 7,Moirai,0.5432345271110535
Sample 7,Time-MoE,0.45676547288894653
Sample 8,Moirai,0.73502117395401
Sample 8,Chronos,0.2649787962436676
Sample 9,TimesFM,0.5031208395957947
Sample 9,Chronos,0.49687913060188293
Sample 10,TimesFM,0.500824511051178
Sample 10,Chronos,0.49917545914649963
Sample 11,TimesFM,0.5102617144584656
Sample 11,Timer,0.48973822593688965
Sample 12,Moirai,0.544211208820343
Sample 12,Chronos,0.455788791179657
Sample 13,Chronos,0.5000613927841187
Sample 13,TimesFM,0.49993863701820374
Sample 14,TimesFM,0.5028793215751648
Sample 14,Time-MoE,0.4971207082271576
Sample 15,Moirai,0.5766600370407104
Sample 15,Timer,0.42333999276161194
Sample 16,Moirai,0.7200566530227661
Sample 16,Chronos,0.2799433469772339
Sample 17,Chronos,0.5012830495834351
Sample 17,TimesFM,0.49871698021888733
Sample 18,Moirai,0.5408849120140076
Sample 18,Time-MoE,0.45911508798599243
Sample 19,TimesFM,0.5109550952911377
Sample 19,Timer,0.4890449643135071
Sample 20,Chronos,0.501121997833252
Sample 20,Timer,0.49887803196907043
Sample 21,TimesFM,0.5040000081062317
Sample 21,Chronos,0.4959999918937683
Sample 22,Moirai,0.5363942384719849
Sample 22,Time-MoE,0.4636057913303375
Sample 23,Moirai,0.5511690378189087
Sample 23,Time-MoE,0.4488309621810913
Sample 24,Moirai,0.6738397479057312
Sample 24,Timer,0.3261602222919464
Sample 25,TimesFM,0.5051237344741821
Sample 25,Timer,0.4948762357234955
Sample 26,Moirai,0.5242598056793213
Sample 26,Chronos,0.4757402241230011
Sample 27,TimesFM,0.5088391304016113
Sample 27,Timer,0.4911608397960663
Sample 28,Moirai,0.5513562560081482
Sample 28,Chronos,0.4486437439918518
Sample 29,TimesFM,0.5075181126594543
Sample 29,Timer,0.49248188734054565
Sample 30,Chronos,0.5005477666854858
Sample 30,TimesFM,0.4994522035121918
Sample 31,Moirai,0.5796585083007812
Sample 31,Chronos,0.42034146189689636
Sample 0,Moirai,0.7062049508094788
Sample 0,Chronos,0.29379507899284363
Sample 1,TimesFM,0.5032863616943359
Sample 1,Timer,0.49671366810798645
Sample 2,Chronos,0.5013032555580139
Sample 2,TimesFM,0.49869677424430847
Sample 3,TimesFM,0.5084060430526733
Sample 3,Timer,0.49159395694732666
Sample 4,Moirai,0.5090121626853943
Sample 4,Chronos,0.4909878075122833
Sample 5,TimesFM,0.50352942943573
Sample 5,Time-MoE,0.4964706003665924
Sample 6,Moirai,0.5056694746017456
Sample 6,TimesFM,0.4943305253982544
Sample 7,Moirai,0.5796836018562317
Sample 7,Time-MoE,0.4203164279460907
Sample 8,Moirai,0.6886652112007141
Sample 8,Time-MoE,0.3113348186016083
Sample 9,TimesFM,0.5035073757171631
Sample 9,Timer,0.4964926242828369
Sample 10,Moirai,0.5218688249588013
Sample 10,Time-MoE,0.47813114523887634
Sample 11,Moirai,0.5773724913597107
Sample 11,TimesFM,0.4226274788379669
Sample 12,Chronos,0.5155383944511414
Sample 12,Moirai,0.48446157574653625
Sample 13,Moirai,0.5008254647254944
Sample 13,TimesFM,0.499174565076828
Sample 14,Chronos,0.5005743503570557
Sample 14,TimesFM,0.49942564964294434
Sample 15,Time-MoE,0.5038797855377197
Sample 15,Timer,0.49612024426460266
Sample 16,Moirai,0.651928186416626
Sample 16,TimesFM,0.34807175397872925
Sample 17,TimesFM,0.503736138343811
Sample 17,Chronos,0.4962638318538666
Sample 18,Moirai,0.5136653184890747
Sample 18,Time-MoE,0.4863346815109253
Sample 19,TimesFM,0.5108893513679504
Sample 19,Timer,0.4891106188297272
Sample 20,Chronos,0.5026056170463562
Sample 20,Timer,0.4973943829536438
Sample 21,TimesFM,0.5098058581352234
Sample 21,Timer,0.4901941418647766
Sample 22,TimesFM,0.5009106993675232
Sample 22,Chronos,0.4990892708301544
Sample 23,Moirai,0.5190808176994324
Sample 23,Time-MoE,0.4809191823005676
Sample 24,Moirai,0.7320533394813538
Sample 24,Time-MoE,0.26794663071632385
Sample 25,TimesFM,0.5026332139968872
Sample 25,Chronos,0.4973667860031128
Sample 26,Moirai,0.5218419432640076
Sample 26,Timer,0.4781580865383148
Sample 27,TimesFM,0.5102145671844482
Sample 27,Timer,0.48978546261787415
Sample 28,Moirai,0.5577455759048462
Sample 28,Chronos,0.4422544538974762
Sample 29,Time-MoE,0.5027442574501038
Sample 29,Timer,0.49725574254989624
Sample 30,Chronos,0.5005274415016174
Sample 30,Timer,0.4994725286960602
Sample 31,Moirai,0.601698637008667
Sample 31,Time-MoE,0.398301362991333
Sample 0,Moirai,0.7090814709663391
Sample 0,Chronos,0.2909184992313385
Sample 1,TimesFM,0.5029924511909485
Sample 1,Chronos,0.4970075786113739
Sample 2,Time-MoE,0.5041229128837585
Sample 2,Timer,0.49587711691856384
Sample 3,TimesFM,0.5071839690208435
Sample 3,Timer,0.4928160309791565
Sample 4,Moirai,0.5111455321311951
Sample 4,Chronos,0.48885446786880493
Sample 5,TimesFM,0.5032996535301208
Sample 5,Chronos,0.49670037627220154
Sample 6,Moirai,0.5100961327552795
Sample 6,Chronos,0.48990392684936523
Sample 7,Moirai,0.5510042905807495
Sample 7,Time-MoE,0.4489957392215729
Sample 8,Moirai,0.6970898509025574
Sample 8,Time-MoE,0.302910178899765
Sample 9,Moirai,0.5014945268630981
Sample 9,TimesFM,0.49850547313690186
Sample 10,Moirai,0.5305647850036621
Sample 10,TimesFM,0.4694352447986603
Sample 11,Moirai,0.5118775963783264
Sample 11,TimesFM,0.4881223738193512
Sample 12,Time-MoE,0.5000582337379456
Sample 12,TimesFM,0.49994179606437683
Sample 13,TimesFM,0.5074409246444702
Sample 13,Timer,0.4925590753555298
Sample 14,Chronos,0.5016058087348938
Sample 14,TimesFM,0.4983942210674286
Sample 15,Moirai,0.5533969402313232
Sample 15,Time-MoE,0.44660302996635437
Sample 16,Moirai,0.6880015134811401
Sample 16,Chronos,0.31199848651885986
Sample 17,Moirai,0.5095056891441345
Sample 17,TimesFM,0.4904943108558655
Sample 18,Moirai,0.5738064050674438
Sample 18,Chronos,0.42619362473487854
Sample 19,TimesFM,0.5048998594284058
Sample 19,Chronos,0.4951001703739166
Sample 20,TimesFM,0.5017122030258179
Sample 20,Time-MoE,0.4982878267765045
Sample 21,TimesFM,0.5060418248176575
Sample 21,Moirai,0.4939582049846649
Sample 22,Chronos,0.5036414861679077
Sample 22,Time-MoE,0.49635857343673706
Sample 23,Moirai,0.5723292827606201
Sample 23,Timer,0.4276707172393799
Sample 24,Moirai,0.6829047203063965
Sample 24,Chronos,0.3170952796936035
Sample 25,TimesFM,0.5052428841590881
Sample 25,Timer,0.49475711584091187
Sample 26,Moirai,0.512266993522644
Sample 26,Time-MoE,0.48773297667503357
Sample 27,TimesFM,0.504391074180603
Sample 27,Chronos,0.495608925819397
Sample 28,Time-MoE,0.5033278465270996
Sample 28,Timer,0.4966721832752228
Sample 29,TimesFM,0.5077475905418396
Sample 29,Timer,0.4922523498535156
Sample 30,Moirai,0.517011284828186
Sample 30,Chronos,0.48298871517181396
Sample 31,Time-MoE,0.502552330493927
Sample 31,Timer,0.497447669506073
Sample 0,Moirai,0.6034151315689087
Sample 0,TimesFM,0.3965848684310913
Sample 1,TimesFM,0.503741443157196
Sample 1,Chronos,0.49625858664512634
Sample 2,Time-MoE,0.5061746835708618
Sample 2,Chronos,0.4938253164291382
Sample 3,TimesFM,0.5068044066429138
Sample 3,Timer,0.49319565296173096
Sample 4,Chronos,0.5020720362663269
Sample 4,TimesFM,0.4979279339313507
Sample 5,TimesFM,0.5068971514701843
Sample 5,Chronos,0.4931028485298157
Sample 6,TimesFM,0.5028138756752014
Sample 6,Chronos,0.49718615412712097
Sample 7,Moirai,0.5371710658073425
Sample 7,Time-MoE,0.46282893419265747
Sample 8,Moirai,0.738217294216156
Sample 8,Chronos,0.2617827355861664
Sample 9,TimesFM,0.5027046203613281
Sample 9,Moirai,0.49729540944099426
Sample 10,Time-MoE,0.5066506862640381
Sample 10,Timer,0.4933493435382843
Sample 11,TimesFM,0.5077348947525024
Sample 11,Timer,0.49226507544517517
Sample 12,Chronos,0.5085988640785217
Sample 12,Moirai,0.49140116572380066
Sample 13,TimesFM,0.5044482350349426
Sample 13,Chronos,0.49555179476737976
Sample 14,Time-MoE,0.5000306963920593
Sample 14,TimesFM,0.49996933341026306
Sample 15,Moirai,0.5718727707862854
Sample 15,Time-MoE,0.428127259016037
Sample 0,Moirai,0.7391135692596436
Sample 0,Time-MoE,0.26088646054267883
Sample 1,TimesFM,0.5024002194404602
Sample 1,Chronos,0.4975997805595398
Sample 2,Chronos,0.5015180706977844
Sample 2,Timer,0.4984819293022156
Sample 3,TimesFM,0.5087561011314392
Sample 3,Timer,0.491243839263916
Sample 4,Chronos,0.5069922208786011
Sample 4,Moirai,0.49300774931907654
Sample 5,TimesFM,0.5005961060523987
Sample 5,Chronos,0.4994039237499237
Sample 6,Timer,0.50148606300354
Sample 6,TimesFM,0.49851396679878235
Sample 7,Moirai,0.5836947560310364
Sample 7,Time-MoE,0.4163052439689636
Sample 8,Moirai,0.7234753370285034
Sample 8,Time-MoE,0.27652472257614136
Sample 9,TimesFM,0.5030180215835571
Sample 9,Timer,0.4969819486141205
Sample 10,Time-MoE,0.512911856174469
Sample 10,Timer,0.4870881736278534
Sample 11,TimesFM,0.5096580386161804
Sample 11,Timer,0.49034202098846436
Sample 12,Moirai,0.551388144493103
Sample 12,Chronos,0.448611855506897
Sample 13,TimesFM,0.506009578704834
Sample 13,Chronos,0.49399039149284363
Sample 14,Time-MoE,0.5028768181800842
Sample 14,Chronos,0.49712321162223816
Sample 15,Moirai,0.5834463238716125
Sample 15,Time-MoE,0.41655367612838745
Sample 16,Moirai,0.6598585247993469
Sample 16,Time-MoE,0.3401414752006531
Sample 17,Moirai,0.5036394000053406
Sample 17,TimesFM,0.49636057019233704
Sample 18,Moirai,0.5128007531166077
Sample 18,Chronos,0.48719921708106995
Sample 19,TimesFM,0.5058609843254089
Sample 19,Timer,0.4941389560699463
Sample 20,Moirai,0.5520161986351013
Sample 20,Time-MoE,0.4479837715625763
Sample 21,TimesFM,0.5094935894012451
Sample 21,Timer,0.4905063807964325
Sample 22,TimesFM,0.5033674240112305
Sample 22,Chronos,0.4966326057910919
Sample 23,Timer,0.5010095834732056
Sample 23,Time-MoE,0.4989904463291168
Sample 24,Moirai,0.6788142323493958
Sample 24,Time-MoE,0.32118573784828186
Sample 25,TimesFM,0.502838671207428
Sample 25,Chronos,0.497161328792572
Sample 26,Moirai,0.585210382938385
Sample 26,Timer,0.414789617061615
Sample 27,Moirai,0.5377905964851379
Sample 27,TimesFM,0.4622093737125397
Sample 28,Chronos,0.5053750276565552
Sample 28,Time-MoE,0.4946250021457672
Sample 29,TimesFM,0.5058109760284424
Sample 29,Chronos,0.49418905377388
Sample 30,Time-MoE,0.5016953349113464
Sample 30,TimesFM,0.49830466508865356
Sample 31,Moirai,0.5514352917671204
Sample 31,Time-MoE,0.44856467843055725
Sample 0,Moirai,0.6809890270233154
Sample 0,TimesFM,0.3190109431743622
Sample 1,Moirai,0.5103697776794434
Sample 1,TimesFM,0.48963019251823425
Sample 2,Time-MoE,0.5001581311225891
Sample 2,Chronos,0.4998418688774109
Sample 3,TimesFM,0.5050967931747437
Sample 3,Chronos,0.49490323662757874
Sample 4,TimesFM,0.5005289316177368
Sample 4,Time-MoE,0.4994710683822632
Sample 5,TimesFM,0.5045402646064758
Sample 5,Timer,0.4954597055912018
Sample 6,Chronos,0.5046975016593933
Sample 6,Timer,0.4953024983406067
Sample 7,Moirai,0.5890508890151978
Sample 7,Time-MoE,0.41094908118247986
Sample 8,Moirai,0.6635084748268127
Sample 8,Time-MoE,0.33649155497550964
Sample 9,Moirai,0.5010769963264465
Sample 9,TimesFM,0.49892303347587585
Sample 10,Moirai,0.5023937821388245
Sample 10,Time-MoE,0.49760615825653076
Sample 11,Moirai,0.5194045305252075
Sample 11,Time-MoE,0.4805954396724701
Sample 12,Chronos,0.5137437582015991
Sample 12,Timer,0.4862562417984009
Sample 13,Moirai,0.5142159461975098
Sample 13,TimesFM,0.48578405380249023
Sample 14,TimesFM,0.5142893195152283
Sample 14,Timer,0.4857107102870941
Sample 15,Moirai,0.5817582011222839
Sample 15,Time-MoE,0.4182417690753937
Sample 16,Moirai,0.7064619660377502
Sample 16,Time-MoE,0.29353800415992737
Sample 17,Moirai,0.5104936957359314
Sample 17,TimesFM,0.4895062744617462
Sample 18,Time-MoE,0.5107447504997253
Sample 18,TimesFM,0.48925524950027466
Sample 19,TimesFM,0.5007795095443726
Sample 19,Moirai,0.49922049045562744
Sample 20,Moirai,0.5039190649986267
Sample 20,Chronos,0.4960809350013733
Sample 21,Moirai,0.5126975774765015
Sample 21,TimesFM,0.48730242252349854
Sample 22,Chronos,0.5019088983535767
Sample 22,Timer,0.49809107184410095
Sample 23,Time-MoE,0.5002027750015259
Sample 23,Timer,0.4997972249984741
Sample 24,Moirai,0.6331674456596375
Sample 24,Time-MoE,0.36683255434036255
Sample 25,TimesFM,0.5048018097877502
Sample 25,Timer,0.495198130607605
Sample 26,Time-MoE,0.5047762989997864
Sample 26,Chronos,0.4952237010002136
Sample 27,TimesFM,0.5129315257072449
Sample 27,Timer,0.4870684742927551
Sample 28,Chronos,0.5000171661376953
Sample 28,Moirai,0.4999828636646271
Sample 29,TimesFM,0.5096448063850403
Sample 29,Chronos,0.4903552234172821
Sample 30,Chronos,0.5002808570861816
Sample 30,TimesFM,0.49971920251846313
Sample 31,Moirai,0.5754420757293701
Sample 31,Time-MoE,0.4245578944683075
Sample 0,Moirai,0.6516494750976562
Sample 0,Time-MoE,0.34835049510002136
Sample 1,Moirai,0.5108189582824707
Sample 1,TimesFM,0.4891809821128845
Sample 2,Moirai,0.5028974413871765
Sample 2,TimesFM,0.4971025884151459
Sample 3,TimesFM,0.5068100690841675
Sample 3,Chronos,0.49318987131118774
Sample 4,Moirai,0.5719059109687805
Sample 4,Time-MoE,0.42809414863586426
Sample 5,Chronos,0.5026503205299377
Sample 5,Time-MoE,0.49734964966773987
Sample 6,Chronos,0.5000930428504944
Sample 6,Timer,0.4999069273471832
Sample 7,Moirai,0.5786348581314087
Sample 7,Time-MoE,0.4213651418685913
Sample 8,Moirai,0.6420653462409973
Sample 8,Time-MoE,0.3579346537590027
Sample 9,TimesFM,0.5031992793083191
Sample 9,Timer,0.4968007206916809
Sample 10,Moirai,0.5080508589744568
Sample 10,Chronos,0.4919491410255432
Sample 11,TimesFM,0.5077354907989502
Sample 11,Chronos,0.4922645390033722
Sample 12,Chronos,0.5014357566833496
Sample 12,TimesFM,0.4985642731189728
Sample 13,TimesFM,0.5077774524688721
Sample 13,Timer,0.4922226071357727
Sample 14,Time-MoE,0.5016878247261047
Sample 14,TimesFM,0.49831217527389526
Sample 15,Moirai,0.5475137233734131
Sample 15,Time-MoE,0.45248621702194214
Sample 16,Moirai,0.59934401512146
Sample 16,TimesFM,0.4006560444831848
Sample 17,TimesFM,0.5040596723556519
Sample 17,Chronos,0.49594035744667053
Sample 18,Time-MoE,0.5054826736450195
Sample 18,Timer,0.49451732635498047
Sample 19,Moirai,0.5791727900505066
Sample 19,TimesFM,0.4208272099494934
Sample 20,Chronos,0.5019843578338623
Sample 20,TimesFM,0.4980156421661377
Sample 21,TimesFM,0.5096022486686707
Sample 21,Chronos,0.49039775133132935
Sample 22,Chronos,0.5101930499076843
Sample 22,Timer,0.48980697989463806
Sample 23,TimesFM,0.5002797245979309
Sample 23,Time-MoE,0.4997202754020691
Sample 24,Moirai,0.6352565884590149
Sample 24,Time-MoE,0.3647433817386627
Sample 25,TimesFM,0.5032510161399841
Sample 25,Timer,0.4967489242553711
Sample 26,Moirai,0.5051078796386719
Sample 26,Time-MoE,0.4948921501636505
Sample 27,TimesFM,0.5155059695243835
Sample 27,Timer,0.48449406027793884
Sample 28,Chronos,0.5003670454025269
Sample 28,Timer,0.49963295459747314
Sample 29,TimesFM,0.5068805813789368
Sample 29,Chronos,0.4931194484233856
Sample 30,TimesFM,0.5010097026824951
Sample 30,Timer,0.4989902973175049
Sample 31,Moirai,0.5269572138786316
Sample 31,Time-MoE,0.4730427861213684
Sample 0,Moirai,0.6729019284248352
Sample 0,Time-MoE,0.3270980715751648
Sample 1,Moirai,0.5190228223800659
Sample 1,TimesFM,0.4809771180152893
Sample 2,Moirai,0.5508356094360352
Sample 2,Chronos,0.44916439056396484
Sample 3,Moirai,0.5084048509597778
Sample 3,TimesFM,0.49159517884254456
Sample 4,Chronos,0.5042217969894409
Sample 4,Timer,0.4957781732082367
Sample 5,Moirai,0.5884090065956116
Sample 5,Chronos,0.41159096360206604
Sample 6,Moirai,0.532014012336731
Sample 6,Time-MoE,0.46798592805862427
Sample 7,Moirai,0.5439276695251465
Sample 7,Time-MoE,0.45607230067253113
Sample 8,Moirai,0.7384236454963684
Sample 8,Timer,0.2615763247013092
Sample 9,TimesFM,0.5026987195014954
Sample 9,Chronos,0.49730128049850464
Sample 10,TimesFM,0.5008646845817566
Sample 10,Chronos,0.4991353452205658
Sample 11,TimesFM,0.510191798210144
Sample 11,Timer,0.48980817198753357
Sample 12,Moirai,0.5450661778450012
Sample 12,Chronos,0.4549338221549988
Sample 13,Chronos,0.5006850957870483
Sample 13,TimesFM,0.49931493401527405
Sample 14,TimesFM,0.5024124383926392
Sample 14,Time-MoE,0.49758756160736084
Sample 15,Moirai,0.5777861475944519
Sample 15,Timer,0.4222137928009033
Sample 16,Moirai,0.7238115072250366
Sample 16,Chronos,0.2761884927749634
Sample 17,Chronos,0.5017824172973633
Sample 17,TimesFM,0.4982176125049591
Sample 18,Moirai,0.5415210127830505
Sample 18,Time-MoE,0.45847901701927185
Sample 19,TimesFM,0.5110682845115662
Sample 19,Timer,0.4889317452907562
Sample 20,Chronos,0.5011242628097534
Sample 20,Timer,0.4988756775856018
Sample 21,TimesFM,0.5033653974533081
Sample 21,Chronos,0.4966345727443695
Sample 22,Moirai,0.5369673371315002
Sample 22,Time-MoE,0.46303269267082214
Sample 23,Moirai,0.5520970225334167
Sample 23,Time-MoE,0.44790297746658325
Sample 24,Moirai,0.6764197945594788
Sample 24,Timer,0.32358020544052124
Sample 25,TimesFM,0.5048117637634277
Sample 25,Timer,0.49518823623657227
Sample 26,Moirai,0.5246439576148987
Sample 26,Chronos,0.4753560423851013
Sample 27,TimesFM,0.5086824297904968
Sample 27,Timer,0.4913175702095032
Sample 28,Moirai,0.5523318648338318
Sample 28,Chronos,0.4476681053638458
Sample 29,TimesFM,0.5074230432510376
Sample 29,Timer,0.49257692694664
Sample 30,Chronos,0.5009230971336365
Sample 30,Time-MoE,0.4990769624710083
Sample 31,Moirai,0.5810118317604065
Sample 31,Timer,0.4189881682395935
Sample 0,Moirai,0.7098561525344849
Sample 0,Timer,0.29014381766319275
Sample 1,TimesFM,0.503040611743927
Sample 1,Timer,0.496959388256073
Sample 2,Chronos,0.5017426609992981
Sample 2,TimesFM,0.4982573688030243
Sample 3,TimesFM,0.5083628296852112
Sample 3,Timer,0.4916372001171112
Sample 4,Moirai,0.5093076825141907
Sample 4,Chronos,0.49069228768348694
Sample 5,TimesFM,0.5027672052383423
Sample 5,Time-MoE,0.4972328245639801
Sample 6,Moirai,0.5062317252159119
Sample 6,Timer,0.49376824498176575
Sample 7,Moirai,0.5809770822525024
Sample 7,Time-MoE,0.41902294754981995
Sample 8,Moirai,0.6911988854408264
Sample 8,Time-MoE,0.3088010847568512
Sample 9,TimesFM,0.5032732486724854
Sample 9,Timer,0.49672672152519226
Sample 10,Moirai,0.5222124457359314
Sample 10,Time-MoE,0.4777875244617462
Sample 11,Moirai,0.5788516998291016
Sample 11,TimesFM,0.42114830017089844
Sample 12,Chronos,0.515801727771759
Sample 12,Moirai,0.48419827222824097
Sample 13,Moirai,0.501175582408905
Sample 13,TimesFM,0.4988243877887726
Sample 14,Chronos,0.5012241005897522
Sample 14,TimesFM,0.4987759292125702
Sample 15,Time-MoE,0.5038366913795471
Sample 15,Timer,0.4961632788181305
Sample 16,Moirai,0.6546017527580261
Sample 16,TimesFM,0.34539827704429626
Sample 17,TimesFM,0.5030651688575745
Sample 17,Chronos,0.49693483114242554
Sample 18,Moirai,0.5135483145713806
Sample 18,Time-MoE,0.4864516854286194
Sample 19,TimesFM,0.5111588835716248
Sample 19,Timer,0.48884108662605286
Sample 20,Chronos,0.5026247501373291
Sample 20,Timer,0.4973752200603485
Sample 21,TimesFM,0.5097583532333374
Sample 21,Timer,0.4902416169643402
Sample 22,TimesFM,0.5002979040145874
Sample 22,Chronos,0.4997020661830902
Sample 23,Moirai,0.5195645689964294
Sample 23,Time-MoE,0.48043540120124817
Sample 24,Moirai,0.7352039813995361
Sample 24,Time-MoE,0.26479607820510864
Sample 25,TimesFM,0.5022370219230652
Sample 25,Chronos,0.4977629482746124
Sample 26,Moirai,0.5222382545471191
Sample 26,Timer,0.47776174545288086
Sample 27,TimesFM,0.510262668132782
Sample 27,Timer,0.48973730206489563
Sample 28,Moirai,0.5589398741722107
Sample 28,Chronos,0.4410601258277893
Sample 29,Time-MoE,0.5032551288604736
Sample 29,Timer,0.49674490094184875
Sample 30,Chronos,0.500255823135376
Sample 30,Time-MoE,0.49974414706230164
Sample 31,Moirai,0.6033320426940918
Sample 31,Time-MoE,0.3966679275035858
Sample 0,Moirai,0.7128109335899353
Sample 0,Time-MoE,0.2871890664100647
Sample 1,TimesFM,0.5025690793991089
Sample 1,Chronos,0.49743086099624634
Sample 2,Time-MoE,0.504376232624054
Sample 2,Timer,0.49562376737594604
Sample 3,TimesFM,0.5073508024215698
Sample 3,Timer,0.49264922738075256
Sample 4,Moirai,0.511445939540863
Sample 4,Chronos,0.48855406045913696
Sample 5,TimesFM,0.5025736689567566
Sample 5,Time-MoE,0.4974263608455658
Sample 6,Moirai,0.5103569030761719
Sample 6,Chronos,0.48964306712150574
Sample 7,Moirai,0.5519415140151978
Sample 7,Time-MoE,0.44805851578712463
Sample 8,Moirai,0.7000051736831665
Sample 8,Time-MoE,0.2999948263168335
Sample 9,Moirai,0.5019708275794983
Sample 9,TimesFM,0.4980291426181793
Sample 10,Moirai,0.5311400890350342
Sample 10,Chronos,0.46885985136032104
Sample 11,Moirai,0.5124104022979736
Sample 11,TimesFM,0.48758959770202637
Sample 12,Time-MoE,0.5000957250595093
Sample 12,TimesFM,0.49990424513816833
Sample 13,TimesFM,0.5077680349349976
Sample 13,Chronos,0.49223196506500244
Sample 14,Chronos,0.5016452074050903
Sample 14,TimesFM,0.49835485219955444
Sample 15,Moirai,0.5542423725128174
Sample 15,Time-MoE,0.44575759768486023
Sample 16,Moirai,0.6914251446723938
Sample 16,Timer,0.3085748255252838
Sample 17,Moirai,0.5101053714752197
Sample 17,TimesFM,0.4898946285247803
Sample 18,Moirai,0.5753411054611206
Sample 18,Chronos,0.4246589243412018
Sample 19,TimesFM,0.5045806169509888
Sample 19,Chronos,0.49541938304901123
Sample 20,TimesFM,0.5011765956878662
Sample 20,Time-MoE,0.4988233745098114
Sample 21,TimesFM,0.505769670009613
Sample 21,Moirai,0.4942303001880646
Sample 22,Chronos,0.5038995742797852
Sample 22,Time-MoE,0.49610042572021484
Sample 23,Moirai,0.5730895400047302
Sample 23,Timer,0.4269104599952698
Sample 24,Moirai,0.6862290501594543
Sample 24,Time-MoE,0.31377097964286804
Sample 25,TimesFM,0.5053218603134155
Sample 25,Timer,0.4946781396865845
Sample 26,Moirai,0.5124123096466064
Sample 26,Time-MoE,0.48758766055107117
Sample 27,TimesFM,0.5038802623748779
Sample 27,Chronos,0.49611973762512207
Sample 28,Time-MoE,0.5032545328140259
Sample 28,Timer,0.49674543738365173
Sample 29,TimesFM,0.5075090527534485
Sample 29,Chronos,0.4924909770488739
Sample 30,Moirai,0.5172833800315857
Sample 30,Chronos,0.4827166199684143
Sample 31,Time-MoE,0.5020914077758789
Sample 31,Timer,0.4979086220264435
Sample 0,Moirai,0.6053121089935303
Sample 0,TimesFM,0.3946879208087921
Sample 1,TimesFM,0.5031877756118774
Sample 1,Chronos,0.49681219458580017
Sample 2,Time-MoE,0.5065296292304993
Sample 2,Chronos,0.49347034096717834
Sample 3,TimesFM,0.5071685314178467
Sample 3,Timer,0.49283143877983093
Sample 4,Chronos,0.5026368498802185
Sample 4,TimesFM,0.4973631799221039
Sample 5,TimesFM,0.5067034363746643
Sample 5,Chronos,0.4932965934276581
Sample 6,TimesFM,0.5024672746658325
Sample 6,Chronos,0.4975327253341675
Sample 7,Moirai,0.5379317402839661
Sample 7,Time-MoE,0.46206820011138916
Sample 8,Moirai,0.7418826222419739
Sample 8,Time-MoE,0.25811734795570374
Sample 9,TimesFM,0.5024111270904541
Sample 9,Moirai,0.4975888729095459
Sample 10,Time-MoE,0.506914496421814
Sample 10,Timer,0.49308550357818604
Sample 11,TimesFM,0.5081067085266113
Sample 11,Timer,0.4918932616710663
Sample 12,Chronos,0.5087644457817078
Sample 12,Moirai,0.4912355840206146
Sample 13,TimesFM,0.5041861534118652
Sample 13,Chronos,0.49581384658813477
Sample 14,Time-MoE,0.5006843209266663
Sample 14,TimesFM,0.4993157386779785
Sample 15,Moirai,0.5732115507125854
Sample 15,Time-MoE,0.4267885088920593
Sample 0,Moirai,0.7424728274345398
Sample 0,Time-MoE,0.25752711296081543
Sample 1,TimesFM,0.5021618008613586
Sample 1,Chronos,0.49783822894096375
Sample 2,Chronos,0.5016338229179382
Sample 2,Timer,0.49836617708206177
Sample 3,TimesFM,0.5092334747314453
Sample 3,Chronos,0.4907664954662323
Sample 4,Chronos,0.5071513652801514
Sample 4,Moirai,0.49284863471984863
Sample 5,TimesFM,0.5003268718719482
Sample 5,Chronos,0.49967318773269653
Sample 6,Timer,0.5010969638824463
Sample 6,TimesFM,0.49890297651290894
Sample 7,Moirai,0.5851919054985046
Sample 7,Timer,0.414808064699173
Sample 8,Moirai,0.7266045212745667
Sample 8,Time-MoE,0.27339547872543335
Sample 9,TimesFM,0.5030286908149719
Sample 9,Chronos,0.4969712793827057
Sample 10,Time-MoE,0.5134701132774353
Sample 10,Timer,0.4865299165248871
Sample 11,TimesFM,0.510230302810669
Sample 11,Timer,0.48976969718933105
Sample 12,Moirai,0.5523404479026794
Sample 12,Chronos,0.44765955209732056
Sample 13,TimesFM,0.5057819485664368
Sample 13,Chronos,0.49421802163124084
Sample 14,Time-MoE,0.5028184652328491
Sample 14,Chronos,0.49718156456947327
Sample 15,Moirai,0.5843684673309326
Sample 15,Timer,0.415631502866745
Sample 16,Moirai,0.6623691916465759
Sample 16,Time-MoE,0.3376307487487793
Sample 17,Moirai,0.5039072036743164
Sample 17,TimesFM,0.4960927367210388
Sample 18,Moirai,0.51299649477005
Sample 18,Chronos,0.48700350522994995
Sample 19,TimesFM,0.5063740015029907
Sample 19,Chronos,0.4936259686946869
Sample 20,Moirai,0.5527857542037964
Sample 20,Time-MoE,0.447214275598526
Sample 21,TimesFM,0.510042130947113
Sample 21,Timer,0.4899578392505646
Sample 22,TimesFM,0.5032135248184204
Sample 22,Chronos,0.4967864751815796
Sample 23,Timer,0.501144289970398
Sample 23,Time-MoE,0.49885568022727966
Sample 24,Moirai,0.6815122365951538
Sample 24,Timer,0.3184877336025238
Sample 25,TimesFM,0.5026313662528992
Sample 25,Chronos,0.4973686635494232
Sample 26,Moirai,0.5867370963096619
Sample 26,Time-MoE,0.41326290369033813
Sample 27,Moirai,0.5384427905082703
Sample 27,TimesFM,0.46155720949172974
Sample 28,Chronos,0.5058109760284424
Sample 28,Time-MoE,0.49418905377388
Sample 29,TimesFM,0.5056437253952026
Sample 29,Chronos,0.494356244802475
Sample 30,Time-MoE,0.5022221207618713
Sample 30,TimesFM,0.49777790904045105
Sample 31,Moirai,0.5524793863296509
Sample 31,Time-MoE,0.4475206136703491
Sample 0,Moirai,0.6835790872573853
Sample 0,TimesFM,0.31642094254493713
Sample 1,Moirai,0.5106592774391174
Sample 1,TimesFM,0.48934072256088257
Sample 2,Time-MoE,0.5001365542411804
Sample 2,Chronos,0.49986347556114197
Sample 3,TimesFM,0.5051482915878296
Sample 3,Chronos,0.49485164880752563
Sample 4,TimesFM,0.500588059425354
Sample 4,Time-MoE,0.499411940574646
Sample 5,TimesFM,0.5052011609077454
Sample 5,Timer,0.49479883909225464
Sample 6,Chronos,0.5052381753921509
Sample 6,TimesFM,0.4947618246078491
Sample 7,Moirai,0.5903853178024292
Sample 7,Timer,0.4096146821975708
Sample 8,Moirai,0.665972113609314
Sample 8,Time-MoE,0.33402788639068604
Sample 9,Moirai,0.5011956095695496
Sample 9,TimesFM,0.49880439043045044
Sample 10,Moirai,0.5021302103996277
Sample 10,Time-MoE,0.4978698492050171
Sample 11,Moirai,0.5196254253387451
Sample 11,Time-MoE,0.48037463426589966
Sample 12,Chronos,0.5142037272453308
Sample 12,Time-MoE,0.4857962727546692
Sample 13,Moirai,0.5144871473312378
Sample 13,TimesFM,0.4855128228664398
Sample 14,TimesFM,0.5143991112709045
Sample 14,Chronos,0.48560091853141785
Sample 15,Moirai,0.5832333564758301
Sample 15,Time-MoE,0.41676661372184753
Sample 16,Moirai,0.7095821499824524
Sample 16,Time-MoE,0.2904178500175476
Sample 17,Moirai,0.5107656121253967
Sample 17,TimesFM,0.4892343580722809
Sample 18,Time-MoE,0.5111948251724243
Sample 18,TimesFM,0.4888051450252533
Sample 19,TimesFM,0.5007636547088623
Sample 19,Moirai,0.4992363452911377
Sample 20,Moirai,0.503937304019928
Sample 20,Chronos,0.4960627257823944
Sample 21,Moirai,0.5129703283309937
Sample 21,TimesFM,0.48702970147132874
Sample 22,Chronos,0.5025005340576172
Sample 22,Timer,0.4974994361400604
Sample 23,Timer,0.5005577802658081
Sample 23,Time-MoE,0.4994422197341919
Sample 24,Moirai,0.6351997256278992
Sample 24,Time-MoE,0.36480024456977844
Sample 25,TimesFM,0.5053229928016663
Sample 25,Chronos,0.49467703700065613
Sample 26,Time-MoE,0.5050216317176819
Sample 26,Chronos,0.4949783682823181
Sample 27,TimesFM,0.5136411786079407
Sample 27,Timer,0.4863588511943817
Sample 28,Moirai,0.5000102519989014
Sample 28,Chronos,0.49998974800109863
Sample 29,TimesFM,0.5096984505653381
Sample 29,Chronos,0.4903015196323395
Sample 30,Chronos,0.5007073283195496
Sample 30,TimesFM,0.49929264187812805
Sample 31,Moirai,0.5765432715415955
Sample 31,Timer,0.42345675826072693
Sample 0,Moirai,0.6542236804962158
Sample 0,Time-MoE,0.3457763195037842
Sample 1,Moirai,0.5110064744949341
Sample 1,TimesFM,0.4889935255050659
Sample 2,Moirai,0.5031612515449524
Sample 2,TimesFM,0.4968387186527252
Sample 3,TimesFM,0.5068739652633667
Sample 3,Chronos,0.4931260049343109
Sample 4,Moirai,0.5732236504554749
Sample 4,Time-MoE,0.42677631974220276
Sample 5,Chronos,0.5025310516357422
Sample 5,Time-MoE,0.4974689185619354
Sample 6,Chronos,0.5006751418113708
Sample 6,Timer,0.4993247985839844
Sample 7,Moirai,0.5801073312759399
Sample 7,Time-MoE,0.41989266872406006
Sample 8,Moirai,0.6445490121841431
Sample 8,Time-MoE,0.3554510474205017
Sample 9,TimesFM,0.5038694143295288
Sample 9,Timer,0.4961305856704712
Sample 10,Moirai,0.5081721544265747
Sample 10,Chronos,0.4918278157711029
Sample 11,TimesFM,0.5078374147415161
Sample 11,Chronos,0.4921625852584839
Sample 12,Chronos,0.5012274384498596
Sample 12,Timer,0.4987725615501404
Sample 13,TimesFM,0.5078809261322021
Sample 13,Chronos,0.49211907386779785
Sample 14,Time-MoE,0.5021029114723206
Sample 14,TimesFM,0.49789705872535706
Sample 15,Moirai,0.5482821464538574
Sample 15,Timer,0.4517178237438202
Sample 16,Moirai,0.6008878946304321
Sample 16,TimesFM,0.39911213517189026
Sample 17,TimesFM,0.504018247127533
Sample 17,Chronos,0.49598172307014465
Sample 18,Time-MoE,0.5056837201118469
Sample 18,Timer,0.4943162500858307
Sample 19,Moirai,0.580371618270874
Sample 19,TimesFM,0.41962841153144836
Sample 20,Chronos,0.5019357204437256
Sample 20,TimesFM,0.4980643093585968
Sample 21,TimesFM,0.5097867250442505
Sample 21,Chronos,0.4902132749557495
Sample 22,Chronos,0.51040118932724
Sample 22,Time-MoE,0.4895988404750824
Sample 23,TimesFM,0.5002392530441284
Sample 23,Time-MoE,0.4997607171535492
Sample 24,Moirai,0.6376655101776123
Sample 24,Time-MoE,0.3623344600200653
Sample 25,TimesFM,0.5038197040557861
Sample 25,Chronos,0.4961802661418915
Sample 26,Moirai,0.505092203617096
Sample 26,Time-MoE,0.49490776658058167
Sample 27,TimesFM,0.5160006880760193
Sample 27,Timer,0.48399925231933594
Sample 28,Timer,0.500118613243103
Sample 28,Chronos,0.4998813569545746
Sample 29,TimesFM,0.5069853067398071
Sample 29,Chronos,0.49301475286483765
Sample 30,TimesFM,0.5013251900672913
Sample 30,Time-MoE,0.49867483973503113
Sample 31,Moirai,0.5276027321815491
Sample 31,Time-MoE,0.4723972678184509
Sample 0,Moirai,0.6758303642272949
Sample 0,Timer,0.3241696059703827
Sample 1,Moirai,0.5192868709564209
Sample 1,TimesFM,0.4807131588459015
Sample 2,Moirai,0.5515035390853882
Sample 2,Chronos,0.44849643111228943
Sample 3,Moirai,0.5084666013717651
Sample 3,TimesFM,0.4915333688259125
Sample 4,Chronos,0.5044143795967102
Sample 4,Time-MoE,0.4955856204032898
Sample 5,Moirai,0.5898867845535278
Sample 5,Chronos,0.4101131856441498
Sample 6,Moirai,0.5324350595474243
Sample 6,Time-MoE,0.46756497025489807
Sample 7,Moirai,0.5447655916213989
Sample 7,Time-MoE,0.4552343785762787
Sample 8,Moirai,0.7414588928222656
Sample 8,Timer,0.2585410475730896
Sample 9,TimesFM,0.5029016733169556
Sample 9,Chronos,0.49709829688072205
Sample 10,TimesFM,0.500752329826355
Sample 10,Chronos,0.499247670173645
Sample 11,TimesFM,0.5108099579811096
Sample 11,Timer,0.4891900420188904
Sample 12,Moirai,0.5456820726394653
Sample 12,Chronos,0.45431795716285706
Sample 13,Chronos,0.500674307346344
Sample 13,TimesFM,0.4993257224559784
Sample 14,TimesFM,0.5019898414611816
Sample 14,Time-MoE,0.4980100989341736
Sample 15,Moirai,0.5785953402519226
Sample 15,Timer,0.4214046895503998
Sample 16,Moirai,0.726974606513977
Sample 16,Chronos,0.27302542328834534
Sample 17,Chronos,0.5017795562744141
Sample 17,TimesFM,0.49822044372558594
Sample 18,Moirai,0.5422729253768921
Sample 18,Time-MoE,0.4577270746231079
Sample 19,TimesFM,0.511471688747406
Sample 19,Timer,0.4885283410549164
Sample 20,Chronos,0.5008072257041931
Sample 20,Timer,0.4991927742958069
Sample 21,TimesFM,0.5033795237541199
Sample 21,Chronos,0.4966204762458801
Sample 22,Moirai,0.5374479293823242
Sample 22,Time-MoE,0.4625520408153534
Sample 23,Moirai,0.553159236907959
Sample 23,Time-MoE,0.4468407928943634
Sample 24,Moirai,0.6785659193992615
Sample 24,Timer,0.3214341104030609
Sample 25,TimesFM,0.5054266452789307
Sample 25,Timer,0.49457335472106934
Sample 26,Moirai,0.5248664021492004
Sample 26,Chronos,0.4751335680484772
Sample 27,TimesFM,0.509314239025116
Sample 27,Timer,0.49068576097488403
Sample 28,Moirai,0.5530534386634827
Sample 28,Chronos,0.4469465911388397
Sample 29,TimesFM,0.5073575973510742
Sample 29,Time-MoE,0.49264243245124817
Sample 30,Chronos,0.5005711913108826
Sample 30,Time-MoE,0.4994288384914398
Sample 31,Moirai,0.5818355083465576
Sample 31,Timer,0.4181644320487976
Sample 0,Moirai,0.7129809856414795
Sample 0,Timer,0.28701895475387573
Sample 1,TimesFM,0.5035780072212219
Sample 1,Timer,0.49642205238342285
Sample 2,Chronos,0.5016973614692688
Sample 2,TimesFM,0.4983026087284088
Sample 3,TimesFM,0.508902907371521
Sample 3,Timer,0.4910971224308014
Sample 4,Moirai,0.5094099640846252
Sample 4,Chronos,0.49059003591537476
Sample 5,TimesFM,0.5025629997253418
Sample 5,Time-MoE,0.4974370002746582
Sample 6,Moirai,0.5065909028053284
Sample 6,TimesFM,0.493409126996994
Sample 7,Moirai,0.5824946165084839
Sample 7,Time-MoE,0.4175053834915161
Sample 8,Moirai,0.6943737864494324
Sample 8,Time-MoE,0.30562624335289
Sample 9,TimesFM,0.5038272142410278
Sample 9,Timer,0.49617284536361694
Sample 10,Moirai,0.5225244760513306
Sample 10,Time-MoE,0.4774755537509918
Sample 11,Moirai,0.5798329710960388
Sample 11,TimesFM,0.42016705870628357
Sample 12,Chronos,0.5162861347198486
Sample 12,Moirai,0.48371389508247375
Sample 13,Moirai,0.500996470451355
Sample 13,TimesFM,0.499003529548645
Sample 14,Chronos,0.5012745261192322
Sample 14,TimesFM,0.4987254738807678
Sample 15,Time-MoE,0.5042129755020142
Sample 15,Timer,0.4957870543003082
Sample 16,Moirai,0.6568126678466797
Sample 16,TimesFM,0.3431873619556427
Sample 17,TimesFM,0.5033532977104187
Sample 17,Chronos,0.4966467022895813
Sample 18,Moirai,0.5135884284973145
Sample 18,Time-MoE,0.48641157150268555
Sample 19,TimesFM,0.5114241242408752
Sample 19,Timer,0.48857587575912476
Sample 20,Chronos,0.5024594068527222
Sample 20,Timer,0.4975406229496002
Sample 21,TimesFM,0.5102508068084717
Sample 21,Chronos,0.4897492229938507
Sample 22,TimesFM,0.5005511045455933
Sample 22,Chronos,0.49944889545440674
Sample 23,Moirai,0.5200002193450928
Sample 23,Time-MoE,0.4799998104572296
Sample 24,Moirai,0.7389433979988098
Sample 24,Time-MoE,0.2610566020011902
Sample 25,TimesFM,0.5025926828384399
Sample 25,Chronos,0.49740731716156006
Sample 26,Moirai,0.5226731300354004
Sample 26,Chronos,0.4773268401622772
Sample 27,TimesFM,0.5108187198638916
Sample 27,Timer,0.4891813099384308
Sample 28,Moirai,0.5597426295280457
Sample 28,Chronos,0.44025737047195435
Sample 29,Time-MoE,0.5038205981254578
Sample 29,Timer,0.4961794316768646
Sample 30,Time-MoE,0.5000284314155579
Sample 30,Chronos,0.4999715983867645
Sample 31,Moirai,0.6052488684654236
Sample 31,Time-MoE,0.3947511315345764
Sample 0,Moirai,0.7157080769538879
Sample 0,Chronos,0.28429195284843445
Sample 1,TimesFM,0.5029565095901489
Sample 1,Chronos,0.49704355001449585
Sample 2,Time-MoE,0.5044993758201599
Sample 2,Timer,0.4955005943775177
Sample 3,TimesFM,0.5076260566711426
Sample 3,Timer,0.4923739731311798
Sample 4,Moirai,0.5112161636352539
Sample 4,Chronos,0.48878389596939087
Sample 5,TimesFM,0.5025073885917664
Sample 5,Time-MoE,0.49749261140823364
Sample 6,Moirai,0.5107204914093018
Sample 6,Chronos,0.48927950859069824
Sample 7,Moirai,0.552981972694397
Sample 7,Time-MoE,0.4470180571079254
Sample 8,Moirai,0.7027596831321716
Sample 8,Timer,0.29724034667015076
Sample 9,Moirai,0.5020214319229126
Sample 9,TimesFM,0.4979786276817322
Sample 10,Moirai,0.5316758751869202
Sample 10,Chronos,0.46832412481307983
Sample 11,Moirai,0.5125637054443359
Sample 11,TimesFM,0.48743629455566406
Sample 12,Time-MoE,0.5002982020378113
Sample 12,TimesFM,0.4997017979621887
Sample 13,TimesFM,0.5078340768814087
Sample 13,Timer,0.4921659231185913
Sample 14,Chronos,0.5018002986907959
Sample 14,TimesFM,0.4981996715068817
Sample 15,Moirai,0.5552390217781067
Sample 15,Timer,0.44476091861724854
Sample 16,Moirai,0.6940634846687317
Sample 16,Timer,0.3059364855289459
Sample 17,Moirai,0.5102897882461548
Sample 17,TimesFM,0.4897102415561676
Sample 18,Moirai,0.576209306716919
Sample 18,Chronos,0.42379072308540344
Sample 19,TimesFM,0.5050080418586731
Sample 19,Chronos,0.4949919879436493
Sample 20,TimesFM,0.5007471442222595
Sample 20,Time-MoE,0.4992528557777405
Sample 21,TimesFM,0.5058486461639404
Sample 21,Moirai,0.49415138363838196
Sample 22,Chronos,0.5034332871437073
Sample 22,Time-MoE,0.4965667426586151
Sample 23,Moirai,0.5740177035331726
Sample 23,Timer,0.4259822964668274
Sample 24,Moirai,0.6888813376426697
Sample 24,TimesFM,0.3111186921596527
Sample 25,TimesFM,0.505603015422821
Sample 25,Timer,0.49439704418182373
Sample 26,Moirai,0.5125311017036438
Sample 26,Time-MoE,0.4874689280986786
Sample 27,TimesFM,0.5042527318000793
Sample 27,Chronos,0.49574732780456543
Sample 28,Time-MoE,0.5034342408180237
Sample 28,Timer,0.4965657889842987
Sample 29,TimesFM,0.5079079866409302
Sample 29,Chronos,0.4920920729637146
Sample 30,Moirai,0.5174098610877991
Sample 30,Chronos,0.4825901687145233
Sample 31,Time-MoE,0.5024081468582153
Sample 31,Timer,0.49759185314178467
Sample 0,Moirai,0.6070389151573181
Sample 0,TimesFM,0.3929610252380371
Sample 1,TimesFM,0.5035366415977478
Sample 1,Chronos,0.496463418006897
Sample 2,Time-MoE,0.5069149136543274
Sample 2,Chronos,0.4930851459503174
Sample 3,TimesFM,0.5072306990623474
Sample 3,Timer,0.4927692413330078
Sample 4,Chronos,0.5027655363082886
Sample 4,TimesFM,0.49723443388938904
Sample 5,TimesFM,0.5070964097976685
Sample 5,Chronos,0.49290356040000916
Sample 6,TimesFM,0.5027473568916321
Sample 6,Chronos,0.4972526729106903
Sample 7,Moirai,0.5386161804199219
Sample 7,Time-MoE,0.4613838195800781
Sample 8,Moirai,0.7452501654624939
Sample 8,Timer,0.2547498643398285
Sample 9,TimesFM,0.5022615790367126
Sample 9,Moirai,0.49773845076560974
Sample 10,Time-MoE,0.507250964641571
Sample 10,Timer,0.49274900555610657
Sample 11,TimesFM,0.5081384778022766
Sample 11,Timer,0.4918615520000458
Sample 12,Chronos,0.5090869665145874
Sample 12,Moirai,0.4909129738807678
Sample 13,TimesFM,0.5045339465141296
Sample 13,Chronos,0.49546608328819275
Sample 14,Time-MoE,0.50108402967453
Sample 14,TimesFM,0.4989159107208252
Sample 15,Moirai,0.5743998885154724
Sample 15,Timer,0.42560014128685
Sample 0,Moirai,0.7460936307907104
Sample 0,Time-MoE,0.25390639901161194
Sample 1,TimesFM,0.5024358630180359
Sample 1,Chronos,0.4975641667842865
Sample 2,Chronos,0.5016823410987854
Sample 2,Timer,0.4983176589012146
Sample 3,TimesFM,0.5091533064842224
Sample 3,Timer,0.4908467233181
Sample 4,Chronos,0.5071620345115662
Sample 4,Moirai,0.49283793568611145
Sample 5,TimesFM,0.5005359649658203
Sample 5,Chronos,0.4994640648365021
Sample 6,Timer,0.5014382600784302
Sample 6,TimesFM,0.4985617697238922
Sample 7,Moirai,0.5865849852561951
Sample 7,Timer,0.41341498494148254
Sample 8,Moirai,0.7300950288772583
Sample 8,Time-MoE,0.2699049711227417
Sample 9,TimesFM,0.5032804608345032
Sample 9,Timer,0.4967195391654968
Sample 10,Time-MoE,0.5140913724899292
Sample 10,Timer,0.4859086573123932
Sample 11,TimesFM,0.5100864768028259
Sample 11,Timer,0.48991355299949646
Sample 12,Moirai,0.5526872873306274
Sample 12,Chronos,0.44731274247169495
Sample 13,TimesFM,0.5061187148094177
Sample 13,Chronos,0.49388131499290466
Sample 14,Time-MoE,0.5036843419075012
Sample 14,Chronos,0.49631568789482117
Sample 15,Moirai,0.5857157707214355
Sample 15,Timer,0.41428422927856445
Sample 16,Moirai,0.6649736166000366
Sample 16,Time-MoE,0.33502641320228577
Sample 17,Moirai,0.5042878985404968
Sample 17,TimesFM,0.4957121014595032
Sample 18,Moirai,0.5129707455635071
Sample 18,Chronos,0.4870292544364929
Sample 19,TimesFM,0.5062237977981567
Sample 19,Timer,0.4937761723995209
Sample 20,Moirai,0.5535800457000732
Sample 20,Time-MoE,0.44641992449760437
Sample 21,TimesFM,0.5099465250968933
Sample 21,Timer,0.4900534451007843
Sample 22,TimesFM,0.5034012198448181
Sample 22,Chronos,0.4965987801551819
Sample 23,Timer,0.5011733174324036
Sample 23,Time-MoE,0.4988267123699188
Sample 24,Moirai,0.6841787695884705
Sample 24,Timer,0.31582120060920715
Sample 25,TimesFM,0.5028998255729675
Sample 25,Chronos,0.49710023403167725
Sample 26,Moirai,0.5883955359458923
Sample 26,Time-MoE,0.41160449385643005
Sample 27,Moirai,0.5391576886177063
Sample 27,TimesFM,0.4608423411846161
Sample 28,Chronos,0.5061528086662292
Sample 28,Timer,0.49384719133377075
Sample 29,TimesFM,0.505950391292572
Sample 29,Chronos,0.4940495789051056
Sample 30,Time-MoE,0.5027867555618286
Sample 30,TimesFM,0.497213214635849
Sample 31,Moirai,0.5534088015556335
Sample 31,Time-MoE,0.44659122824668884
Sample 0,Moirai,0.6862403154373169
Sample 0,TimesFM,0.3137596845626831
Sample 1,Moirai,0.5113025307655334
Sample 1,TimesFM,0.48869749903678894
Sample 2,Time-MoE,0.5001109838485718
Sample 2,Chronos,0.49988895654678345
Sample 3,TimesFM,0.5053765773773193
Sample 3,Chronos,0.49462345242500305
Sample 4,TimesFM,0.5006157159805298
Sample 4,Time-MoE,0.4993842840194702
Sample 5,TimesFM,0.5047860741615295
Sample 5,Timer,0.49521389603614807
Sample 6,Chronos,0.505103588104248
Sample 6,Timer,0.49489641189575195
Sample 7,Moirai,0.591991662979126
Sample 7,Timer,0.4080083668231964
Sample 8,Moirai,0.668491005897522
Sample 8,Time-MoE,0.3315090239048004
Sample 9,Moirai,0.5016592741012573
Sample 9,TimesFM,0.4983407258987427
Sample 10,Moirai,0.5020459890365601
Sample 10,Time-MoE,0.49795398116111755
Sample 11,Moirai,0.5200132727622986
Sample 11,Time-MoE,0.47998666763305664
Sample 12,Chronos,0.5144805312156677
Sample 12,Timer,0.4855194389820099
Sample 13,Moirai,0.5150972604751587
Sample 13,TimesFM,0.4849027097225189
Sample 14,TimesFM,0.5149020552635193
Sample 14,Time-MoE,0.4850979149341583
Sample 15,Moirai,0.5846233367919922
Sample 15,Time-MoE,0.4153766930103302
Sample 16,Moirai,0.7126569747924805
Sample 16,Time-MoE,0.2873430848121643
Sample 17,Moirai,0.5113908052444458
Sample 17,TimesFM,0.4886091947555542
Sample 18,Time-MoE,0.5115212202072144
Sample 18,Timer,0.48847877979278564
Sample 19,TimesFM,0.500413715839386
Sample 19,Moirai,0.499586284160614
Sample 20,Moirai,0.5044400095939636
Sample 20,Chronos,0.4955599904060364
Sample 21,Moirai,0.5135967135429382
Sample 21,TimesFM,0.4864032566547394
Sample 22,Chronos,0.5021148920059204
Sample 22,Timer,0.4978850483894348
Sample 23,Timer,0.5005456805229187
Sample 23,Time-MoE,0.4994543194770813
Sample 24,Moirai,0.6374228000640869
Sample 24,Time-MoE,0.3625771403312683
Sample 25,TimesFM,0.5050517320632935
Sample 25,Timer,0.49494826793670654
Sample 26,Time-MoE,0.5057895183563232
Sample 26,Chronos,0.49421048164367676
Sample 27,TimesFM,0.5133241415023804
Sample 27,Timer,0.48667582869529724
Sample 28,Chronos,0.5006119608879089
Sample 28,Moirai,0.49938803911209106
Sample 29,TimesFM,0.5100072026252747
Sample 29,Chronos,0.48999273777008057
Sample 30,Time-MoE,0.5001091957092285
Sample 30,Chronos,0.4998908042907715
Sample 31,Moirai,0.5779431462287903
Sample 31,Timer,0.4220568835735321
Sample 0,Moirai,0.6564854383468628
Sample 0,Time-MoE,0.34351450204849243
Sample 1,Moirai,0.5116814970970154
Sample 1,TimesFM,0.4883185029029846
Sample 2,Moirai,0.5036255121231079
Sample 2,TimesFM,0.4963744580745697
Sample 3,TimesFM,0.507102370262146
Sample 3,Chronos,0.4928975999355316
Sample 4,Moirai,0.574396550655365
Sample 4,Time-MoE,0.4256034791469574
Sample 5,Chronos,0.5018856525421143
Sample 5,Time-MoE,0.49811434745788574
Sample 6,Timer,0.5000360608100891
Sample 6,Chronos,0.4999639093875885
Sample 7,Moirai,0.5814367532730103
Sample 7,Time-MoE,0.41856327652931213
Sample 8,Moirai,0.6466520428657532
Sample 8,Time-MoE,0.3533480167388916
Sample 9,TimesFM,0.5033211708068848
Sample 9,Timer,0.49667882919311523
Sample 10,Moirai,0.5086897611618042
Sample 10,Chronos,0.4913102388381958
Sample 11,TimesFM,0.5081486105918884
Sample 11,Chronos,0.4918513298034668
Sample 12,Chronos,0.5014490485191345
Sample 12,TimesFM,0.4985509216785431
Sample 13,TimesFM,0.5079896450042725
Sample 13,Timer,0.49201035499572754
Sample 14,Time-MoE,0.502577006816864
Sample 14,TimesFM,0.497422993183136
Sample 15,Moirai,0.5492962002754211
Sample 15,Timer,0.45070379972457886
Sample 16,Moirai,0.6028990149497986
Sample 16,TimesFM,0.3971010148525238
Sample 17,TimesFM,0.5042665600776672
Sample 17,Chronos,0.49573343992233276
Sample 18,Time-MoE,0.5058225989341736
Sample 18,Timer,0.4941774010658264
Sample 19,Moirai,0.58195561170578
Sample 19,TimesFM,0.41804438829421997
Sample 20,Chronos,0.5019785165786743
Sample 20,TimesFM,0.49802151322364807
Sample 21,TimesFM,0.5099884271621704
Sample 21,Chronos,0.490011602640152
Sample 22,Chronos,0.5101680159568787
Sample 22,Time-MoE,0.4898320138454437
Sample 23,TimesFM,0.5002974271774292
Sample 23,Time-MoE,0.4997026026248932
Sample 24,Moirai,0.639712929725647
Sample 24,Time-MoE,0.36028704047203064
Sample 25,TimesFM,0.5033771395683289
Sample 25,Timer,0.49662283062934875
Sample 26,Moirai,0.5050951242446899
Sample 26,Time-MoE,0.4949048161506653
Sample 27,TimesFM,0.5157212615013123
Sample 27,Timer,0.48427867889404297
Sample 28,Chronos,0.5003588199615479
Sample 28,Timer,0.49964118003845215
Sample 29,TimesFM,0.5072041153907776
Sample 29,Chronos,0.4927959442138672
Sample 30,TimesFM,0.5008490085601807
Sample 30,Time-MoE,0.49915096163749695
Sample 31,Moirai,0.5280067324638367
Sample 31,Time-MoE,0.47199323773384094
Sample 0,Moirai,0.6783682107925415
Sample 0,Time-MoE,0.3216317594051361
Sample 1,Moirai,0.5201460719108582
Sample 1,TimesFM,0.47985389828681946
Sample 2,Moirai,0.5520833134651184
Sample 2,Chronos,0.4479166865348816
Sample 3,Moirai,0.5090717673301697
Sample 3,TimesFM,0.4909282624721527
Sample 4,Chronos,0.5041863918304443
Sample 4,Timer,0.49581360816955566
Sample 5,Moirai,0.5911040306091309
Sample 5,Chronos,0.40889593958854675
Sample 6,Moirai,0.5328152179718018
Sample 6,Time-MoE,0.46718472242355347
Sample 7,Moirai,0.5454664826393127
Sample 7,Time-MoE,0.45453348755836487
Sample 8,Moirai,0.7450593113899231
Sample 8,Chronos,0.2549406886100769
Sample 9,TimesFM,0.502724289894104
Sample 9,Timer,0.4972757399082184
Sample 10,TimesFM,0.5009879469871521
Sample 10,Chronos,0.4990120530128479
Sample 11,TimesFM,0.5102371573448181
Sample 11,Timer,0.4897628128528595
Sample 12,Moirai,0.5457900166511536
Sample 12,Chronos,0.4542100131511688
Sample 13,Chronos,0.5002942085266113
Sample 13,Time-MoE,0.4997057616710663
Sample 14,TimesFM,0.5015921592712402
Sample 14,Time-MoE,0.4984078109264374
Sample 15,Moirai,0.5801283121109009
Sample 15,Timer,0.4198717176914215
Sample 16,Moirai,0.7295997738838196
Sample 16,Chronos,0.2704002261161804
Sample 17,Chronos,0.5016106963157654
Sample 17,TimesFM,0.498389333486557
Sample 18,Moirai,0.5428867340087891
Sample 18,Time-MoE,0.45711326599121094
Sample 19,TimesFM,0.5110390186309814
Sample 19,Timer,0.48896101117134094
Sample 20,Chronos,0.5012789368629456
Sample 20,Timer,0.49872106313705444
Sample 21,TimesFM,0.5035516619682312
Sample 21,Time-MoE,0.4964483380317688
Sample 22,Moirai,0.5380133986473083
Sample 22,Time-MoE,0.46198663115501404
Sample 23,Moirai,0.5539662837982178
Sample 23,Time-MoE,0.446033775806427
Sample 24,Moirai,0.6814512610435486
Sample 24,Chronos,0.3185487687587738
Sample 25,TimesFM,0.5046554803848267
Sample 25,Timer,0.49534451961517334
Sample 26,Moirai,0.524823784828186
Sample 26,Chronos,0.47517621517181396
Sample 27,TimesFM,0.5086274147033691
Sample 27,Timer,0.49137258529663086
Sample 28,Moirai,0.5532110333442688
Sample 28,Chronos,0.4467889368534088
Sample 29,TimesFM,0.5070756673812866
Sample 29,Time-MoE,0.4929243326187134
Sample 30,Time-MoE,0.5000439882278442
Sample 30,Chronos,0.49995601177215576
Sample 31,Moirai,0.5830517411231995
Sample 31,Chronos,0.41694822907447815
Sample 0,Moirai,0.7158052921295166
Sample 0,Chronos,0.2841947078704834
Sample 1,TimesFM,0.5028310418128967
Sample 1,Timer,0.4971689283847809
Sample 2,Chronos,0.5016207098960876
Sample 2,TimesFM,0.49837931990623474
Sample 3,TimesFM,0.5082637071609497
Sample 3,Timer,0.4917362630367279
Sample 4,Moirai,0.5096376538276672
Sample 4,Chronos,0.49036240577697754
Sample 5,TimesFM,0.5020527839660645
Sample 5,Time-MoE,0.49794721603393555
Sample 6,Moirai,0.506864607334137
Sample 6,Time-MoE,0.49313536286354065
Sample 7,Moirai,0.5836986899375916
Sample 7,Time-MoE,0.41630128026008606
Sample 8,Moirai,0.6969536542892456
Sample 8,Time-MoE,0.303046315908432
Sample 9,TimesFM,0.5031102299690247
Sample 9,Timer,0.49688977003097534
Sample 10,Moirai,0.522796094417572
Sample 10,Time-MoE,0.47720393538475037
Sample 11,Moirai,0.5812867879867554
Sample 11,TimesFM,0.41871318221092224
Sample 12,Chronos,0.5167834162712097
Sample 12,Moirai,0.48321664333343506
Sample 13,Moirai,0.5013679265975952
Sample 13,TimesFM,0.4986320734024048
Sample 14,Chronos,0.5009709000587463
Sample 14,TimesFM,0.49902909994125366
Sample 15,Time-MoE,0.5041951537132263
Sample 15,Timer,0.4958048462867737
Sample 16,Moirai,0.6595190167427063
Sample 16,TimesFM,0.3404809832572937
Sample 17,TimesFM,0.5034867525100708
Sample 17,Chronos,0.4965132474899292
Sample 18,Moirai,0.513676643371582
Sample 18,Time-MoE,0.4863233268260956
Sample 19,TimesFM,0.5107836127281189
Sample 19,Timer,0.4892164170742035
Sample 20,Chronos,0.5029662251472473
Sample 20,Timer,0.4970337450504303
Sample 21,TimesFM,0.5096735954284668
Sample 21,Timer,0.4903264045715332
Sample 22,TimesFM,0.500587522983551
Sample 22,Chronos,0.499412477016449
Sample 23,Moirai,0.520264744758606
Sample 23,Time-MoE,0.47973525524139404
Sample 24,Moirai,0.7419942617416382
Sample 24,Time-MoE,0.25800570845603943
Sample 25,TimesFM,0.5024935007095337
Sample 25,Chronos,0.4975064992904663
Sample 26,Moirai,0.5232028961181641
Sample 26,Time-MoE,0.4767971634864807
Sample 27,TimesFM,0.5102408528327942
Sample 27,Timer,0.48975908756256104
Sample 28,Moirai,0.5601407289505005
Sample 28,Chronos,0.4398593306541443
Sample 29,Time-MoE,0.5037962198257446
Sample 29,Timer,0.496203750371933
Sample 30,Time-MoE,0.5005021095275879
Sample 30,Chronos,0.4994978606700897
Sample 31,Moirai,0.6067759394645691
Sample 31,Time-MoE,0.3932241201400757
Sample 0,Moirai,0.7182697057723999
Sample 0,Chronos,0.2817302644252777
Sample 1,TimesFM,0.5026835203170776
Sample 1,Timer,0.49731647968292236
Sample 2,Time-MoE,0.5046080350875854
Sample 2,Timer,0.49539193511009216
Sample 3,TimesFM,0.5069937109947205
Sample 3,Timer,0.49300631880760193
Sample 4,Moirai,0.510915219783783
Sample 4,Chronos,0.48908475041389465
Sample 5,TimesFM,0.5020701885223389
Sample 5,Time-MoE,0.4979298412799835
Sample 6,Moirai,0.5112064480781555
Sample 6,Chronos,0.48879358172416687
Sample 7,Moirai,0.5538172721862793
Sample 7,Time-MoE,0.4461826980113983
Sample 8,Moirai,0.7058916687965393
Sample 8,TimesFM,0.2941082715988159
Sample 9,Moirai,0.5025265216827393
Sample 9,TimesFM,0.49747350811958313
Sample 10,Moirai,0.5320795178413391
Sample 10,Time-MoE,0.4679204523563385
Sample 11,Moirai,0.5131168961524963
Sample 11,TimesFM,0.48688316345214844
Sample 12,Time-MoE,0.50031977891922
Sample 12,TimesFM,0.49968019127845764
Sample 13,TimesFM,0.5075055360794067
Sample 13,Timer,0.49249446392059326
Sample 14,Chronos,0.5016878843307495
Sample 14,TimesFM,0.4983120858669281
Sample 15,Moirai,0.5560451745986938
Sample 15,Time-MoE,0.44395482540130615
Sample 16,Moirai,0.6964100003242493
Sample 16,Chronos,0.3035900294780731
Sample 17,Moirai,0.5109477043151855
Sample 17,TimesFM,0.48905229568481445
Sample 18,Moirai,0.5770229697227478
Sample 18,Chronos,0.4229769706726074
Sample 19,TimesFM,0.5049945712089539
Sample 19,Chronos,0.49500542879104614
Sample 20,TimesFM,0.5004144906997681
Sample 20,Time-MoE,0.4995855391025543
Sample 21,TimesFM,0.505480170249939
Sample 21,Moirai,0.4945198595523834
Sample 22,Chronos,0.5030299425125122
Sample 22,Time-MoE,0.4969700276851654
Sample 23,Moirai,0.5755388736724854
Sample 23,Chronos,0.42446109652519226
Sample 24,Moirai,0.6915817260742188
Sample 24,Chronos,0.30841830372810364
Sample 25,TimesFM,0.5049030780792236
Sample 25,Timer,0.495096892118454
Sample 26,Moirai,0.5125295519828796
Sample 26,Time-MoE,0.48747047781944275
Sample 27,TimesFM,0.5043247938156128
Sample 27,Chronos,0.4956752359867096
Sample 28,Time-MoE,0.5036720037460327
Sample 28,Timer,0.4963279664516449
Sample 29,TimesFM,0.5077475905418396
Sample 29,Timer,0.4922524094581604
Sample 30,Moirai,0.5174716114997864
Sample 30,Time-MoE,0.48252835869789124
Sample 31,Time-MoE,0.5022394061088562
Sample 31,Timer,0.4977606534957886
Sample 0,Moirai,0.6089884042739868
Sample 0,TimesFM,0.3910115659236908
Sample 1,TimesFM,0.5037027597427368
Sample 1,Chronos,0.4962972402572632
Sample 2,Time-MoE,0.5073360204696655
Sample 2,Moirai,0.49266400933265686
Sample 3,TimesFM,0.5066890716552734
Sample 3,Timer,0.49331092834472656
Sample 4,Chronos,0.502464771270752
Sample 4,TimesFM,0.49753519892692566
Sample 5,TimesFM,0.507061243057251
Sample 5,Moirai,0.49293872714042664
Sample 6,TimesFM,0.5029190182685852
Sample 6,Chronos,0.4970810115337372
Sample 7,Moirai,0.5392252206802368
Sample 7,Time-MoE,0.46077480912208557
Sample 8,Moirai,0.7484725713729858
Sample 8,Chronos,0.25152748823165894
Sample 9,TimesFM,0.5020319223403931
Sample 9,Moirai,0.4979681074619293
Sample 10,Time-MoE,0.5074648857116699
Sample 10,Timer,0.4925350844860077
Sample 11,TimesFM,0.50761479139328
Sample 11,Timer,0.4923851788043976
Sample 12,Chronos,0.509326696395874
Sample 12,Moirai,0.4906732738018036
Sample 13,TimesFM,0.5044363737106323
Sample 13,Timer,0.49556365609169006
Sample 14,Time-MoE,0.5009896755218506
Sample 14,Timer,0.499010294675827
Sample 15,Moirai,0.5757107138633728
Sample 15,Time-MoE,0.424289345741272
Sample 0,Moirai,0.749122142791748
Sample 0,Time-MoE,0.25087791681289673
Sample 1,TimesFM,0.5025160312652588
Sample 1,Chronos,0.4974839687347412
Sample 2,Chronos,0.501776397228241
Sample 2,Timer,0.49822360277175903
Sample 3,TimesFM,0.5088551044464111
Sample 3,Timer,0.4911448657512665
Sample 4,Chronos,0.5073174834251404
Sample 4,Moirai,0.492682546377182
Sample 5,TimesFM,0.5005682706832886
Sample 5,Chronos,0.49943169951438904
Sample 6,Timer,0.5017594695091248
Sample 6,TimesFM,0.49824056029319763
Sample 7,Moirai,0.5879286527633667
Sample 7,Chronos,0.4120713174343109
Sample 8,Moirai,0.7329093813896179
Sample 8,Time-MoE,0.26709064841270447
Sample 9,TimesFM,0.502848744392395
Sample 9,Timer,0.4971512258052826
Sample 10,Time-MoE,0.5146762728691101
Sample 10,Chronos,0.4853236675262451
Sample 11,TimesFM,0.5098040103912354
Sample 11,Timer,0.49019601941108704
Sample 12,Moirai,0.5534927845001221
Sample 12,Chronos,0.44650718569755554
Sample 13,TimesFM,0.5061601996421814
Sample 13,Timer,0.493839830160141
Sample 14,Time-MoE,0.5038131475448608
Sample 14,Chronos,0.49618688225746155
Sample 15,Moirai,0.5873913168907166
Sample 15,Chronos,0.41260871291160583
Sample 16,Moirai,0.6671549081802368
Sample 16,Time-MoE,0.33284512162208557
Sample 17,Moirai,0.5043725967407227
Sample 17,TimesFM,0.49562743306159973
Sample 18,Moirai,0.5130895376205444
Sample 18,Chronos,0.48691046237945557
Sample 19,TimesFM,0.5058800578117371
Sample 19,Timer,0.4941199719905853
Sample 20,Moirai,0.5541526079177856
Sample 20,Time-MoE,0.44584739208221436
Sample 21,TimesFM,0.5096972584724426
Sample 21,Timer,0.4903027415275574
Sample 22,TimesFM,0.5035919547080994
Sample 22,Chronos,0.496408075094223
Sample 23,Timer,0.5011662244796753
Sample 23,Time-MoE,0.4988337755203247
Sample 24,Moirai,0.6869120001792908
Sample 24,Chronos,0.31308797001838684
Sample 25,TimesFM,0.5028923749923706
Sample 25,Timer,0.4971076548099518
Sample 26,Moirai,0.5896671414375305
Sample 26,Time-MoE,0.4103328287601471
Sample 27,Moirai,0.5397655963897705
Sample 27,TimesFM,0.46023446321487427
Sample 28,Chronos,0.5064496994018555
Sample 28,Time-MoE,0.4935503304004669
Sample 29,TimesFM,0.5060632228851318
Sample 29,Chronos,0.49393680691719055
Sample 30,Time-MoE,0.5030053853988647
Sample 30,TimesFM,0.49699461460113525
Sample 31,Moirai,0.5543160438537598
Sample 31,Time-MoE,0.4456839859485626
Sample 0,Moirai,0.6889921426773071
Sample 0,TimesFM,0.31100785732269287
Sample 1,Moirai,0.5112960934638977
Sample 1,TimesFM,0.4887039363384247
Sample 2,Chronos,0.50006502866745
Sample 2,Time-MoE,0.49993500113487244
Sample 3,TimesFM,0.5055426955223083
Sample 3,Chronos,0.49445733428001404
Sample 4,TimesFM,0.5007811188697815
Sample 4,Time-MoE,0.4992188513278961
Sample 5,TimesFM,0.50461345911026
Sample 5,Timer,0.49538660049438477
Sample 6,Chronos,0.5050104856491089
Sample 6,Timer,0.4949894845485687
Sample 7,Moirai,0.5937321186065674
Sample 7,Time-MoE,0.40626785159111023
Sample 8,Moirai,0.6705601215362549
Sample 8,Time-MoE,0.3294398784637451
Sample 9,Moirai,0.5014894008636475
Sample 9,TimesFM,0.4985106289386749
Sample 10,Moirai,0.5017136931419373
Sample 10,Time-MoE,0.49828630685806274
Sample 11,Moirai,0.5201060175895691
Sample 11,Time-MoE,0.4798939824104309
Sample 12,Chronos,0.5148050785064697
Sample 12,TimesFM,0.4851949214935303
Sample 13,Moirai,0.5151247382164001
Sample 13,TimesFM,0.4848752021789551
Sample 14,TimesFM,0.5151835083961487
Sample 14,Chronos,0.4848165214061737
Sample 15,Moirai,0.5858919024467468
Sample 15,Time-MoE,0.4141080677509308
Sample 16,Moirai,0.7152723670005798
Sample 16,Time-MoE,0.2847276031970978
Sample 17,Moirai,0.5113797187805176
Sample 17,TimesFM,0.4886203408241272
Sample 18,Time-MoE,0.5116698741912842
Sample 18,Chronos,0.48833006620407104
Sample 19,TimesFM,0.5006518363952637
Sample 19,Moirai,0.4993481934070587
Sample 20,Moirai,0.5043850541114807
Sample 20,Chronos,0.4956149756908417
Sample 21,Moirai,0.5136095881462097
Sample 21,TimesFM,0.4863903820514679
Sample 22,Chronos,0.5020678639411926
Sample 22,Timer,0.4979321360588074
Sample 23,Timer,0.500457227230072
Sample 23,Chronos,0.4995427429676056
Sample 24,Moirai,0.6391383409500122
Sample 24,Time-MoE,0.3608616590499878
Sample 25,TimesFM,0.504841685295105
Sample 25,Timer,0.4951583445072174
Sample 26,Time-MoE,0.5059674382209778
Sample 26,Chronos,0.4940325617790222
Sample 27,TimesFM,0.5132762789726257
Sample 27,Timer,0.48672372102737427
Sample 28,Chronos,0.5005633234977722
Sample 28,Moirai,0.49943670630455017
Sample 29,TimesFM,0.5101336240768433
Sample 29,Timer,0.48986634612083435
Sample 30,Chronos,0.5000849366188049
Sample 30,Time-MoE,0.49991506338119507
Sample 31,Moirai,0.5795362591743469
Sample 31,Timer,0.4204637408256531
Sample 0,Moirai,0.6586995124816895
Sample 0,Time-MoE,0.3413005471229553
Sample 1,Moirai,0.5114704966545105
Sample 1,TimesFM,0.4885294735431671
Sample 2,Moirai,0.5035427808761597
Sample 2,TimesFM,0.4964572489261627
Sample 3,TimesFM,0.5072942972183228
Sample 3,Chronos,0.49270570278167725
Sample 4,Moirai,0.5755425095558167
Sample 4,Time-MoE,0.42445746064186096
Sample 5,Chronos,0.5020848512649536
Sample 5,Time-MoE,0.4979151785373688
Sample 6,Timer,0.5000137686729431
Sample 6,Chronos,0.4999862611293793
Sample 7,Moirai,0.5827124118804932
Sample 7,Time-MoE,0.41728752851486206
Sample 8,Moirai,0.6488317251205444
Sample 8,Time-MoE,0.3511682152748108
Sample 9,TimesFM,0.5032793283462524
Sample 9,Timer,0.49672067165374756
Sample 10,Moirai,0.5086258053779602
Sample 10,Chronos,0.4913741946220398
Sample 11,TimesFM,0.5082323551177979
Sample 11,Chronos,0.49176767468452454
Sample 12,Chronos,0.5015841126441956
Sample 12,TimesFM,0.49841585755348206
Sample 13,TimesFM,0.5080549120903015
Sample 13,Timer,0.4919450879096985
Sample 14,Time-MoE,0.5024906992912292
Sample 14,TimesFM,0.49750927090644836
Sample 15,Moirai,0.5503485202789307
Sample 15,Time-MoE,0.4496515095233917
Sample 16,Moirai,0.6042129993438721
Sample 16,TimesFM,0.39578700065612793
Sample 17,TimesFM,0.5043827295303345
Sample 17,Chronos,0.4956173002719879
Sample 18,Time-MoE,0.5058016777038574
Sample 18,Chronos,0.4941983222961426
Sample 19,Moirai,0.5829648971557617
Sample 19,TimesFM,0.41703513264656067
Sample 20,Chronos,0.5020992755889893
Sample 20,TimesFM,0.49790069460868835
Sample 21,TimesFM,0.5102837681770325
Sample 21,Chronos,0.4897162616252899
Sample 22,Chronos,0.5102595686912537
Sample 22,Time-MoE,0.48974040150642395
Sample 23,TimesFM,0.5004926919937134
Sample 23,Time-MoE,0.49950727820396423
Sample 24,Moirai,0.6418817043304443
Sample 24,Time-MoE,0.35811835527420044
Sample 25,TimesFM,0.5033372044563293
Sample 25,Timer,0.49666282534599304
Sample 26,Moirai,0.5050626993179321
Sample 26,Time-MoE,0.4949372410774231
Sample 27,TimesFM,0.5159425735473633
Sample 27,Timer,0.48405739665031433
Sample 28,Chronos,0.5005524754524231
Sample 28,Timer,0.4994475245475769
Sample 29,TimesFM,0.5074450969696045
Sample 29,Chronos,0.4925549626350403
Sample 30,TimesFM,0.5008869171142578
Sample 30,Timer,0.4991130232810974
Sample 31,Moirai,0.5287274718284607
Sample 31,Time-MoE,0.4712724983692169
Sample 0,Moirai,0.680869996547699
Sample 0,Time-MoE,0.31912997364997864
Sample 1,Moirai,0.5199151039123535
Sample 1,TimesFM,0.4800848662853241
Sample 2,Moirai,0.5527515411376953
Sample 2,Chronos,0.4472484886646271
Sample 3,Moirai,0.5086794495582581
Sample 3,TimesFM,0.4913206100463867
Sample 4,Chronos,0.50417160987854
Sample 4,Timer,0.49582841992378235
Sample 5,Moirai,0.5926413536071777
Sample 5,Chronos,0.40735867619514465
Sample 6,Moirai,0.533072829246521
Sample 6,Time-MoE,0.4669272005558014
Sample 7,Moirai,0.5461354851722717
Sample 7,Time-MoE,0.45386454463005066
Sample 8,Moirai,0.7484583258628845
Sample 8,Timer,0.2515416741371155
Sample 9,TimesFM,0.5028393268585205
Sample 9,Timer,0.4971606731414795
Sample 10,TimesFM,0.5007994174957275
Sample 10,Chronos,0.49920058250427246
Sample 11,TimesFM,0.5104848742485046
Sample 11,Timer,0.48951515555381775
Sample 12,Moirai,0.546937108039856
Sample 12,Chronos,0.45306289196014404
Sample 13,Chronos,0.5003785490989685
Sample 13,Time-MoE,0.4996214807033539
Sample 14,TimesFM,0.501801073551178
Sample 14,Time-MoE,0.498198926448822
Sample 15,Moirai,0.5816826224327087
Sample 15,Timer,0.41831740736961365
Sample 16,Moirai,0.7333725690841675
Sample 16,Time-MoE,0.2666274607181549
Sample 17,Chronos,0.5015923976898193
Sample 17,TimesFM,0.49840763211250305
Sample 18,Moirai,0.543548583984375
Sample 18,Time-MoE,0.4564513862133026
Sample 19,TimesFM,0.511289656162262
Sample 19,Timer,0.48871034383773804
Sample 20,Chronos,0.5013114213943481
Sample 20,Timer,0.49868857860565186
Sample 21,TimesFM,0.5037112832069397
Sample 21,Chronos,0.4962887167930603
Sample 22,Moirai,0.5383893847465515
Sample 22,Time-MoE,0.4616106152534485
Sample 23,Moirai,0.5550100803375244
Sample 23,Time-MoE,0.444989949464798
Sample 24,Moirai,0.6844324469566345
Sample 24,Timer,0.31556758284568787
Sample 25,TimesFM,0.504833459854126
Sample 25,Timer,0.49516648054122925
Sample 26,Moirai,0.5254620313644409
Sample 26,Chronos,0.4745379686355591
Sample 27,TimesFM,0.5088849067687988
Sample 27,Timer,0.49111512303352356
Sample 28,Moirai,0.5545063018798828
Sample 28,Chronos,0.4454936981201172
Sample 29,TimesFM,0.5074726939201355
Sample 29,Time-MoE,0.4925273358821869
Sample 30,Chronos,0.5000056028366089
Sample 30,Time-MoE,0.4999943673610687
Sample 31,Moirai,0.5848566293716431
Sample 31,Chronos,0.4151434004306793
Sample 0,Moirai,0.7189133763313293
Sample 0,Time-MoE,0.2810865640640259
Sample 1,TimesFM,0.503081202507019
Sample 1,Timer,0.49691885709762573
Sample 2,Chronos,0.5015424489974976
Sample 2,TimesFM,0.49845755100250244
Sample 3,TimesFM,0.5085858106613159
Sample 3,Timer,0.4914141893386841
Sample 4,Moirai,0.5096749067306519
Sample 4,Chronos,0.49032506346702576
Sample 5,TimesFM,0.5022492408752441
Sample 5,Time-MoE,0.49775078892707825
Sample 6,Moirai,0.5065036416053772
Sample 6,Time-MoE,0.4934963881969452
Sample 7,Moirai,0.5850340723991394
Sample 7,Time-MoE,0.41496598720550537
Sample 8,Moirai,0.6991596817970276
Sample 8,Time-MoE,0.30084028840065
Sample 9,TimesFM,0.5033526420593262
Sample 9,Timer,0.4966473877429962
Sample 10,Moirai,0.5230215787887573
Sample 10,Time-MoE,0.4769783914089203
Sample 11,Moirai,0.582132875919342
Sample 11,TimesFM,0.41786709427833557
Sample 12,Chronos,0.5170502662658691
Sample 12,Moirai,0.48294970393180847
Sample 13,Moirai,0.5007005929946899
Sample 13,TimesFM,0.49929940700531006
Sample 14,Chronos,0.5011379718780518
Sample 14,TimesFM,0.49886202812194824
Sample 15,Time-MoE,0.5043348073959351
Sample 15,Timer,0.49566522240638733
Sample 16,Moirai,0.6616459488868713
Sample 16,TimesFM,0.33835408091545105
Sample 17,TimesFM,0.5036513805389404
Sample 17,Chronos,0.49634861946105957
Sample 18,Moirai,0.5133081674575806
Sample 18,Time-MoE,0.4866918623447418
Sample 19,TimesFM,0.5112521648406982
Sample 19,Timer,0.48874780535697937
Sample 20,Chronos,0.5030832886695862
Sample 20,Timer,0.4969167411327362
Sample 21,TimesFM,0.5100873708724976
Sample 21,Timer,0.48991265892982483
Sample 22,TimesFM,0.5008417963981628
Sample 22,Chronos,0.49915820360183716
Sample 23,Moirai,0.5209558606147766
Sample 23,Time-MoE,0.47904419898986816
Sample 24,Moirai,0.744977593421936
Sample 24,Time-MoE,0.2550223767757416
Sample 25,TimesFM,0.5027904510498047
Sample 25,Timer,0.4972095191478729
Sample 26,Moirai,0.523409366607666
Sample 26,Time-MoE,0.476590633392334
Sample 27,TimesFM,0.5106028318405151
Sample 27,Timer,0.4893971383571625
Sample 28,Moirai,0.5615517497062683
Sample 28,Chronos,0.4384482204914093
Sample 29,Time-MoE,0.5039839148521423
Sample 29,Timer,0.4960160553455353
Sample 30,Time-MoE,0.5006420612335205
Sample 30,Chronos,0.4993579089641571
Sample 31,Moirai,0.608431339263916
Sample 31,Time-MoE,0.39156872034072876
Sample 0,Moirai,0.7221701741218567
Sample 0,Chronos,0.2778298258781433
Sample 1,TimesFM,0.5030842423439026
Sample 1,Timer,0.496915727853775
Sample 2,Time-MoE,0.5047568082809448
Sample 2,Timer,0.49524322152137756
Sample 3,TimesFM,0.5074633359909058
Sample 3,Timer,0.492536723613739
Sample 4,Moirai,0.5115107297897339
Sample 4,Chronos,0.4884892404079437
Sample 5,TimesFM,0.5022676587104797
Sample 5,Time-MoE,0.49773234128952026
Sample 6,Moirai,0.5111917853355408
Sample 6,Chronos,0.4888082444667816
Sample 7,Moirai,0.5548750162124634
Sample 7,Time-MoE,0.44512495398521423
Sample 8,Moirai,0.7087504863739014
Sample 8,Timer,0.29124948382377625
Sample 9,Moirai,0.5017295479774475
Sample 9,TimesFM,0.4982704818248749
Sample 10,Moirai,0.5322019457817078
Sample 10,Time-MoE,0.46779805421829224
Sample 11,Moirai,0.5126051902770996
Sample 11,TimesFM,0.4873948097229004
Sample 12,Time-MoE,0.5002483129501343
Sample 12,TimesFM,0.49975165724754333
Sample 13,TimesFM,0.5078895092010498
Sample 13,Timer,0.4921105206012726
Sample 14,Chronos,0.5018085241317749
Sample 14,TimesFM,0.4981914758682251
Sample 15,Moirai,0.5569180250167847
Sample 15,Time-MoE,0.44308191537857056
Sample 16,Moirai,0.7000418305397034
Sample 16,Chronos,0.299958199262619
Sample 17,Moirai,0.5103013515472412
Sample 17,TimesFM,0.4896986484527588
Sample 18,Moirai,0.5786942839622498
Sample 18,Chronos,0.42130571603775024
Sample 19,TimesFM,0.5054100751876831
Sample 19,Chronos,0.49458998441696167
Sample 20,TimesFM,0.5005936026573181
Sample 20,Time-MoE,0.4994063675403595
Sample 21,TimesFM,0.5064037442207336
Sample 21,Moirai,0.49359631538391113
Sample 22,Chronos,0.5034221410751343
Sample 22,Time-MoE,0.49657779932022095
Sample 23,Moirai,0.5768575072288513
Sample 23,Timer,0.4231424331665039
Sample 24,Moirai,0.6942936778068542
Sample 24,TimesFM,0.30570635199546814
Sample 25,TimesFM,0.5053544044494629
Sample 25,Timer,0.4946455955505371
Sample 26,Moirai,0.5127153396606445
Sample 26,Time-MoE,0.48728471994400024
Sample 27,TimesFM,0.5046135783195496
Sample 27,Chronos,0.4953864514827728
Sample 28,Time-MoE,0.5039473176002502
Sample 28,Timer,0.49605268239974976
Sample 29,TimesFM,0.5082358121871948
Sample 29,Timer,0.49176421761512756
Sample 30,Moirai,0.5178765654563904
Sample 30,Time-MoE,0.48212340474128723
Sample 31,Time-MoE,0.5021670460700989
Sample 31,Timer,0.4978329837322235
Sample 0,Moirai,0.6100508570671082
Sample 0,TimesFM,0.38994914293289185
Sample 1,TimesFM,0.5038349628448486
Sample 1,Chronos,0.49616503715515137
Sample 2,Time-MoE,0.5077933669090271
Sample 2,Chronos,0.4922066330909729
Sample 3,TimesFM,0.5072332620620728
Sample 3,Timer,0.49276673793792725
Sample 4,Chronos,0.5030891299247742
Sample 4,TimesFM,0.49691087007522583
Sample 5,TimesFM,0.5075793266296387
Sample 5,Chronos,0.49242064356803894
Sample 6,TimesFM,0.5031354427337646
Sample 6,Chronos,0.49686458706855774
Sample 7,Moirai,0.5401545763015747
Sample 7,Time-MoE,0.4598454236984253
Sample 8,Moirai,0.7518245577812195
Sample 8,Time-MoE,0.24817544221878052
Sample 9,TimesFM,0.5029028058052063
Sample 9,Moirai,0.4970972239971161
Sample 10,Time-MoE,0.5077152848243713
Sample 10,Timer,0.49228471517562866
Sample 11,TimesFM,0.5081352591514587
Sample 11,Timer,0.49186471104621887
Sample 12,Chronos,0.5095020532608032
Sample 12,Moirai,0.4904979169368744
Sample 13,TimesFM,0.5049248933792114
Sample 13,Timer,0.4950751066207886
Sample 14,Time-MoE,0.5011633038520813
Sample 14,TimesFM,0.4988366961479187
Sample 15,Moirai,0.5772649645805359
Sample 15,Timer,0.42273497581481934
Sample 0,Moirai,0.7523473501205444
Sample 0,Time-MoE,0.24765269458293915
Sample 1,TimesFM,0.502763569355011
Sample 1,Chronos,0.4972364008426666
Sample 2,Chronos,0.5019435286521912
Sample 2,Timer,0.49805644154548645
Sample 3,TimesFM,0.509456992149353
Sample 3,Timer,0.49054303765296936
Sample 4,Chronos,0.5076839923858643
Sample 4,Moirai,0.49231603741645813
Sample 5,TimesFM,0.5007961392402649
Sample 5,Chronos,0.4992038607597351
Sample 6,Timer,0.5015357732772827
Sample 6,TimesFM,0.4984641969203949
Sample 7,Moirai,0.58969646692276
Sample 7,Timer,0.41030353307724
Sample 8,Moirai,0.7357733249664307
Sample 8,Time-MoE,0.26422667503356934
Sample 9,TimesFM,0.5033568143844604
Sample 9,Timer,0.49664321541786194
Sample 10,Time-MoE,0.515166163444519
Sample 10,Chronos,0.48483383655548096
Sample 11,TimesFM,0.510441243648529
Sample 11,Timer,0.48955872654914856
Sample 12,Moirai,0.5548495054244995
Sample 12,Chronos,0.4451504349708557
Sample 13,TimesFM,0.506506085395813
Sample 13,Chronos,0.493493914604187
Sample 14,Time-MoE,0.5036398768424988
Sample 14,Chronos,0.4963601231575012
Sample 15,Moirai,0.5887498259544373
Sample 15,Timer,0.41125017404556274
Sample 16,Moirai,0.6696184277534485
Sample 16,Time-MoE,0.3303816020488739
Sample 17,Moirai,0.5036464929580688
Sample 17,TimesFM,0.49635347723960876
Sample 18,Moirai,0.5133424997329712
Sample 18,Chronos,0.4866575002670288
Sample 19,TimesFM,0.5063599944114685
Sample 19,Timer,0.4936399757862091
Sample 20,Moirai,0.5547669529914856
Sample 20,Time-MoE,0.44523298740386963
Sample 21,TimesFM,0.5102424621582031
Sample 21,Timer,0.4897574782371521
Sample 22,TimesFM,0.5037378668785095
Sample 22,Chronos,0.4962620735168457
Sample 23,Timer,0.5012153387069702
Sample 23,Time-MoE,0.4987846612930298
Sample 24,Moirai,0.6898695230484009
Sample 24,Timer,0.31013041734695435
Sample 25,TimesFM,0.5032007694244385
Sample 25,Chronos,0.4967992305755615
Sample 26,Moirai,0.590688169002533
Sample 26,Timer,0.4093118906021118
Sample 27,Moirai,0.539951741695404
Sample 27,TimesFM,0.46004825830459595
Sample 28,Chronos,0.5066825747489929
Sample 28,Timer,0.49331745505332947
Sample 29,TimesFM,0.5063408017158508
Sample 29,Chronos,0.49365922808647156
Sample 30,Time-MoE,0.5029783844947815
Sample 30,TimesFM,0.4970216155052185
Sample 31,Moirai,0.5554772615432739
Sample 31,Time-MoE,0.4445227384567261
Sample 0,Moirai,0.6917644143104553
Sample 0,TimesFM,0.30823561549186707
Sample 1,Moirai,0.5107408761978149
Sample 1,TimesFM,0.48925912380218506
Sample 2,Chronos,0.5000116229057312
Sample 2,Time-MoE,0.4999884068965912
Sample 3,TimesFM,0.5057855248451233
Sample 3,Chronos,0.49421441555023193
Sample 4,TimesFM,0.5007920861244202
Sample 4,Time-MoE,0.49920788407325745
Sample 5,TimesFM,0.5051186084747314
Sample 5,Time-MoE,0.49488142132759094
Sample 6,Chronos,0.5050833225250244
Sample 6,TimesFM,0.4949166774749756
Sample 7,Moirai,0.5950912833213806
Sample 7,Timer,0.4049087464809418
Sample 8,Moirai,0.6727965474128723
Sample 8,Time-MoE,0.3272034525871277
Sample 9,Moirai,0.5007996559143066
Sample 9,TimesFM,0.4992002844810486
Sample 10,Moirai,0.5012099742889404
Sample 10,Time-MoE,0.49879002571105957
Sample 11,Moirai,0.5201098322868347
Sample 11,Time-MoE,0.4798901379108429
Sample 12,Chronos,0.5149162411689758
Sample 12,TimesFM,0.48508375883102417
Sample 13,Moirai,0.5146917700767517
Sample 13,TimesFM,0.4853082001209259
Sample 14,TimesFM,0.5155680775642395
Sample 14,Chronos,0.4844319224357605
Sample 15,Moirai,0.5874262452125549
Sample 15,Time-MoE,0.4125737249851227
Sample 16,Moirai,0.718223512172699
Sample 16,Time-MoE,0.281776487827301
Sample 17,Moirai,0.5108382701873779
Sample 17,TimesFM,0.4891617000102997
Sample 18,Time-MoE,0.511986255645752
Sample 18,Chronos,0.48801371455192566
Sample 19,TimesFM,0.5013688802719116
Sample 19,Moirai,0.49863114953041077
Sample 20,Moirai,0.5039535164833069
Sample 20,Chronos,0.4960464537143707
Sample 21,Moirai,0.5131205320358276
Sample 21,TimesFM,0.48687946796417236
Sample 22,Chronos,0.501997172832489
Sample 22,Timer,0.4980027675628662
Sample 23,Timer,0.5007440447807312
Sample 23,Chronos,0.4992560148239136
Sample 24,Moirai,0.6409038305282593
Sample 24,Time-MoE,0.35909613966941833
Sample 25,TimesFM,0.5054848194122314
Sample 25,Timer,0.49451518058776855
Sample 26,Time-MoE,0.5061068534851074
Sample 26,Chronos,0.4938930869102478
Sample 27,TimesFM,0.5140408277511597
Sample 27,Timer,0.48595914244651794
Sample 28,Chronos,0.5000649690628052
Sample 28,Moirai,0.4999350607395172
Sample 29,TimesFM,0.5104906558990479
Sample 29,Chronos,0.48950937390327454
Sample 30,Chronos,0.5002569556236267
Sample 30,Time-MoE,0.4997430145740509
Sample 31,Moirai,0.580692708492279
Sample 31,Timer,0.41930726170539856
Sample 0,Moirai,0.6613116264343262
Sample 0,Time-MoE,0.3386884331703186
Sample 1,Moirai,0.5109248757362366
Sample 1,TimesFM,0.4890751242637634
Sample 2,Moirai,0.5033895373344421
Sample 2,TimesFM,0.4966104328632355
Sample 3,TimesFM,0.5075232982635498
Sample 3,Chronos,0.4924767315387726
Sample 4,Moirai,0.5768696665763855
Sample 4,Time-MoE,0.4231303036212921
Sample 5,Chronos,0.502154529094696
Sample 5,Time-MoE,0.49784547090530396
Sample 6,Chronos,0.5004178285598755
Sample 6,Timer,0.4995821416378021
Sample 7,Moirai,0.5842397809028625
Sample 7,Time-MoE,0.41576018929481506
Sample 8,Moirai,0.6514114141464233
Sample 8,Time-MoE,0.34858861565589905
Sample 9,TimesFM,0.5038059949874878
Sample 9,Timer,0.4961940050125122
Sample 10,Moirai,0.508323609828949
Sample 10,Chronos,0.491676390171051
Sample 11,TimesFM,0.5084115266799927
Sample 11,Chronos,0.49158844351768494
Sample 12,Chronos,0.5016984939575195
Sample 12,Timer,0.4983014762401581
Sample 13,TimesFM,0.5085786581039429
Sample 13,Chronos,0.49142134189605713
Sample 14,Time-MoE,0.5021636486053467
Sample 14,TimesFM,0.49783629179000854
Sample 15,Moirai,0.5512987971305847
Sample 15,Timer,0.4487011730670929
Sample 16,Moirai,0.6052890419960022
Sample 16,TimesFM,0.3947109580039978
Sample 17,TimesFM,0.5045922994613647
Sample 17,Chronos,0.49540773034095764
Sample 18,Time-MoE,0.5060362815856934
Sample 18,Chronos,0.49396371841430664
Sample 19,Moirai,0.5837795734405518
Sample 19,TimesFM,0.41622039675712585
Sample 20,Chronos,0.5021791458129883
Sample 20,TimesFM,0.4978209137916565
Sample 21,TimesFM,0.5105478763580322
Sample 21,Chronos,0.48945215344429016
Sample 22,Chronos,0.5105187296867371
Sample 22,Time-MoE,0.48948124051094055
Sample 23,TimesFM,0.5004462599754333
Sample 23,Time-MoE,0.49955374002456665
Sample 24,Moirai,0.6444565057754517
Sample 24,Time-MoE,0.35554349422454834
Sample 25,TimesFM,0.5038806796073914
Sample 25,Timer,0.49611926078796387
Sample 26,Moirai,0.505111038684845
Sample 26,Time-MoE,0.49488896131515503
Sample 27,TimesFM,0.516810953617096
Sample 27,Timer,0.48318904638290405
Sample 28,Chronos,0.5003109574317932
Sample 28,Timer,0.4996890127658844
Sample 29,TimesFM,0.5077040791511536
Sample 29,Chronos,0.49229589104652405
Sample 30,TimesFM,0.5014541745185852
Sample 30,Time-MoE,0.4985457956790924
Sample 31,Moirai,0.5295537114143372
Sample 31,Timer,0.47044628858566284
Sample 0,Moirai,0.6837270855903625
Sample 0,Timer,0.31627288460731506
Sample 1,Moirai,0.5194919109344482
Sample 1,TimesFM,0.48050811886787415
Sample 2,Moirai,0.5533171892166138
Sample 2,Chronos,0.44668281078338623
Sample 3,Moirai,0.5081073641777039
Sample 3,TimesFM,0.49189260601997375
Sample 4,Chronos,0.504366934299469
Sample 4,Timer,0.495633065700531
Sample 5,Moirai,0.593921422958374
Sample 5,Chronos,0.4060785472393036
Sample 6,Moirai,0.5335192084312439
Sample 6,Time-MoE,0.4664808213710785
Sample 7,Moirai,0.5469687581062317
Sample 7,Time-MoE,0.4530312120914459
Sample 8,Moirai,0.7511242032051086
Sample 8,Timer,0.24887581169605255
Sample 9,TimesFM,0.5034192800521851
Sample 9,Timer,0.49658074975013733
Sample 10,TimesFM,0.500838577747345
Sample 10,Chronos,0.4991614520549774
Sample 11,TimesFM,0.5112944841384888
Sample 11,Timer,0.4887055456638336
Sample 12,Moirai,0.5482044219970703
Sample 12,Chronos,0.4517955780029297
Sample 13,Chronos,0.5003039836883545
Sample 13,TimesFM,0.4996960461139679
Sample 14,TimesFM,0.5022412538528442
Sample 14,Time-MoE,0.49775874614715576
Sample 15,Moirai,0.5829070210456848
Sample 15,Timer,0.4170930087566376
Sample 16,Moirai,0.7365491986274719
Sample 16,Timer,0.2634508013725281
Sample 17,Chronos,0.5013291239738464
Sample 17,TimesFM,0.49867087602615356
Sample 18,Moirai,0.5443618893623352
Sample 18,Time-MoE,0.4556381404399872
Sample 19,TimesFM,0.512083888053894
Sample 19,Timer,0.48791614174842834
Sample 20,Chronos,0.5009956359863281
Sample 20,Timer,0.49900439381599426
Sample 21,TimesFM,0.5040314197540283
Sample 21,Chronos,0.4959685504436493
Sample 22,Moirai,0.5390719175338745
Sample 22,Time-MoE,0.4609280526638031
Sample 23,Moirai,0.5561580061912537
Sample 23,Time-MoE,0.44384196400642395
Sample 24,Moirai,0.6867381930351257
Sample 24,Timer,0.3132617771625519
Sample 25,TimesFM,0.5056589841842651
Sample 25,Timer,0.49434104561805725
Sample 26,Moirai,0.5262256860733032
Sample 26,Chronos,0.47377434372901917
Sample 27,TimesFM,0.5098086595535278
Sample 27,Timer,0.49019137024879456
Sample 28,Moirai,0.555913507938385
Sample 28,Chronos,0.4440864622592926
Sample 29,TimesFM,0.5079246759414673
Sample 29,Time-MoE,0.4920753240585327
Sample 30,Chronos,0.5002871155738831
Sample 30,Time-MoE,0.49971285462379456
Sample 31,Moirai,0.5861552357673645
Sample 31,Timer,0.4138447344303131
Sample 0,Moirai,0.7216233611106873
Sample 0,Timer,0.27837666869163513
Sample 1,TimesFM,0.5036894679069519
Sample 1,Timer,0.4963105320930481
Sample 2,Chronos,0.5013100504875183
Sample 2,TimesFM,0.4986899495124817
Sample 3,TimesFM,0.5093007683753967
Sample 3,Timer,0.49069923162460327
Sample 4,Moirai,0.5095065236091614
Sample 4,Chronos,0.490493506193161
Sample 5,TimesFM,0.5029398202896118
Sample 5,Time-MoE,0.4970601201057434
Sample 6,Moirai,0.5060812830924988
Sample 6,TimesFM,0.4939187467098236
Sample 7,Moirai,0.5865641236305237
Sample 7,Time-MoE,0.4134358763694763
Sample 8,Moirai,0.7020716667175293
Sample 8,Time-MoE,0.2979283630847931
Sample 9,TimesFM,0.5039355754852295
Sample 9,Timer,0.4960644245147705
Sample 10,Moirai,0.5234047770500183
Sample 10,Time-MoE,0.4765952527523041
Sample 11,Moirai,0.5830122232437134
Sample 11,TimesFM,0.4169877767562866
Sample 12,Chronos,0.5172995328903198
Sample 12,Moirai,0.4827004671096802
Sample 13,TimesFM,0.5000216364860535
Sample 13,Moirai,0.4999783933162689
Sample 14,Chronos,0.500802755355835
Sample 14,TimesFM,0.4991972744464874
Sample 15,Time-MoE,0.505008339881897
Sample 15,Timer,0.49499163031578064
Sample 16,Moirai,0.6638372540473938
Sample 16,TimesFM,0.3361627459526062
Sample 17,TimesFM,0.5040351152420044
Sample 17,Chronos,0.4959648549556732
Sample 18,Moirai,0.5132918953895569
Sample 18,Time-MoE,0.4867081642150879
Sample 19,TimesFM,0.5124473571777344
Sample 19,Timer,0.4875527024269104
Sample 20,Chronos,0.5027949213981628
Sample 20,Timer,0.49720507860183716
Sample 21,TimesFM,0.5109232068061829
Sample 21,Timer,0.48907676339149475
Sample 22,TimesFM,0.5012324452400208
Sample 22,Chronos,0.49876755475997925
Sample 23,Moirai,0.5214623212814331
Sample 23,Time-MoE,0.4785376489162445
Sample 24,Moirai,0.7485299706459045
Sample 24,Time-MoE,0.25147005915641785
Sample 25,TimesFM,0.503143310546875
Sample 25,Chronos,0.496856689453125
Sample 26,Moirai,0.5239223837852478
Sample 26,Time-MoE,0.4760775864124298
Sample 27,TimesFM,0.5113433003425598
Sample 27,Timer,0.4886567294597626
Sample 28,Moirai,0.5629396438598633
Sample 28,Chronos,0.4370603561401367
Sample 29,Time-MoE,0.5040063858032227
Sample 29,Timer,0.49599361419677734
Sample 30,Time-MoE,0.5002490282058716
Sample 30,Chronos,0.4997510015964508
Sample 31,Moirai,0.6103280782699585
Sample 31,Time-MoE,0.3896719217300415
Sample 0,Moirai,0.7248228192329407
Sample 0,Timer,0.27517712116241455
Sample 1,TimesFM,0.5035366415977478
Sample 1,Chronos,0.496463418006897
Sample 2,Time-MoE,0.5048513412475586
Sample 2,Timer,0.4951486885547638
Sample 3,TimesFM,0.5080954432487488
Sample 3,Timer,0.4919045865535736
Sample 4,Moirai,0.5121028423309326
Sample 4,Chronos,0.48789718747138977
Sample 5,TimesFM,0.5029613971710205
Sample 5,Time-MoE,0.4970386028289795
Sample 6,Moirai,0.5110547542572021
Sample 6,Chronos,0.48894524574279785
Sample 7,Moirai,0.5558998584747314
Sample 7,Time-MoE,0.44410017132759094
Sample 8,Moirai,0.7111206650733948
Sample 8,Timer,0.28887939453125
Sample 9,Moirai,0.5010251402854919
Sample 9,TimesFM,0.49897488951683044
Sample 10,Moirai,0.5326481461524963
Sample 10,Time-MoE,0.46735185384750366
Sample 11,Moirai,0.5122168064117432
Sample 11,TimesFM,0.4877832233905792
Sample 12,Time-MoE,0.5001829862594604
Sample 12,TimesFM,0.49981698393821716
Sample 13,TimesFM,0.5084770917892456
Sample 13,Chronos,0.4915229082107544
Sample 14,Chronos,0.5016552805900574
Sample 14,TimesFM,0.4983447790145874
Sample 15,Moirai,0.5578465461730957
Sample 15,Timer,0.4421534538269043
Sample 16,Moirai,0.7024163007736206
Sample 16,Timer,0.29758375883102417
Sample 17,Moirai,0.5097745060920715
Sample 17,TimesFM,0.4902254343032837
Sample 18,Moirai,0.5801149010658264
Sample 18,Chronos,0.4198850691318512
Sample 19,TimesFM,0.5056198835372925
Sample 19,Chronos,0.49438008666038513
Sample 20,TimesFM,0.5010762214660645
Sample 20,Time-MoE,0.49892374873161316
Sample 21,TimesFM,0.5072073340415955
Sample 21,Moirai,0.49279260635375977
Sample 22,Chronos,0.5036482810974121
Sample 22,Time-MoE,0.4963516592979431
Sample 23,Moirai,0.5779630541801453
Sample 23,Timer,0.4220369756221771
Sample 24,Moirai,0.69688880443573
Sample 24,Timer,0.3031112253665924
Sample 25,TimesFM,0.5059618949890137
Sample 25,Timer,0.49403810501098633
Sample 26,Moirai,0.5128793716430664
Sample 26,Time-MoE,0.487120658159256
Sample 27,TimesFM,0.504890501499176
Sample 27,Chronos,0.49510952830314636
Sample 28,Time-MoE,0.5042588710784912
Sample 28,Timer,0.495741069316864
Sample 29,TimesFM,0.5088912844657898
Sample 29,Timer,0.4911086857318878
Sample 30,Moirai,0.5182927250862122
Sample 30,Time-MoE,0.48170727491378784
Sample 31,Time-MoE,0.5029197335243225
Sample 31,Timer,0.4970802366733551
Sample 0,Moirai,0.611349880695343
Sample 0,TimesFM,0.388650119304657
Sample 1,TimesFM,0.5041775703430176
Sample 1,Chronos,0.4958224296569824
Sample 2,Time-MoE,0.5079073309898376
Sample 2,Chronos,0.49209266901016235
Sample 3,TimesFM,0.5078953504562378
Sample 3,Timer,0.4921046793460846
Sample 4,Chronos,0.5028886795043945
Sample 4,TimesFM,0.49711132049560547
Sample 5,TimesFM,0.5078464150428772
Sample 5,Chronos,0.4921535849571228
Sample 6,TimesFM,0.5034499764442444
Sample 6,Chronos,0.496550053358078
Sample 7,Moirai,0.5407711267471313
Sample 7,Time-MoE,0.4592289328575134
Sample 8,Moirai,0.754866361618042
Sample 8,Timer,0.245133638381958
Sample 9,TimesFM,0.5035339593887329
Sample 9,Moirai,0.4964660406112671
Sample 10,Time-MoE,0.5079526305198669
Sample 10,Timer,0.49204739928245544
Sample 11,TimesFM,0.5087767839431763
Sample 11,Timer,0.4912232458591461
Sample 12,Chronos,0.5098040103912354
Sample 12,Moirai,0.49019601941108704
Sample 13,TimesFM,0.5052593350410461
Sample 13,Chronos,0.49474066495895386
Sample 14,Time-MoE,0.5004570484161377
Sample 14,TimesFM,0.4995429813861847
Sample 15,Moirai,0.5784147381782532
Sample 15,Timer,0.42158520221710205
Sample 0,Moirai,0.755821704864502
Sample 0,Time-MoE,0.24417831003665924
Sample 1,TimesFM,0.5030444264411926
Sample 1,Chronos,0.49695560336112976
Sample 2,Chronos,0.5014259815216064
Sample 2,Timer,0.49857404828071594
Sample 3,TimesFM,0.5100811123847961
Sample 3,Timer,0.48991888761520386
Sample 4,Chronos,0.5080450773239136
Sample 4,Moirai,0.4919549226760864
Sample 5,TimesFM,0.5010752081871033
Sample 5,Chronos,0.49892479181289673
Sample 6,Timer,0.5014454126358032
Sample 6,TimesFM,0.49855461716651917
Sample 7,Moirai,0.5911280512809753
Sample 7,Timer,0.40887191891670227
Sample 8,Moirai,0.7391109466552734
Sample 8,Time-MoE,0.26088908314704895
Sample 9,TimesFM,0.5039216876029968
Sample 9,Chronos,0.4960782825946808
Sample 10,Time-MoE,0.5156026482582092
Sample 10,Chronos,0.48439735174179077
Sample 11,TimesFM,0.5112128257751465
Sample 11,Timer,0.48878714442253113
Sample 12,Moirai,0.5557138323783875
Sample 12,Chronos,0.44428616762161255
Sample 13,TimesFM,0.5069089531898499
Sample 13,Chronos,0.49309104681015015
Sample 14,Time-MoE,0.5036836266517639
Sample 14,Chronos,0.4963163435459137
Sample 15,Moirai,0.5901471972465515
Sample 15,Timer,0.4098528325557709
Sample 16,Moirai,0.6720807552337646
Sample 16,Time-MoE,0.32791927456855774
Sample 17,Moirai,0.5032088160514832
Sample 17,TimesFM,0.49679112434387207
Sample 18,Moirai,0.5134910941123962
Sample 18,Chronos,0.48650896549224854
Sample 19,TimesFM,0.5069392323493958
Sample 19,Timer,0.493060827255249
Sample 20,Moirai,0.5555573105812073
Sample 20,Time-MoE,0.44444262981414795
Sample 21,TimesFM,0.5109863877296448
Sample 21,Timer,0.48901358246803284
Sample 22,TimesFM,0.5040227770805359
Sample 22,Chronos,0.4959772229194641
Sample 23,Timer,0.5011609196662903
Sample 23,Time-MoE,0.49883905053138733
Sample 24,Moirai,0.692514181137085
Sample 24,Timer,0.30748578906059265
Sample 25,TimesFM,0.5034714341163635
Sample 25,Chronos,0.4965285658836365
Sample 26,Moirai,0.5924309492111206
Sample 26,Timer,0.4075690805912018
Sample 27,Moirai,0.5402796864509583
Sample 27,TimesFM,0.45972034335136414
Sample 28,Chronos,0.5065232515335083
Sample 28,Timer,0.4934767484664917
Sample 29,TimesFM,0.5066992044448853
Sample 29,Chronos,0.49330082535743713
Sample 30,Time-MoE,0.5023942589759827
Sample 30,TimesFM,0.49760574102401733
Sample 31,Moirai,0.5562867522239685
Sample 31,Time-MoE,0.4437132477760315
Sample 0,Moirai,0.6945567727088928
Sample 0,TimesFM,0.3054431974887848
Sample 1,Moirai,0.5105187892913818
Sample 1,TimesFM,0.48948121070861816
Sample 2,Time-MoE,0.5003345608711243
Sample 2,Chronos,0.49966540932655334
Sample 3,TimesFM,0.5060588717460632
Sample 3,Chronos,0.49394115805625916
Sample 4,TimesFM,0.5006107687950134
Sample 4,Time-MoE,0.4993892312049866
Sample 5,TimesFM,0.5059635639190674
Sample 5,Timer,0.4940364360809326
Sample 6,Chronos,0.504906952381134
Sample 6,Timer,0.49509304761886597
Sample 7,Moirai,0.5967475771903992
Sample 7,Timer,0.4032524526119232
Sample 8,Moirai,0.6753816604614258
Sample 8,Time-MoE,0.3246183395385742
Sample 9,Moirai,0.5004233121871948
Sample 9,TimesFM,0.49957671761512756
Sample 10,Moirai,0.5012285709381104
Sample 10,Time-MoE,0.49877142906188965
Sample 11,Moirai,0.5204440355300903
Sample 11,Time-MoE,0.4795559346675873
Sample 12,Chronos,0.5147342681884766
Sample 12,Timer,0.4852657616138458
Sample 13,Moirai,0.5145252346992493
Sample 13,TimesFM,0.4854748249053955
Sample 14,TimesFM,0.516215980052948
Sample 14,Chronos,0.4837839901447296
Sample 15,Moirai,0.5887190699577332
Sample 15,Time-MoE,0.41128093004226685
Sample 16,Moirai,0.7211635708808899
Sample 16,Time-MoE,0.2788364589214325
Sample 17,Moirai,0.5106372833251953
Sample 17,TimesFM,0.4893627166748047
Sample 18,Time-MoE,0.5123890042304993
Sample 18,Timer,0.4876110553741455
Sample 19,TimesFM,0.5017714500427246
Sample 19,Moirai,0.498228520154953
Sample 20,Moirai,0.5038219690322876
Sample 20,Chronos,0.4961780309677124
Sample 21,Moirai,0.5129175782203674
Sample 21,TimesFM,0.48708242177963257
Sample 22,Chronos,0.5015560984611511
Sample 22,Timer,0.4984438717365265
Sample 23,Timer,0.5007043480873108
Sample 23,Time-MoE,0.4992956817150116
Sample 24,Moirai,0.6432932019233704
Sample 24,Time-MoE,0.35670673847198486
Sample 25,TimesFM,0.5060359239578247
Sample 25,Timer,0.4939641058444977
Sample 26,Time-MoE,0.5060862302780151
Sample 26,Chronos,0.49391376972198486
Sample 27,TimesFM,0.5146899223327637
Sample 27,Timer,0.4853101074695587
Sample 28,Chronos,0.5000978708267212
Sample 28,Moirai,0.4999021291732788
Sample 29,TimesFM,0.5109102129936218
Sample 29,Chronos,0.48908981680870056
Sample 30,TimesFM,0.5001001954078674
Sample 30,Chronos,0.49989980459213257
Sample 31,Moirai,0.5821287631988525
Sample 31,Timer,0.41787123680114746
Sample 0,Moirai,0.6635171175003052
Sample 0,Time-MoE,0.3364828824996948
Sample 1,Moirai,0.5108950734138489
Sample 1,TimesFM,0.4891049563884735
Sample 2,Moirai,0.5032576322555542
Sample 2,TimesFM,0.4967423677444458
Sample 3,TimesFM,0.5079159140586853
Sample 3,Chronos,0.4920841157436371
Sample 4,Moirai,0.578008234500885
Sample 4,Time-MoE,0.4219917953014374
Sample 5,Chronos,0.5021748542785645
Sample 5,Time-MoE,0.49782517552375793
Sample 6,Timer,0.5000558495521545
Sample 6,Chronos,0.49994418025016785
Sample 7,Moirai,0.5855300426483154
Sample 7,Time-MoE,0.41446998715400696
Sample 8,Moirai,0.6534060835838318
Sample 8,Time-MoE,0.3465938866138458
Sample 9,TimesFM,0.5044077038764954
Sample 9,Timer,0.495592325925827
Sample 10,Moirai,0.5084279179573059
Sample 10,Chronos,0.4915720522403717
Sample 11,TimesFM,0.5086579322814941
Sample 11,Chronos,0.49134203791618347
Sample 12,Chronos,0.5012248158454895
Sample 12,Timer,0.4987751841545105
Sample 13,TimesFM,0.5090109705924988
Sample 13,Chronos,0.49098899960517883
Sample 14,Time-MoE,0.5018182992935181
Sample 14,TimesFM,0.49818170070648193
Sample 15,Moirai,0.5521855354309082
Sample 15,Time-MoE,0.4478144347667694
Sample 16,Moirai,0.6067676544189453
Sample 16,TimesFM,0.3932323157787323
Sample 17,TimesFM,0.5049546957015991
Sample 17,Chronos,0.49504536390304565
Sample 18,Time-MoE,0.506066620349884
Sample 18,Timer,0.4939333498477936
Sample 19,Moirai,0.5849588513374329
Sample 19,TimesFM,0.4150411784648895
Sample 20,Chronos,0.5024383664131165
Sample 20,TimesFM,0.49756163358688354
Sample 21,TimesFM,0.510879635810852
Sample 21,Chronos,0.48912033438682556
Sample 22,Chronos,0.5105522871017456
Sample 22,TimesFM,0.4894477427005768
Sample 23,TimesFM,0.5003499388694763
Sample 23,Time-MoE,0.49965009093284607
Sample 24,Moirai,0.6463944315910339
Sample 24,Time-MoE,0.35360562801361084
Sample 25,TimesFM,0.5043770670890808
Sample 25,Timer,0.4956228733062744
Sample 26,Moirai,0.5051719546318054
Sample 26,Time-MoE,0.4948279857635498
Sample 27,TimesFM,0.5168845057487488
Sample 27,Timer,0.48311546444892883
Sample 28,Timer,0.5001943111419678
Sample 28,Chronos,0.4998056888580322
Sample 29,TimesFM,0.5080607533454895
Sample 29,Chronos,0.4919392466545105
Sample 30,TimesFM,0.5014714002609253
Sample 30,Timer,0.49852854013442993
Sample 31,Moirai,0.529778778553009
Sample 31,Time-MoE,0.47022125124931335
Sample 0,Moirai,0.6863235831260681
Sample 0,Time-MoE,0.3136763870716095
Sample 1,Moirai,0.5198413133621216
Sample 1,TimesFM,0.48015865683555603
Sample 2,Moirai,0.5539711117744446
Sample 2,Chronos,0.4460289478302002
Sample 3,Moirai,0.5082591772079468
Sample 3,TimesFM,0.4917408525943756
Sample 4,Chronos,0.5045242309570312
Sample 4,Timer,0.4954758286476135
Sample 5,Moirai,0.595151424407959
Sample 5,Chronos,0.4048486351966858
Sample 6,Moirai,0.5340862274169922
Sample 6,Time-MoE,0.4659137427806854
Sample 7,Moirai,0.5476459860801697
Sample 7,Time-MoE,0.4523540139198303
Sample 8,Moirai,0.7551468014717102
Sample 8,Timer,0.2448531687259674
Sample 9,TimesFM,0.503533661365509
Sample 9,Chronos,0.4964663088321686
Sample 10,TimesFM,0.5010146498680115
Sample 10,Chronos,0.4989853501319885
Sample 11,TimesFM,0.5115278959274292
Sample 11,Timer,0.4884721040725708
Sample 12,Moirai,0.5486549735069275
Sample 12,Chronos,0.45134496688842773
Sample 13,Chronos,0.500154435634613
Sample 13,TimesFM,0.49984556436538696
Sample 14,TimesFM,0.5025346875190735
Sample 14,Time-MoE,0.49746525287628174
Sample 15,Moirai,0.5842683911323547
Sample 15,Timer,0.41573163866996765
Sample 16,Moirai,0.7393986582756042
Sample 16,Chronos,0.26060134172439575
Sample 17,Chronos,0.5013707876205444
Sample 17,TimesFM,0.49862921237945557
Sample 18,Moirai,0.5449351668357849
Sample 18,Time-MoE,0.4550648331642151
Sample 19,TimesFM,0.5120436549186707
Sample 19,Timer,0.48795637488365173
Sample 20,Chronos,0.5005576610565186
Sample 20,Timer,0.49944230914115906
Sample 21,TimesFM,0.5043253898620605
Sample 21,Chronos,0.49567461013793945
Sample 22,Moirai,0.5398286581039429
Sample 22,Time-MoE,0.4601713716983795
Sample 23,Moirai,0.5568654537200928
Sample 23,Time-MoE,0.44313451647758484
Sample 24,Moirai,0.6898442506790161
Sample 24,Timer,0.3101557791233063
Sample 25,TimesFM,0.5058391690254211
Sample 25,Timer,0.49416083097457886
Sample 26,Moirai,0.5264102220535278
Sample 26,Chronos,0.47358977794647217
Sample 27,TimesFM,0.5099669098854065
Sample 27,Timer,0.4900330603122711
Sample 28,Moirai,0.5563985109329224
Sample 28,Chronos,0.4436015188694
Sample 29,TimesFM,0.5083813667297363
Sample 29,Time-MoE,0.4916185736656189
Sample 30,Chronos,0.5005245804786682
Sample 30,Time-MoE,0.4994753897190094
Sample 31,Moirai,0.5876543521881104
Sample 31,Timer,0.41234567761421204
Sample 0,Moirai,0.7249946594238281
Sample 0,Chronos,0.2750053405761719
Sample 1,TimesFM,0.5040807127952576
Sample 1,Timer,0.49591928720474243
Sample 2,Chronos,0.5014393329620361
Sample 2,TimesFM,0.4985606074333191
Sample 3,TimesFM,0.5096161961555481
Sample 3,Timer,0.4903838038444519
Sample 4,Moirai,0.5093958377838135
Sample 4,Chronos,0.4906041622161865
Sample 5,TimesFM,0.5030401945114136
Sample 5,Time-MoE,0.49695977568626404
Sample 6,Moirai,0.5065202116966248
Sample 6,TimesFM,0.49347981810569763
Sample 7,Moirai,0.5877558588981628
Sample 7,Time-MoE,0.41224411129951477
Sample 8,Moirai,0.7047790884971619
Sample 8,Time-MoE,0.29522091150283813
Sample 9,TimesFM,0.5043371319770813
Sample 9,Timer,0.4956629276275635
Sample 10,Moirai,0.5237666964530945
Sample 10,Time-MoE,0.4762333035469055
Sample 11,Moirai,0.5843575596809387
Sample 11,TimesFM,0.41564249992370605
Sample 12,Chronos,0.5177168250083923
Sample 12,Timer,0.4822831451892853
Sample 13,Moirai,0.5000711679458618
Sample 13,TimesFM,0.4999288022518158
Sample 14,Chronos,0.5007949471473694
Sample 14,TimesFM,0.4992050230503082
Sample 15,Time-MoE,0.504551887512207
Sample 15,Timer,0.49544814229011536
Sample 16,Moirai,0.6663119792938232
Sample 16,TimesFM,0.33368805050849915
Sample 17,TimesFM,0.5040247440338135
Sample 17,Chronos,0.49597522616386414
Sample 18,Moirai,0.5134276151657104
Sample 18,Time-MoE,0.48657238483428955
Sample 19,TimesFM,0.5116978883743286
Sample 19,Timer,0.4883021116256714
Sample 20,Chronos,0.5021158456802368
Sample 20,Timer,0.49788418412208557
Sample 21,TimesFM,0.511321485042572
Sample 21,Chronos,0.48867854475975037
Sample 22,TimesFM,0.5010242462158203
Sample 22,Chronos,0.4989757537841797
Sample 23,Moirai,0.5216540694236755
Sample 23,Time-MoE,0.47834593057632446
Sample 24,Moirai,0.7515799403190613
Sample 24,Time-MoE,0.24842001497745514
Sample 25,TimesFM,0.5029791593551636
Sample 25,Chronos,0.4970208406448364
Sample 26,Moirai,0.5245633125305176
Sample 26,Time-MoE,0.4754367172718048
Sample 27,TimesFM,0.5116044878959656
Sample 27,Timer,0.48839548230171204
Sample 28,Moirai,0.5636767148971558
Sample 28,Chronos,0.43632328510284424
Sample 29,Time-MoE,0.5040534734725952
Sample 29,Timer,0.4959464967250824
Sample 30,Time-MoE,0.5000481605529785
Sample 30,Chronos,0.4999518096446991
Sample 31,Moirai,0.6118369698524475
Sample 31,Time-MoE,0.3881630003452301
Sample 0,Moirai,0.7278655171394348
Sample 0,Chronos,0.2721344530582428
Sample 1,TimesFM,0.5032945275306702
Sample 1,Chronos,0.49670544266700745
Sample 2,Time-MoE,0.5049929022789001
Sample 2,Timer,0.49500709772109985
Sample 3,TimesFM,0.5082823038101196
Sample 3,Timer,0.491717666387558
Sample 4,Moirai,0.5118225812911987
Sample 4,Chronos,0.48817744851112366
Sample 5,TimesFM,0.5028121471405029
Sample 5,Time-MoE,0.4971878230571747
Sample 6,Moirai,0.511099636554718
Sample 6,Chronos,0.4889003336429596
Sample 7,Moirai,0.5567033886909485
Sample 7,Time-MoE,0.4432966113090515
Sample 8,Moirai,0.7146763801574707
Sample 8,Time-MoE,0.2853236794471741
Sample 9,Moirai,0.5014697909355164
Sample 9,TimesFM,0.49853017926216125
Sample 10,Moirai,0.5330697894096375
Sample 10,Time-MoE,0.46693018078804016
Sample 11,Moirai,0.5127854347229004
Sample 11,TimesFM,0.4872145354747772
Sample 12,Time-MoE,0.5000988245010376
Sample 12,TimesFM,0.4999011158943176
Sample 13,TimesFM,0.5075746774673462
Sample 13,Timer,0.4924253225326538
Sample 14,Chronos,0.5017666816711426
Sample 14,TimesFM,0.49823325872421265
Sample 15,Moirai,0.5587132573127747
Sample 15,Time-MoE,0.44128677248954773
Sample 16,Moirai,0.7053134441375732
Sample 16,Chronos,0.29468658566474915
Sample 17,Moirai,0.5103573203086853
Sample 17,TimesFM,0.4896426200866699
Sample 18,Moirai,0.5809008479118347
Sample 18,Chronos,0.4190991520881653
Sample 19,TimesFM,0.5054658055305481
Sample 19,Chronos,0.4945342540740967
Sample 20,TimesFM,0.501082718372345
Sample 20,Time-MoE,0.4989173114299774
Sample 21,TimesFM,0.5069473385810852
Sample 21,Moirai,0.49305260181427
Sample 22,Chronos,0.5037997961044312
Sample 22,Time-MoE,0.49620020389556885
Sample 23,Moirai,0.5794046521186829
Sample 23,Timer,0.42059528827667236
Sample 24,Moirai,0.699742317199707
Sample 24,Chronos,0.30025771260261536
Sample 25,TimesFM,0.506208062171936
Sample 25,Timer,0.49379193782806396
Sample 26,Moirai,0.5129360556602478
Sample 26,Time-MoE,0.4870639443397522
Sample 27,TimesFM,0.5048033595085144
Sample 27,Chronos,0.495196670293808
Sample 28,Time-MoE,0.5035397410392761
Sample 28,Timer,0.4964602589607239
Sample 29,TimesFM,0.5087205171585083
Sample 29,Timer,0.4912794828414917
Sample 30,Moirai,0.5185260772705078
Sample 30,Chronos,0.4814738929271698
Sample 31,Time-MoE,0.5017775297164917
Sample 31,Timer,0.4982224702835083
Sample 0,Moirai,0.6133803725242615
Sample 0,TimesFM,0.3866196870803833
Sample 1,TimesFM,0.5038914084434509
Sample 1,Chronos,0.4961085617542267
Sample 2,Time-MoE,0.508085310459137
Sample 2,Chronos,0.4919147193431854
Sample 3,TimesFM,0.507850706577301
Sample 3,Timer,0.4921492636203766
Sample 4,Chronos,0.5026702880859375
Sample 4,Timer,0.4973296821117401
Sample 5,TimesFM,0.507654070854187
Sample 5,Chronos,0.492345929145813
Sample 6,TimesFM,0.503021776676178
Sample 6,Chronos,0.496978223323822
Sample 7,Moirai,0.54131019115448
Sample 7,Time-MoE,0.45868977904319763
Sample 8,Moirai,0.758476734161377
Sample 8,Time-MoE,0.24152322113513947
Sample 9,TimesFM,0.5030304193496704
Sample 9,Moirai,0.4969695806503296
Sample 10,Time-MoE,0.5079472661018372
Sample 10,Timer,0.49205273389816284
Sample 11,TimesFM,0.5087220668792725
Sample 11,Timer,0.49127790331840515
Sample 12,Chronos,0.5103514790534973
Sample 12,Moirai,0.4896485209465027
Sample 13,TimesFM,0.5049387812614441
Sample 13,Chronos,0.4950612187385559
Sample 14,Time-MoE,0.5008589625358582
Sample 14,Timer,0.4991410970687866
Sample 15,Moirai,0.5795706510543823
Sample 15,Time-MoE,0.4204293191432953
Sample 0,Moirai,0.7589064836502075
Sample 0,Time-MoE,0.2410934865474701
Sample 1,TimesFM,0.5025591850280762
Sample 1,Chronos,0.49744081497192383
Sample 2,Chronos,0.5007924437522888
Sample 2,Timer,0.49920758605003357
Sample 3,TimesFM,0.5098187923431396
Sample 3,Timer,0.49018120765686035
Sample 4,Chronos,0.5083438754081726
Sample 4,Moirai,0.4916561543941498
Sample 5,TimesFM,0.5006357431411743
Sample 5,Chronos,0.49936431646347046
Sample 6,Timer,0.5022440552711487
Sample 6,TimesFM,0.4977559745311737
Sample 7,Moirai,0.5925198197364807
Sample 7,Chronos,0.4074801206588745
Sample 8,Moirai,0.7420358061790466
Sample 8,Time-MoE,0.257964164018631
Sample 9,TimesFM,0.5035094022750854
Sample 9,Chronos,0.49649056792259216
Sample 10,Time-MoE,0.5160837769508362
Sample 10,Timer,0.4839162230491638
Sample 11,TimesFM,0.5112279057502747
Sample 11,Timer,0.48877212405204773
Sample 12,Moirai,0.5561255812644958
Sample 12,Chronos,0.44387441873550415
Sample 13,TimesFM,0.5066205859184265
Sample 13,Chronos,0.4933794438838959
Sample 14,Time-MoE,0.5034515857696533
Sample 14,Timer,0.4965483844280243
Sample 15,Moirai,0.5917974710464478
Sample 15,Timer,0.40820252895355225
Sample 16,Moirai,0.6743764281272888
Sample 16,Time-MoE,0.3256235718727112
Sample 17,Moirai,0.5038511753082275
Sample 17,TimesFM,0.49614882469177246
Sample 18,Moirai,0.5133261680603027
Sample 18,Chronos,0.48667383193969727
Sample 19,TimesFM,0.5067610740661621
Sample 19,Timer,0.4932388961315155
Sample 20,Moirai,0.5562863349914551
Sample 20,Time-MoE,0.44371363520622253
Sample 21,TimesFM,0.5111702680587769
Sample 21,Timer,0.48882976174354553
Sample 22,TimesFM,0.5034769773483276
Sample 22,Chronos,0.49652299284935
Sample 23,Timer,0.5011781454086304
Sample 23,Time-MoE,0.49882182478904724
Sample 24,Moirai,0.6952227354049683
Sample 24,Time-MoE,0.3047772943973541
Sample 25,TimesFM,0.5030932426452637
Sample 25,Chronos,0.4969067871570587
Sample 26,Moirai,0.5938483476638794
Sample 26,Time-MoE,0.4061516225337982
Sample 27,Moirai,0.5410876870155334
Sample 27,TimesFM,0.45891231298446655
Sample 28,Chronos,0.506320595741272
Sample 28,Timer,0.49367937445640564
Sample 29,TimesFM,0.5064506530761719
Sample 29,Chronos,0.49354931712150574
Sample 30,Time-MoE,0.502818763256073
Sample 30,TimesFM,0.497181236743927
Sample 31,Moirai,0.5571539402008057
Sample 31,Time-MoE,0.4428460896015167
Sample 0,Moirai,0.6971008777618408
Sample 0,TimesFM,0.30289915204048157
Sample 1,Moirai,0.5113486051559448
Sample 1,TimesFM,0.4886513948440552
Sample 2,Time-MoE,0.5002371072769165
Sample 2,Chronos,0.4997628629207611
Sample 3,TimesFM,0.5056751370429993
Sample 3,Chronos,0.4943248927593231
Sample 4,TimesFM,0.5006501078605652
Sample 4,Time-MoE,0.4993499219417572
Sample 5,TimesFM,0.5054454207420349
Sample 5,Time-MoE,0.4945545792579651
Sample 6,Chronos,0.5049468874931335
Sample 6,Timer,0.49505311250686646
Sample 7,Moirai,0.5983803868293762
Sample 7,Time-MoE,0.4016196131706238
Sample 8,Moirai,0.6777547001838684
Sample 8,Time-MoE,0.3222452402114868
Sample 9,Moirai,0.5010526776313782
Sample 9,TimesFM,0.4989473521709442
Sample 10,Moirai,0.5009984970092773
Sample 10,Time-MoE,0.49900150299072266
Sample 11,Moirai,0.5205622315406799
Sample 11,Time-MoE,0.47943776845932007
Sample 12,Chronos,0.5150259733200073
Sample 12,Timer,0.48497405648231506
Sample 13,Moirai,0.5152075290679932
Sample 13,TimesFM,0.48479247093200684
Sample 14,TimesFM,0.5157216787338257
Sample 14,Timer,0.4842783212661743
Sample 15,Moirai,0.5900737047195435
Sample 15,Time-MoE,0.40992626547813416
Sample 16,Moirai,0.7240057587623596
Sample 16,Time-MoE,0.27599427103996277
Sample 17,Moirai,0.5114363431930542
Sample 17,TimesFM,0.488563597202301
Sample 18,Time-MoE,0.5124244093894958
Sample 18,Timer,0.48757556080818176
Sample 19,TimesFM,0.5012383460998535
Sample 19,Moirai,0.4987615942955017
Sample 20,Moirai,0.5039405226707458
Sample 20,Chronos,0.49605947732925415
Sample 21,Moirai,0.5136529207229614
Sample 21,TimesFM,0.4863470494747162
Sample 22,Chronos,0.5015057325363159
Sample 22,Timer,0.4984942376613617
Sample 23,Timer,0.5010216236114502
Sample 23,Time-MoE,0.4989784061908722
Sample 24,Moirai,0.6452966332435608
Sample 24,Time-MoE,0.3547033369541168
Sample 25,TimesFM,0.5055481195449829
Sample 25,Timer,0.4944518804550171
Sample 26,Time-MoE,0.5063621401786804
Sample 26,Chronos,0.4936378598213196
Sample 27,TimesFM,0.5145373940467834
Sample 27,Timer,0.48546263575553894
Sample 28,Chronos,0.5005121231079102
Sample 28,Moirai,0.49948787689208984
Sample 29,TimesFM,0.5107536315917969
Sample 29,Chronos,0.4892464280128479
Sample 30,Timer,0.500067949295044
Sample 30,Chronos,0.49993202090263367
Sample 31,Moirai,0.5835939049720764
Sample 31,Timer,0.4164060950279236
Sample 0,Moirai,0.6658255457878113
Sample 0,Time-MoE,0.3341745138168335
Sample 1,Moirai,0.5114941596984863
Sample 1,TimesFM,0.48850584030151367
Sample 2,Moirai,0.5033272504806519
Sample 2,TimesFM,0.49667271971702576
Sample 3,TimesFM,0.5076791048049927
Sample 3,Chronos,0.4923209249973297
Sample 4,Moirai,0.5791971683502197
Sample 4,Time-MoE,0.4208028018474579
Sample 5,Chronos,0.5024093985557556
Sample 5,Time-MoE,0.4975906014442444
Sample 6,Timer,0.500204861164093
Sample 6,Chronos,0.499795138835907
Sample 7,Moirai,0.5868679881095886
Sample 7,Time-MoE,0.413131982088089
Sample 8,Moirai,0.6555933356285095
Sample 8,Time-MoE,0.34440669417381287
Sample 9,TimesFM,0.5042038559913635
Sample 9,Timer,0.49579617381095886
Sample 10,Moirai,0.5085709691047668
Sample 10,Chronos,0.49142903089523315
Sample 11,TimesFM,0.5083766579627991
Sample 11,Chronos,0.4916233420372009
Sample 12,Chronos,0.5011278986930847
Sample 12,Timer,0.4988721013069153
Sample 13,TimesFM,0.5088573098182678
Sample 13,Chronos,0.49114271998405457
Sample 14,Time-MoE,0.50242018699646
Sample 14,TimesFM,0.4975798428058624
Sample 15,Moirai,0.5529894828796387
Sample 15,Time-MoE,0.44701048731803894
Sample 16,Moirai,0.6086286902427673
Sample 16,TimesFM,0.39137130975723267
Sample 17,TimesFM,0.5044678449630737
Sample 17,Chronos,0.4955321252346039
Sample 18,Time-MoE,0.5059192180633545
Sample 18,Timer,0.4940807521343231
Sample 19,Moirai,0.5863959789276123
Sample 19,TimesFM,0.4136040508747101
Sample 20,Chronos,0.50250244140625
Sample 20,TimesFM,0.4974975883960724
Sample 21,TimesFM,0.5108755826950073
Sample 21,Chronos,0.4891243875026703
Sample 22,Chronos,0.5113766193389893
Sample 22,Timer,0.48862341046333313
Sample 23,TimesFM,0.5004010200500488
Sample 23,Time-MoE,0.49959897994995117
Sample 24,Moirai,0.6485204696655273
Sample 24,Time-MoE,0.35147953033447266
Sample 25,TimesFM,0.5040555000305176
Sample 25,Timer,0.49594447016716003
Sample 26,Moirai,0.5052870512008667
Sample 26,Time-MoE,0.4947129487991333
Sample 27,TimesFM,0.5167270302772522
Sample 27,Timer,0.4832729697227478
Sample 28,Timer,0.5003502368927002
Sample 28,Chronos,0.4996497333049774
Sample 29,TimesFM,0.507849395275116
Sample 29,Chronos,0.49215057492256165
Sample 30,TimesFM,0.5005906820297241
Sample 30,Timer,0.4994093179702759
Sample 31,Moirai,0.5301734805107117
Sample 31,Time-MoE,0.46982651948928833
Sample 0,Moirai,0.6889052987098694
Sample 0,Time-MoE,0.3110947012901306
Sample 1,Moirai,0.5204000473022461
Sample 1,TimesFM,0.4795999825000763
Sample 2,Moirai,0.5547518730163574
Sample 2,Chronos,0.44524818658828735
Sample 3,Moirai,0.5085999965667725
Sample 3,TimesFM,0.49140000343322754
Sample 4,Chronos,0.5047863721847534
Sample 4,Timer,0.4952135980129242
Sample 5,Moirai,0.5966918468475342
Sample 5,Chronos,0.40330809354782104
Sample 6,Moirai,0.5346381664276123
Sample 6,Time-MoE,0.4653617739677429
Sample 7,Moirai,0.5483244061470032
Sample 7,Time-MoE,0.4516755938529968
Sample 8,Moirai,0.7584856152534485
Sample 8,Chronos,0.24151435494422913
Sample 9,TimesFM,0.5032134652137756
Sample 9,Chronos,0.496786504983902
Sample 10,TimesFM,0.5008249878883362
Sample 10,Chronos,0.49917498230934143
Sample 11,TimesFM,0.5115456581115723
Sample 11,Timer,0.48845431208610535
Sample 12,Moirai,0.5491682291030884
Sample 12,Chronos,0.4508318305015564
Sample 13,Chronos,0.5005773305892944
Sample 13,TimesFM,0.49942266941070557
Sample 14,TimesFM,0.5022009015083313
Sample 14,Time-MoE,0.4977990686893463
Sample 15,Moirai,0.5854527354240417
Sample 15,Timer,0.41454726457595825
Sample 16,Moirai,0.7423586845397949
Sample 16,Chronos,0.2576413154602051
Sample 17,Chronos,0.5022271871566772
Sample 17,TimesFM,0.49777281284332275
Sample 18,Moirai,0.5455238223075867
Sample 18,Time-MoE,0.45447617769241333
Sample 19,TimesFM,0.5120220184326172
Sample 19,Timer,0.4879780113697052
Sample 20,Chronos,0.5004963874816895
Sample 20,Timer,0.49950361251831055
Sample 21,TimesFM,0.5038062334060669
Sample 21,Chronos,0.4961937665939331
Sample 22,Moirai,0.5406274795532227
Sample 22,Time-MoE,0.4593725800514221
Sample 23,Moirai,0.5576314926147461
Sample 23,Time-MoE,0.44236844778060913
Sample 24,Moirai,0.6925347447395325
Sample 24,Timer,0.30746522545814514
Sample 25,TimesFM,0.5056164860725403
Sample 25,Timer,0.4943835139274597
Sample 26,Moirai,0.5265209674835205
Sample 26,Chronos,0.4734790027141571
Sample 27,TimesFM,0.509875476360321
Sample 27,Timer,0.49012455344200134
Sample 28,Moirai,0.5569316148757935
Sample 28,Chronos,0.44306835532188416
Sample 29,TimesFM,0.5082610845565796
Sample 29,Time-MoE,0.4917389750480652
Sample 30,Chronos,0.5009068846702576
Sample 30,Time-MoE,0.49909311532974243
Sample 31,Moirai,0.5889462828636169
Sample 31,Timer,0.41105371713638306
Sample 0,Moirai,0.7281413078308105
Sample 0,Chronos,0.27185872197151184
Sample 1,TimesFM,0.5039429068565369
Sample 1,Chronos,0.49605709314346313
Sample 2,Chronos,0.5019221305847168
Sample 2,TimesFM,0.4980778396129608
Sample 3,TimesFM,0.5098550319671631
Sample 3,Timer,0.4901449680328369
Sample 4,Moirai,0.5093998312950134
Sample 4,Chronos,0.49060019850730896
Sample 5,TimesFM,0.5030484199523926
Sample 5,Time-MoE,0.49695155024528503
Sample 6,Moirai,0.5070980191230774
Sample 6,TimesFM,0.4929019510746002
Sample 7,Moirai,0.5889753699302673
Sample 7,Time-MoE,0.4110245704650879
Sample 8,Moirai,0.707639217376709
Sample 8,Time-MoE,0.29236075282096863
Sample 9,TimesFM,0.5044880509376526
Sample 9,Timer,0.4955119788646698
Sample 10,Moirai,0.5242435336112976
Sample 10,Time-MoE,0.47575652599334717
Sample 11,Moirai,0.5854727625846863
Sample 11,TimesFM,0.41452720761299133
Sample 12,Chronos,0.51857590675354
Sample 12,Timer,0.48142409324645996
Sample 13,TimesFM,0.500041127204895
Sample 13,Moirai,0.49995890259742737
Sample 14,Chronos,0.5016136169433594
Sample 14,TimesFM,0.4983863830566406
Sample 15,Time-MoE,0.5046117305755615
Sample 15,Timer,0.4953882396221161
Sample 16,Moirai,0.6684606671333313
Sample 16,TimesFM,0.3315393328666687
Sample 17,TimesFM,0.5036109685897827
Sample 17,Chronos,0.4963890314102173
Sample 18,Moirai,0.5136430263519287
Sample 18,Time-MoE,0.4863570034503937
Sample 19,TimesFM,0.5116027593612671
Sample 19,Timer,0.4883972108364105
Sample 20,Chronos,0.5020661354064941
Sample 20,Timer,0.49793386459350586
Sample 21,TimesFM,0.5113421678543091
Sample 21,Chronos,0.48865780234336853
Sample 22,TimesFM,0.5004423260688782
Sample 22,Chronos,0.4995576739311218
Sample 23,Moirai,0.5218003392219543
Sample 23,Time-MoE,0.47819972038269043
Sample 24,Moirai,0.7547644972801208
Sample 24,Time-MoE,0.24523553252220154
Sample 25,TimesFM,0.5028224587440491
Sample 25,Chronos,0.4971775710582733
Sample 26,Moirai,0.5251696109771729
Sample 26,Time-MoE,0.47483035922050476
Sample 27,TimesFM,0.511879026889801
Sample 27,Timer,0.488120973110199
Sample 28,Moirai,0.5646247267723083
Sample 28,Chronos,0.43537527322769165
Sample 29,Time-MoE,0.5041705965995789
Sample 29,Timer,0.49582937359809875
Sample 30,Chronos,0.5002111196517944
Sample 30,Time-MoE,0.4997888207435608
Sample 31,Moirai,0.613402247428894
Sample 31,Time-MoE,0.38659781217575073
Sample 0,Moirai,0.7309207320213318
Sample 0,Chronos,0.26907920837402344
Sample 1,TimesFM,0.5032110810279846
Sample 1,Chronos,0.496788889169693
Sample 2,Time-MoE,0.5050743818283081
Sample 2,Chronos,0.4949256181716919
Sample 3,TimesFM,0.5086946487426758
Sample 3,Timer,0.4913053810596466
Sample 4,Moirai,0.5116997957229614
Sample 4,Chronos,0.4883001744747162
Sample 5,TimesFM,0.5030645728111267
Sample 5,Time-MoE,0.4969354271888733
Sample 6,Moirai,0.5111175775527954
Sample 6,Chronos,0.4888823926448822
Sample 7,Moirai,0.5574836134910583
Sample 7,Time-MoE,0.44251638650894165
Sample 8,Moirai,0.7175769209861755
Sample 8,TimesFM,0.28242310881614685
Sample 9,Moirai,0.5016009211540222
Sample 9,TimesFM,0.4983990788459778
Sample 10,Moirai,0.5335131883621216
Sample 10,Chronos,0.4664868116378784
Sample 11,Moirai,0.5130789279937744
Sample 11,TimesFM,0.4869210422039032
Sample 12,Time-MoE,0.5000537037849426
Sample 12,Timer,0.49994632601737976
Sample 13,TimesFM,0.5076848268508911
Sample 13,Timer,0.4923152029514313
Sample 14,Chronos,0.5022466778755188
Sample 14,TimesFM,0.4977533221244812
Sample 15,Moirai,0.5595318078994751
Sample 15,Time-MoE,0.4404681622982025
Sample 16,Moirai,0.7080886960029602
Sample 16,Chronos,0.2919113039970398
Sample 17,Moirai,0.5105975270271301
Sample 17,TimesFM,0.4894024431705475
Sample 18,Moirai,0.5819501876831055
Sample 18,Chronos,0.4180498421192169
Sample 19,TimesFM,0.5055332779884338
Sample 19,Chronos,0.49446675181388855
Sample 20,TimesFM,0.5012200474739075
Sample 20,Time-MoE,0.49877995252609253
Sample 21,TimesFM,0.5070853233337402
Sample 21,Moirai,0.49291467666625977
Sample 22,Chronos,0.5044015645980835
Sample 22,Time-MoE,0.4955984055995941
Sample 23,Moirai,0.5803641676902771
Sample 23,Timer,0.4196358621120453
Sample 24,Moirai,0.7021245956420898
Sample 24,TimesFM,0.29787546396255493
Sample 25,TimesFM,0.5065615773200989
Sample 25,Timer,0.49343839287757874
Sample 26,Moirai,0.5130096673965454
Sample 26,Time-MoE,0.4869903028011322
Sample 27,TimesFM,0.5047304034233093
Sample 27,Chronos,0.4952695667743683
Sample 28,Time-MoE,0.5034983158111572
Sample 28,Timer,0.49650171399116516
Sample 29,TimesFM,0.508420467376709
Sample 29,Chronos,0.491579532623291
Sample 30,Moirai,0.5185103416442871
Sample 30,Chronos,0.4814895987510681
Sample 31,Time-MoE,0.5019954442977905
Sample 31,Timer,0.4980045258998871
Sample 0,Moirai,0.6149775981903076
Sample 0,TimesFM,0.38502243161201477
Sample 1,TimesFM,0.5037533640861511
Sample 1,Chronos,0.4962466359138489
Sample 2,Time-MoE,0.5080116391181946
Sample 2,Chronos,0.4919883608818054
Sample 3,TimesFM,0.5083208680152893
Sample 3,Timer,0.4916791319847107
Sample 4,Chronos,0.5031657218933105
Sample 4,Timer,0.49683430790901184
Sample 5,TimesFM,0.5078744292259216
Sample 5,Chronos,0.49212557077407837
Sample 6,TimesFM,0.5027076601982117
Sample 6,Chronos,0.4972923696041107
Sample 7,Moirai,0.541621208190918
Sample 7,Time-MoE,0.45837873220443726
Sample 8,Moirai,0.7617648839950562
Sample 8,Chronos,0.23823508620262146
Sample 9,TimesFM,0.502942681312561
Sample 9,Moirai,0.4970572888851166
Sample 10,Time-MoE,0.5082282423973083
Sample 10,Timer,0.49177172780036926
Sample 11,TimesFM,0.5091299414634705
Sample 11,Timer,0.49087005853652954
Sample 12,Chronos,0.5107705593109131
Sample 12,Moirai,0.48922938108444214
Sample 13,TimesFM,0.5050078630447388
Sample 13,Chronos,0.4949921667575836
Sample 14,Time-MoE,0.5006647706031799
Sample 14,TimesFM,0.4993351995944977
Sample 15,Moirai,0.5804219841957092
Sample 15,Time-MoE,0.41957804560661316
